# 1bin_value	2data_points	3sqrt(data_points)	4W	5W_err	6e+	7e+_err	8eX 9eX_err	10e++ 	11e++_err		12eXX	13eXX_err		14e+X	15e+X_err 	16theta          17theta_err       17num_den	18num_err 19LS_err     20wt_num     21wt_num_err  22r_low   23r_high 24sig_crit
0.117769	816	0	202.879	7.59893	0	0	0	0	0	0	0	0	0	0	-1372.89	91006.3	0	0        0   833      0      0.1    0.135538    0
0.159622	1547	0	210.782	5.76259	0	0	0	0	0	0	0	0	0	0	-1401.04	168506	0	0        0   1590      0      0.135538    0.183706    0
0.216349	2699	0	195.289	4.00922	0	0	0	0	0	0	0	0	0	0	-1309.53	294497	0	0        0   2762      0      0.183706    0.248992    0
0.293236	4906	0	198.784	3.02987	0	0	0	0	0	0	0	0	0	0	-1328.09	530407	0	0        0   5022      0      0.248992    0.33748    0
0.397447	9052	0	200.431	2.25096	0	0	0	0	0	0	0	0	0	0	-1343.15	982972	0	0        0   9271      0      0.33748    0.457415    0
0.538693	16538	0	201.945	1.67925	0	0	0	0	0	0	0	0	0	0	-1349.35	1.78959e+06	0	0        0   16969      0      0.457415    0.619972    0
0.730136	30118	0	199.155	1.22512	0	0	0	0	0	0	0	0	0	0	-1334.26	3.26333e+06	0	0        0   30822      0      0.619972    0.8403    0
0.989614	55273	0	200.392	0.910967	0	0	0	0	0	0	0	0	0	0	-1342.47	5.9985e+06	0	0        0   56612      0      0.8403    1.13893    0
1.34131	101184	0	200.198	0.672075	0	0	0	0	0	0	0	0	0	0	-1340.36	1.09609e+07	0	0        0   103638      0      1.13893    1.54368    0
1.81798	184806	0	199.965	0.496619	0	0	0	0	0	0	0	0	0	0	-1339.8	2.00271e+07	0	0        0   189203      0      1.54368    2.09228    0
2.46406	337499	0	200.076	0.367848	0	0	0	0	0	0	0	0	0	0	-1339.57	3.65332e+07	0	0        0   345498      0      2.09228    2.83584    0
3.33975	616324	0	199.826	0.271845	0	0	0	0	0	0	0	0	0	0	-1338.83	6.67914e+07	0	0        0   630908      0      2.83584    3.84365    0
4.52664	1128572	0	200.14	0.201232	0	0	0	0	0	0	0	0	0	0	-1340.74	1.22323e+08	0	0        0   1.1553e+06      0      3.84365    5.20962    0
6.13533	2060257	0	199.729	0.148639	0	0	0	0	0	0	0	0	0	0	-1338.55	2.23476e+08	0	0        0   2.10865e+06      0      5.20962    7.06103    0
8.31572	3756412	0	199.724	0.110103	0	0	0	0	0	0	0	0	0	0	-1337.82	4.0736e+08	0	0        0   3.84566e+06      0      7.06103    9.5704    0
11.271	6833339	0	199.627	0.081613	0	0	0	0	0	0	0	0	0	0	-1337.14	7.41341e+08	0	0        0   6.99583e+06      0      9.5704    12.9716    0
15.2765	12428242	0	199.681	0.0605508	0	0	0	0	0	0	0	0	0	0	-1337.49	1.34904e+09	0	0        0   1.27232e+07      0      12.9716    17.5814    0
20.7055	22532837	0	199.776	0.0450051	0	0	0	0	0	0	0	0	0	0	-1338.27	2.44752e+09	0	0        0   2.3066e+07      0      17.5814    23.8296    0
28.0639	40663955	0	199.665	0.0334969	0	0	0	0	0	0	0	0	0	0	-1337.54	4.42063e+09	0	0        0   4.16244e+07      0      23.8296    32.2982    0
38.0373	73072403	0	199.696	0.0250089	0	0	0	0	0	0	0	0	0	0	-1337.7	7.95413e+09	0	0        0   7.47983e+07      0      32.2982    43.7764    0
51.5551	130482227	0	199.84	0.0187461	0	0	0	0	0	0	0	0	0	0	-1338.52	1.42249e+10	0	0        0   1.33563e+08      0      43.7764    59.3338    0
69.8769	230677042	0	199.841	0.0141161	0	0	0	0	0	0	0	0	0	0	-1338.24	2.51964e+10	0	0        0   2.3613e+08      0      59.3338    80.42    0
94.7099	402780633	0	199.91	0.0107014	0	0	0	0	0	0	0	0	0	0	-1338.57	4.41044e+10	0	0        0   4.1231e+08      0      80.42    109    0
