# 1bin_value	2data_points	3sqrt(data_points)	4W	5W_err	6e+	7e+_err	8eX 9eX_err	10e++ 	11e++_err		12eXX	13eXX_err		14e+X	15e+X_err 	16theta          17theta_err       17num_den	18num_err 19LS_err     20wt_num     21wt_num_err  22r_low   23r_high 24sig_crit
0.117769	8266	0	200	0	0	0	0	0	0	0	0	0	0	0	0	0	0	0        0   8266      0      0.1    0.135538    0
0.159622	14862	0	200	0	0	0	0	0	0	0	0	0	0	0	0	0	0	0        0   14862      0      0.135538    0.183706    0
0.216349	27422	0	200	0	0	0	0	0	0	0	0	0	0	0	0	0	0	0        0   27422      0      0.183706    0.248992    0
0.293236	49740	0	200	0	0	0	0	0	0	0	0	0	0	0	0	0	0	0        0   49740      0      0.248992    0.33748    0
0.397447	90585	0	200	0	0	0	0	0	0	0	0	0	0	0	0	0	0	0        0   90585      0      0.33748    0.457415    0
0.538693	166318	0	200	0	0	0	0	0	0	0	0	0	0	0	0	0	0	0        0   166318      0      0.457415    0.619972    0
0.730136	304790	0	200	0	0	0	0	0	0	0	0	0	0	0	0	0	0	0        0   304790      0      0.619972    0.8403    0
0.989614	557715	0	200	0	0	0	0	0	0	0	0	0	0	0	0	0	0	0        0   557715      0      0.8403    1.13893    0
1.34131	1019493	0	200	0	0	0	0	0	0	0	0	0	0	0	0	0	0	0        0   1.01949e+06      0      1.13893    1.54368    0
1.81798	1864014	0	200	0	0	0	0	0	0	0	0	0	0	0	0	0	0	0        0   1.86401e+06      0      1.54368    2.09228    0
2.46406	3402299	0	200	0	0	0	0	0	0	0	0	0	0	0	0	0	0	0        0   3.4023e+06      0      2.09228    2.83584    0
3.33975	6213079	0	200	0	0	0	0	0	0	0	0	0	0	0	0	0	0	0        0   6.21308e+06      0      2.83584    3.84365    0
4.52664	11363936	0	200	0	0	0	0	0	0	0	0	0	0	0	0	0	0	0        0   1.13639e+07      0      3.84365    5.20962    0
6.13533	20781547	0	200	0	0	0	0	0	0	0	0	0	0	0	0	0	0	0        0   2.07815e+07      0      5.20962    7.06103    0
8.31572	37929939	0	200	0	0	0	0	0	0	0	0	0	0	0	0	0	0	0        0   3.79299e+07      0      7.06103    9.5704    0
11.271	69043597	0	200	0	0	0	0	0	0	0	0	0	0	0	0	0	0	0        0   6.90436e+07      0      9.5704    12.9716    0
15.2765	125570395	0	200	0	0	0	0	0	0	0	0	0	0	0	0	0	0	0        0   1.2557e+08      0      12.9716    17.5814    0
20.7055	227637506	0	200	0	0	0	0	0	0	0	0	0	0	0	0	0	0	0        0   2.27638e+08      0      17.5814    23.8296    0
28.0639	411261716	0	200	0	0	0	0	0	0	0	0	0	0	0	0	0	0	0        0   4.11262e+08      0      23.8296    32.2982    0
38.0373	739415660	0	200	0	0	0	0	0	0	0	0	0	0	0	0	0	0	0        0   7.39416e+08      0      32.2982    43.7764    0
51.5551	1321142725	0	200	0	0	0	0	0	0	0	0	0	0	0	0	0	0	0        0   1.32114e+09      0      43.7764    59.3338    0
69.8769	2339017935	0	200	0	0	0	0	0	0	0	0	0	0	0	0	0	0	0        0   2.33902e+09      0      59.3338    80.42    0
94.7099	4089116260	0	200	0	0	0	0	0	0	0	0	0	0	0	0	0	0	0        0   4.08912e+09      0      80.42    109    0
