# 1bin_value	2data_points	3sqrt(data_points)	4W	5W_err	6e+	7e+_err	8eX 9eX_err	10e++ 	11e++_err		12eXX	13eXX_err		14e+X	15e+X_err 	16theta          17theta_err       17num_den	18num_err 19LS_err     20wt_num     21wt_num_err  22r_low   23r_high 24sig_crit
0.117769	812	0	195.742	7.25305	0.729875	0.899532	-1.10789	0.963779	0	0	0	0	0	0	-55682.9	16.7693	0	0        0   812      0      0.1    0.135538    0
0.159622	1507	0	201.61	5.49159	-0.0943274	0.68569	0.657258	0.661806	0	0	0	0	0	0	-103050	12.9791	0	0        0   1507      0      0.135538    0.183706    0
0.216349	2859	0	206.546	4.0869	-0.652094	0.528462	-1.11587	0.518277	0	0	0	0	0	0	-196224	9.74459	0	0        0   2859      0      0.183706    0.248992    0
0.293236	5131	0	202.92	2.98982	-0.184432	0.380543	-0.586248	0.38142	0	0	0	0	0	0	-351488	7.03189	0	0        0   5131      0      0.248992    0.33748    0
0.397447	9045	0	196.824	2.18382	-0.25689	0.276373	0.347804	0.273915	0	0	0	0	0	0	-620792	5.10004	0	0        0   9045      0      0.33748    0.457415    0
0.538693	16730	0	198.558	1.61999	0.256227	0.20562	-0.189399	0.206124	0	0	0	0	0	0	-1.14851e+06	3.79015	0	0        0   16730      0      0.457415    0.619972    0
0.730136	30851	0	199.923	1.20167	-0.161487	0.153488	-0.056918	0.155144	0	0	0	0	0	0	-2.11548e+06	2.82413	0	0        0   30851      0      0.619972    0.8403    0
0.989614	56434	0	200.484	0.891098	0.0571175	0.112956	0.150788	0.113642	0	0	0	0	0	0	-3.87104e+06	2.09487	0	0        0   56434      0      0.8403    1.13893    0
1.34131	103335	0	200.188	0.657488	0.0406538	0.0834657	-0.0260971	0.083593	0	0	0	0	0	0	-7.08735e+06	1.54424	0	0        0   103335      0      1.13893    1.54368    0
1.81798	189079	0	200.454	0.486699	0.0659573	0.0622106	0.102896	0.0620458	0	0	0	0	0	0	-1.29672e+07	1.14323	0	0        0   189079      0      1.54368    2.09228    0
2.46406	345898	0	201.118	0.361062	-0.0331443	0.0460717	-0.0260371	0.0460153	0	0	0	0	0	0	-2.37268e+07	0.848902	0	0        0   345898      0      2.09228    2.83584    0
3.33975	631760	0	200.995	0.267046	0.00163998	0.0340844	0.0128263	0.0341243	0	0	0	0	0	0	-4.3329e+07	0.628221	0	0        0   631760      0      2.83584    3.84365    0
4.52664	1156784	0	201.117	0.197452	0.0127761	0.0252044	0.014931	0.0251534	0	0	0	0	0	0	-7.93351e+07	0.464164	0	0        0   1.15678e+06      0      3.84365    5.20962    0
6.13533	2114518	0	200.995	0.145946	0.00389173	0.0186309	-0.0047564	0.0186181	0	0	0	0	0	0	-1.45017e+08	0.342902	0	0        0   2.11452e+06      0      5.20962    7.06103    0
8.31572	3863438	0	201.283	0.10813	0.0119307	0.0137947	0.0143882	0.0137825	0	0	0	0	0	0	-2.64923e+08	0.254159	0	0        0   3.86344e+06      0      7.06103    9.5704    0
11.271	7046629	0	201.562	0.0801695	-0.0091942	0.0102257	0.0157387	0.0102234	0	0	0	0	0	0	-4.83237e+08	0.18835	0	0        0   7.04663e+06      0      9.5704    12.9716    0
15.2765	12816072	0	201.52	0.0594285	-0.015933	0.00758026	0.00572952	0.007577	0	0	0	0	0	0	-8.78819e+08	0.139506	0	0        0   1.28161e+07      0      12.9716    17.5814    0
20.7055	23243879	0	201.601	0.0441454	-0.0131948	0.00563079	-0.0120862	0.00562867	0	0	0	0	0	0	-1.59389e+09	0.103606	0	0        0   2.32439e+07      0      17.5814    23.8296    0
28.0639	42050829	0	201.834	0.0328589	-0.0171424	0.00418871	-0.00626919	0.00418873	0	0	0	0	0	0	-2.88341e+09	0.0771029	0	0        0   4.20508e+07      0      23.8296    32.2982    0
38.0373	75652939	0	201.901	0.0245062	-0.0126359	0.00312384	0.000521197	0.00312297	0	0	0	0	0	0	-5.18685e+09	0.0574888	0	0        0   7.56529e+07      0      32.2982    43.7764    0
51.5551	135244609	0	201.971	0.0183372	-0.0129288	0.0023363	0.00763886	0.00233594	0	0	0	0	0	0	-9.27158e+09	0.0430361	0	0        0   1.35245e+08      0      43.7764    59.3338    0
69.8769	239599999	0	202.03	0.0137854	-0.00619869	0.0017555	0.00562185	0.00175529	0	0	0	0	0	0	-1.6423e+10	0.0324146	0	0        0   2.396e+08      0      59.3338    80.42    0
94.7099	419465204	0	202.2	0.0104342	-0.00318548	0.00132791	0.00893612	0.0013277	0	0	0	0	0	0	-2.87474e+10	0.0246335	0	0        0   4.19465e+08      0      80.42    109    0
