# 1bin_value	2data_points	3sqrt(data_points)	4W	5W_err	6e+	7e+_err	8eX 9eX_err	10e++ 	11e++_err		12eXX	13eXX_err		14e+X	15e+X_err 	16theta          17theta_err       17num_den	18num_err 19LS_err     20wt_num     21wt_num_err  22r_low   23r_high 24sig_crit
0.117769	857	0	204.808	7.49492	0	0	0	0	0	0	0	0	0	0	-1362.86	93571.6	0	0        0   881      0      0.1    0.135538    0
0.159622	1570	0	204.43	5.53617	0	0	0	0	0	0	0	0	0	0	-1366.39	171819	0	0        0   1612      0      0.135538    0.183706    0
0.216349	2751	0	197.676	4.00973	0	0	0	0	0	0	0	0	0	0	-1332.19	299000	0	0        0   2804      0      0.183706    0.248992    0
0.293236	5128	0	201.087	3.00573	0	0	0	0	0	0	0	0	0	0	-1349.98	560932	0	0        0   5260      0      0.248992    0.33748    0
0.397447	9203	0	198.915	2.21514	0	0	0	0	0	0	0	0	0	0	-1332.03	995852	0	0        0   9418      0      0.33748    0.457415    0
0.538693	17174	0	202.159	1.64509	0	0	0	0	0	0	0	0	0	0	-1355.57	1.85731e+06	0	0        0   17558      0      0.457415    0.619972    0
0.730136	30845	0	199.084	1.21053	0	0	0	0	0	0	0	0	0	0	-1330.73	3.33251e+06	0	0        0   31622      0      0.619972    0.8403    0
0.989614	56564	0	200.034	0.897838	0	0	0	0	0	0	0	0	0	0	-1340.28	6.12293e+06	0	0        0   57913      0      0.8403    1.13893    0
1.34131	104340	0	201.064	0.664043	0	0	0	0	0	0	0	0	0	0	-1347.66	1.12778e+07	0	0        0   106753      0      1.13893    1.54368    0
1.81798	189445	0	200.105	0.490631	0	0	0	0	0	0	0	0	0	0	-1340.49	2.0497e+07	0	0        0   193993      0      1.54368    2.09228    0
2.46406	345601	0	199.78	0.362628	0	0	0	0	0	0	0	0	0	0	-1338.08	3.73918e+07	0	0        0   353959      0      2.09228    2.83584    0
3.33975	632354	0	199.884	0.268211	0	0	0	0	0	0	0	0	0	0	-1338.97	6.84011e+07	0	0        0   647480      0      2.83584    3.84365    0
4.52664	1155210	0	199.889	0.198415	0	0	0	0	0	0	0	0	0	0	-1339.06	1.24936e+08	0	0        0   1.18271e+06      0      3.84365    5.20962    0
6.13533	2111271	0	199.67	0.146621	0	0	0	0	0	0	0	0	0	0	-1338.03	2.28491e+08	0	0        0   2.16119e+06      0      5.20962    7.06103    0
8.31572	3853394	0	199.659	0.108529	0	0	0	0	0	0	0	0	0	0	-1337.55	4.16824e+08	0	0        0   3.94487e+06      0      7.06103    9.5704    0
11.271	7022113	0	199.878	0.0804921	0	0	0	0	0	0	0	0	0	0	-1339.01	7.59557e+08	0	0        0   7.18861e+06      0      9.5704    12.9716    0
15.2765	12758958	0	199.69	0.0596606	0	0	0	0	0	0	0	0	0	0	-1337.65	1.38003e+09	0	0        0   1.30611e+07      0      12.9716    17.5814    0
20.7055	23120597	0	199.605	0.0443063	0	0	0	0	0	0	0	0	0	0	-1337.22	2.50196e+09	0	0        0   2.36689e+07      0      17.5814    23.8296    0
28.0639	41791224	0	199.695	0.032975	0	0	0	0	0	0	0	0	0	0	-1337.84	4.5234e+09	0	0        0   4.2779e+07      0      23.8296    32.2982    0
38.0373	75121384	0	199.636	0.0245926	0	0	0	0	0	0	0	0	0	0	-1337.44	8.13342e+09	0	0        0   7.68921e+07      0      32.2982    43.7764    0
51.5551	134236697	0	199.73	0.0184116	0	0	0	0	0	0	0	0	0	0	-1337.9	1.45373e+10	0	0        0   1.37406e+08      0      43.7764    59.3338    0
69.8769	237723555	0	199.828	0.013848	0	0	0	0	0	0	0	0	0	0	-1338.47	2.57564e+10	0	0        0   2.43328e+08      0      59.3338    80.42    0
94.7099	415497000	0	199.882	0.010484	0	0	0	0	0	0	0	0	0	0	-1338.63	4.50527e+10	0	0        0   4.25302e+08      0      80.42    109    0
