# 1bin_value	2data_points	3sqrt(data_points)	4W	5W_err	6e+	7e+_err	8eX 9eX_err	10e++ 	11e++_err		12eXX	13eXX_err		14e+X	15e+X_err 	16theta          17theta_err       17num_den	18num_err 19LS_err     20wt_num     21wt_num_err  22r_low   23r_high 24sig_crit
0.117769	7528	0	200	0	0	0	0	0	0	0	0	0	0	0	0	0	0	0        0   7528      0      0.1    0.135538    0
0.159622	13428	0	200	0	0	0	0	0	0	0	0	0	0	0	0	0	0	0        0   13428      0      0.135538    0.183706    0
0.216349	24993	0	200	0	0	0	0	0	0	0	0	0	0	0	0	0	0	0        0   24993      0      0.183706    0.248992    0
0.293236	44798	0	200	0	0	0	0	0	0	0	0	0	0	0	0	0	0	0        0   44798      0      0.248992    0.33748    0
0.397447	82515	0	200	0	0	0	0	0	0	0	0	0	0	0	0	0	0	0        0   82515      0      0.33748    0.457415    0
0.538693	150478	0	200	0	0	0	0	0	0	0	0	0	0	0	0	0	0	0        0   150478      0      0.457415    0.619972    0
0.730136	275948	0	200	0	0	0	0	0	0	0	0	0	0	0	0	0	0	0        0   275948      0      0.619972    0.8403    0
0.989614	503482	0	200	0	0	0	0	0	0	0	0	0	0	0	0	0	0	0        0   503482      0      0.8403    1.13893    0
1.34131	921562	0	200	0	0	0	0	0	0	0	0	0	0	0	0	0	0	0        0   921562      0      1.13893    1.54368    0
1.81798	1682250	0	200	0	0	0	0	0	0	0	0	0	0	0	0	0	0	0        0   1.68225e+06      0      1.54368    2.09228    0
2.46406	3080654	0	200	0	0	0	0	0	0	0	0	0	0	0	0	0	0	0        0   3.08065e+06      0      2.09228    2.83584    0
3.33975	5620387	0	200	0	0	0	0	0	0	0	0	0	0	0	0	0	0	0        0   5.62039e+06      0      2.83584    3.84365    0
4.52664	10287071	0	200	0	0	0	0	0	0	0	0	0	0	0	0	0	0	0        0   1.02871e+07      0      3.84365    5.20962    0
6.13533	18804327	0	200	0	0	0	0	0	0	0	0	0	0	0	0	0	0	0        0   1.88043e+07      0      5.20962    7.06103    0
8.31572	34306109	0	200	0	0	0	0	0	0	0	0	0	0	0	0	0	0	0        0   3.43061e+07      0      7.06103    9.5704    0
11.271	62443703	0	200	0	0	0	0	0	0	0	0	0	0	0	0	0	0	0        0   6.24437e+07      0      9.5704    12.9716    0
15.2765	113578775	0	200	0	0	0	0	0	0	0	0	0	0	0	0	0	0	0        0   1.13579e+08      0      12.9716    17.5814    0
20.7055	205810132	0	200	0	0	0	0	0	0	0	0	0	0	0	0	0	0	0        0   2.0581e+08      0      17.5814    23.8296    0
28.0639	371731600	0	200	0	0	0	0	0	0	0	0	0	0	0	0	0	0	0        0   3.71732e+08      0      23.8296    32.2982    0
38.0373	667957712	0	200	0	0	0	0	0	0	0	0	0	0	0	0	0	0	0        0   6.67958e+08      0      32.2982    43.7764    0
51.5551	1192753208	0	200	0	0	0	0	0	0	0	0	0	0	0	0	0	0	0        0   1.19275e+09      0      43.7764    59.3338    0
69.8769	2111009313	0	200	0	0	0	0	0	0	0	0	0	0	0	0	0	0	0        0   2.11101e+09      0      59.3338    80.42    0
94.7099	3689499819	0	200	0	0	0	0	0	0	0	0	0	0	0	0	0	0	0        0   3.6895e+09      0      80.42    109    0
