# 1bin_value	2data_points	3sqrt(data_points)	4W	5W_err	6e+	7e+_err	8eX 9eX_err	10e++ 	11e++_err		12eXX	13eXX_err		14e+X	15e+X_err 	16theta          17theta_err       17num_den	18num_err 19LS_err     20wt_num     21wt_num_err  22r_low   23r_high 24sig_crit
0.117769	782	0	1900.52	88.364	25.7331	8.00533	-7.14275	7.44649	0	0	0	0	0	0	-53307.3	371.949	0	0        0   804      0      0.1    0.135538    0
0.159622	1040	0	1335.02	49.7611	26.4922	5.23282	2.14318	5.25503	0	0	0	0	0	0	-70985.7	178.994	0	0        0   1075      0      0.135538    0.183706    0
0.216349	1483	0	1043.58	31.5101	10.391	3.40388	-8.70903	3.39484	0	0	0	0	0	0	-102664	104.386	0	0        0   1534      0      0.183706    0.248992    0
0.293236	2462	0	955.015	21.9873	12.2589	2.5733	-4.62935	2.4233	0	0	0	0	0	0	-169560	68.8954	0	0        0   2539      0      0.248992    0.33748    0
0.397447	3741	0	793.023	14.3135	8.48041	1.68911	0.273464	1.62884	0	0	0	0	0	0	-257802	38.6963	0	0        0   3846      0      0.33748    0.457415    0
0.538693	4936	0	580.603	8.87521	4.42886	1.09159	-0.430244	1.10294	0	0	0	0	0	0	-338184	20.3882	0	0        0   5078      0      0.457415    0.619972    0
0.730136	6990	0	449.066	5.65818	1.83022	0.710721	-0.923308	0.700733	0	0	0	0	0	0	-479089	11.2764	0	0        0   7161      0      0.619972    0.8403    0
0.989614	10863	0	383.784	3.83987	1.34218	0.483616	0.0210529	0.493601	0	0	0	0	0	0	-745172	6.8177	0	0        0   11133      0      0.8403    1.13893    0
1.34131	17364	0	336.042	2.63963	0.308867	0.335146	0.236314	0.340054	0	0	0	0	0	0	-1.19239e+06	4.20888	0	0        0   17780      0      1.13893    1.54368    0
1.81798	28635	0	303.041	1.84738	0.519042	0.238226	0.110075	0.23424	0	0	0	0	0	0	-1.96465e+06	2.83989	0	0        0   29250      0      1.54368    2.09228    0
2.46406	49202	0	286.311	1.32977	0.671115	0.17023	-0.144762	0.170681	0	0	0	0	0	0	-3.37879e+06	1.98355	0	0        0   50303      0      2.09228    2.83584    0
3.33975	84075	0	268.213	0.95084	0.57993	0.12208	0.0683512	0.12225	0	0	0	0	0	0	-5.76863e+06	1.35957	0	0        0   85936      0      2.83584    3.84365    0
4.52664	144620	0	252.902	0.682804	0.428479	0.0878444	-0.0762406	0.0879256	0	0	0	0	0	0	-9.92779e+06	0.951264	0	0        0   147833      0      3.84365    5.20962    0
6.13533	252765	0	242.1	0.493578	0.2081	0.063495	-0.0112476	0.0635689	0	0	0	0	0	0	-1.73469e+07	0.670498	0	0        0   258265      0      5.20962    7.06103    0
8.31572	441807	0	232.405	0.358293	0.345825	0.0462146	0.0602091	0.0462027	0	0	0	0	0	0	-3.02977e+07	0.483745	0	0        0   451303      0      7.06103    9.5704    0
11.271	773144	0	223.832	0.260746	0.164934	0.0337304	-0.0166201	0.0337277	0	0	0	0	0	0	-5.30375e+07	0.349019	0	0        0   789778      0      9.5704    12.9716    0
15.2765	1365357	0	217.654	0.190737	0.108509	0.0246605	0.00836072	0.0246638	0	0	0	0	0	0	-9.36558e+07	0.253783	0	0        0   1.39467e+06      0      12.9716    17.5814    0
20.7055	2413486	0	212.527	0.140087	0.164199	0.0181336	0.00630617	0.0181154	0	0	0	0	0	0	-1.65467e+08	0.186546	0	0        0   2.46505e+06      0      17.5814    23.8296    0
28.0639	4283038	0	209.007	0.103427	0.121058	0.0133955	-0.00850952	0.0133781	0	0	0	0	0	0	-2.93689e+08	0.137861	0	0        0   4.37477e+06      0      23.8296    32.2982    0
38.0373	7586596	0	206.052	0.0766187	0.108947	0.0099135	0.000181836	0.00989849	0	0	0	0	0	0	-5.20035e+08	0.102316	0	0        0   7.74895e+06      0      32.2982    43.7764    0
51.5551	13400258	0	203.795	0.0570322	0.070898	0.00737379	0.0389411	0.0073731	0	0	0	0	0	0	-9.18394e+08	0.0766818	0	0        0   1.36867e+07      0      43.7764    59.3338    0
69.8769	23575683	0	202.467	0.0427288	0.0445716	0.00552418	0.00224134	0.00552319	0	0	0	0	0	0	-1.61549e+09	0.0577939	0	0        0   2.40789e+07      0      59.3338    80.42    0
94.7099	41152547	0	202.003	0.032274	0.0551021	0.00417614	0.0125169	0.0041736	0	0	0	0	0	0	-2.81928e+09	0.0439236	0	0        0   4.20329e+07      0      80.42    109    0
