# 1bin_value	2data_points	3sqrt(data_points)	4W	5W_err	6e+	7e+_err	8eX 9eX_err	10e++ 	11e++_err		12eXX	13eXX_err		14e+X	15e+X_err 	16theta          17theta_err       17num_den	18num_err 19LS_err     20wt_num     21wt_num_err  22r_low   23r_high 24sig_crit
0.117769	812	0	196.046	7.26663	0.605243	0.90144	-0.952409	0.965324	0	0	0	0	0	0	-55637.3	16.9339	0	0        0   812      0      0.1    0.135538    0
0.159622	1512	0	202.964	5.51376	-0.147176	0.687963	0.531049	0.66474	0	0	0	0	0	0	-103404	12.9111	0	0        0   1512      0      0.135538    0.183706    0
0.216349	2861	0	207.094	4.09626	-0.68428	0.529719	-1.0438	0.519429	0	0	0	0	0	0	-196434	9.73919	0	0        0   2861      0      0.183706    0.248992    0
0.293236	5113	0	202.313	2.99068	-0.134596	0.380662	-0.530186	0.381629	0	0	0	0	0	0	-350349	7.1023	0	0        0   5113      0      0.248992    0.33748    0
0.397447	9044	0	196.92	2.18543	-0.18611	0.276587	0.334604	0.274124	0	0	0	0	0	0	-620920	5.09795	0	0        0   9044      0      0.33748    0.457415    0
0.538693	16729	0	198.756	1.62189	0.232068	0.205853	-0.183148	0.206348	0	0	0	0	0	0	-1.1483e+06	3.80191	0	0        0   16729      0      0.457415    0.619972    0
0.730136	30860	0	200.179	1.20303	-0.125021	0.153641	-0.0476789	0.155299	0	0	0	0	0	0	-2.11603e+06	2.82762	0	0        0   30860      0      0.619972    0.8403    0
0.989614	56451	0	200.733	0.892053	0.0973411	0.113066	0.141242	0.113751	0	0	0	0	0	0	-3.87246e+06	2.09581	0	0        0   56451      0      0.8403    1.13893    0
1.34131	103352	0	200.405	0.658169	0.0316837	0.0835438	-0.0358615	0.0836716	0	0	0	0	0	0	-7.08873e+06	1.54576	0	0        0   103352      0      1.13893    1.54368    0
1.81798	189192	0	200.766	0.487233	0.0629819	0.0622701	0.0974949	0.0621045	0	0	0	0	0	0	-1.29746e+07	1.14331	0	0        0   189192      0      1.54368    2.09228    0
2.46406	345918	0	201.324	0.361448	-0.0352268	0.0461165	-0.0238791	0.0460603	0	0	0	0	0	0	-2.37293e+07	0.850027	0	0        0   345918      0      2.09228    2.83584    0
3.33975	632058	0	201.301	0.267364	9.54093e-05	0.0341203	0.0184633	0.0341602	0	0	0	0	0	0	-4.33494e+07	0.628511	0	0        0   632058      0      2.83584    3.84365    0
4.52664	1156637	0	201.33	0.197705	0.0115255	0.0252343	0.0240612	0.0251833	0	0	0	0	0	0	-7.93205e+07	0.465508	0	0        0   1.15664e+06      0      3.84365    5.20962    0
6.13533	2113587	0	201.2	0.146173	0.0057349	0.0186581	-0.00723892	0.0186454	0	0	0	0	0	0	-1.44951e+08	0.344304	0	0        0   2.11359e+06      0      5.20962    7.06103    0
8.31572	3860437	0	201.484	0.108333	0.00897763	0.0138192	0.0125589	0.013807	0	0	0	0	0	0	-2.64717e+08	0.255563	0	0        0   3.86044e+06      0      7.06103    9.5704    0
11.271	7036770	0	201.71	0.080346	-0.00962446	0.0102475	0.0165123	0.0102452	0	0	0	0	0	0	-4.82577e+08	0.18982	0	0        0   7.03677e+06      0      9.5704    12.9716    0
15.2765	12790096	0	201.636	0.0595867	-0.0181653	0.00760004	0.00424022	0.00759677	0	0	0	0	0	0	-8.77063e+08	0.140989	0	0        0   1.27901e+07      0      12.9716    17.5814    0
20.7055	23181011	0	201.706	0.0442905	-0.0157555	0.00564902	-0.0130888	0.0056469	0	0	0	0	0	0	-1.58966e+09	0.105025	0	0        0   2.3181e+07      0      17.5814    23.8296    0
28.0639	41891920	0	201.886	0.0329927	-0.0183291	0.00420566	-0.00741984	0.00420569	0	0	0	0	0	0	-2.87266e+09	0.0785181	0	0        0   4.18919e+07      0      23.8296    32.2982    0
38.0373	75267885	0	201.901	0.0246316	-0.0145027	0.00313982	-0.00239855	0.00313896	0	0	0	0	0	0	-5.1607e+09	0.0588836	0	0        0   7.52679e+07      0      32.2982    43.7764    0
51.5551	134349771	0	201.909	0.0184532	-0.0131127	0.00235115	0.00365363	0.00235079	0	0	0	0	0	0	-9.21065e+09	0.0443724	0	0        0   1.3435e+08      0      43.7764    59.3338    0
69.8769	237661905	0	201.918	0.0138894	-0.00906045	0.00176884	0.00251991	0.00176862	0	0	0	0	0	0	-1.6291e+10	0.0336296	0	0        0   2.37662e+08      0      59.3338    80.42    0
94.7099	415748476	0	202.093	0.0105214	-0.00848192	0.00133908	0.00852808	0.00133887	0	0	0	0	0	0	-2.84943e+10	0.0256411	0	0        0   4.15748e+08      0      80.42    109    0
