# 1bin_value	2data_points	3sqrt(data_points)	4W	5W_err	6e+	7e+_err	8eX 9eX_err	10e++ 	11e++_err		12eXX	13eXX_err		14e+X	15e+X_err 	16theta          17theta_err       17num_den	18num_err 19LS_err     20wt_num     21wt_num_err  22r_low   23r_high 24sig_crit
0.117769	739	inf	1794.31	98.4091	18.3295	11.9035	8.02235	11.0368	0	0	0	0	0	0	-11486.6	402.911	0	inf        0   0      0      0.1    0.135538    0
0.159622	1120	23.2115	1355.59	58.6794	27.2431	7.8018	-3.86386	7.5381	0	0	0	0	0	0	-8615.98	212.139	0	23.2115        0   0      0      0.135538    0.183706    0
0.216349	1507	12.9898	1023.38	38.2774	9.71225	5.31356	3.98414	5.37136	0	0	0	0	0	0	-6430.48	125.43	0	12.9898        0   0      0      0.183706    0.248992    0
0.293236	2430	9.05965	851.268	25.2379	7.85943	5.70028	2.36576	4.77712	0	0	0	0	0	0	-5365.67	73.1129	0	9.05965        0   0      0      0.248992    0.33748    0
0.397447	3623	6.44957	660.623	16.5805	5.55575	2.46189	-1.59947	2.50535	0	0	0	0	0	0	-4131.86	42.7876	0	6.44957        0   0      0      0.33748    0.457415    0
0.538693	4849	4.92114	434.038	10.2277	3.20483	1.65262	-3.49165	1.61624	0	0	0	0	0	0	-2708.1	22.252	0	4.92114        0   0      0      0.457415    0.619972    0
0.730136	6967	3.58561	295.561	6.66013	3.58449	1.05333	-0.374962	1.06069	0	0	0	0	0	0	-1847.16	12.5838	0	3.58561        0   0      0      0.619972    0.8403    0
0.989614	10324	2.71741	195.488	4.39564	1.12882	1.14264	-0.260491	0.792134	0	0	0	0	0	0	-1230.41	7.32786	0	2.71741        0   0      0      0.8403    1.13893    0
1.34131	16190	2.03709	141.173	3.02283	1.05984	0.505767	0.284506	0.499615	0	0	0	0	0	0	-880.42	4.66852	0	2.03709        0   0      0      1.13893    1.54368    0
1.81798	26792	1.51831	110.895	2.13505	-0.00674426	0.355382	0.0342906	0.394196	0	0	0	0	0	0	-687.046	3.13284	0	1.51831        0   0      0      1.54368    2.09228    0
2.46406	45602	1.12412	89.7508	1.52126	0.219744	0.32742	0.200533	0.310526	0	0	0	0	0	0	-549.923	2.1771	0	1.12412        0   0      0      2.09228    2.83584    0
3.33975	77965	0.834401	71.0098	1.10157	0.467307	0.194932	-0.182211	0.190936	0	0	0	0	0	0	-427.697	1.51995	0	0.834401        0   0      0      2.83584    3.84365    0
4.52664	134219	0.61918	55.2085	0.794079	0.416408	0.143948	-0.00865462	0.137492	0	0	0	0	0	0	-329.102	1.06917	0	0.61918        0   0      0      3.84365    5.20962    0
6.13533	233769	0.459558	43.6673	0.575047	0.323043	0.100602	-0.277883	0.100836	0	0	0	0	0	0	-252.559	0.770429	0	0.459558        0   0      0      5.20962    7.06103    0
8.31572	407285	0.342313	32.3174	0.416627	0.347904	0.0750084	0.0638382	0.0777598	0	0	0	0	0	0	-180.387	0.551448	0	0.342313        0   0      0      7.06103    9.5704    0
11.271	712836	0.255131	23.9188	0.303998	0.227082	0.0594327	-0.107788	0.060771	0	0	0	0	0	0	-124.716	0.398879	0	0.255131        0   0      0      9.5704    12.9716    0
15.2765	1254352	0.190451	17.0505	0.222586	0.212601	0.0445713	-0.0510767	0.0447486	0	0	0	0	0	0	-80.5765	0.292645	0	0.190451        0   0      0      12.9716    17.5814    0
20.7055	2219466	0.142217	12.0045	0.163851	0.177497	0.0330239	-0.0300939	0.0354538	0	0	0	0	0	0	-48.8187	0.216969	0	0.142217        0   0      0      17.5814    23.8296    0
28.0639	3923303	0.106542	8.17401	0.121028	0.100797	0.023847	-0.0103843	0.0247649	0	0	0	0	0	0	-22.2793	0.161613	0	0.106542        0   0      0      23.8296    32.2982    0
38.0373	6927392	0.0799665	5.13899	0.0897427	0.135233	0.0176015	0.00503276	0.017854	0	0	0	0	0	0	-2.10328	0.121269	0	0.0799665        0   0      0      32.2982    43.7764    0
51.5551	12198641	0.0601834	2.83024	0.0668419	0.124243	0.0133282	-0.0123274	0.012894	0	0	0	0	0	0	12.7012	0.0915982	0	0.0601834        0   0      0      43.7764    59.3338    0
69.8769	21409462	0.0453984	1.67544	0.0501646	0.0531559	0.00976776	0.0223494	0.00963866	0	0	0	0	0	0	19.3331	0.0698235	0	0.0453984        0   0      0      59.3338    80.42    0
94.7099	37210827	0.0344259	0.918586	0.0379489	0.0386214	0.00730138	-0.0117139	0.00738876	0	0	0	0	0	0	23.809	0.0537362	0	0.0344259        0   0      0      80.42    109    0
