# 1bin_value	2data_points	3sqrt(data_points)	4W	5W_err	6e+	7e+_err	8eX 9eX_err	10e++ 	11e++_err		12eXX	13eXX_err		14e+X	15e+X_err 	16theta          17theta_err       17num_den	18num_err 19LS_err     20wt_num     21wt_num_err  22r_low   23r_high 24sig_crit
0.117769	794	0	193.097	7.22316	-0.123336	1.10744	-0.490343	1.11419	0	0	0	0	0	0	-54404.4	16.453	0	0        0   794      0      0.1    0.135538    0
0.159622	1459	0	196.251	5.39654	-0.743184	0.822843	-0.804018	0.809661	0	0	0	0	0	0	-99973.7	12.1189	0	0        0   1459      0      0.135538    0.183706    0
0.216349	2841	0	207.216	4.09988	0.524477	0.625178	-0.285375	0.612948	0	0	0	0	0	0	-195117	9.50295	0	0        0   2841      0      0.183706    0.248992    0
0.293236	5061	0	203.499	3.01809	-0.0392969	0.448522	-0.583208	0.451763	0	0	0	0	0	0	-345791	7.0169	0	0        0   5061      0      0.248992    0.33748    0
0.397447	9250	0	204.206	2.24018	0.177188	0.336046	-0.273922	0.337104	0	0	0	0	0	0	-634054	5.22101	0	0        0   9250      0      0.33748    0.457415    0
0.538693	16931	0	203.495	1.64839	0.180625	0.247642	0.27471	0.245914	0	0	0	0	0	0	-1.16097e+06	3.82044	0	0        0   16931      0      0.457415    0.619972    0
0.730136	30643	0	200.88	1.20819	0.225203	0.180376	0.130423	0.181931	0	0	0	0	0	0	-2.10118e+06	2.77408	0	0        0   30643      0      0.619972    0.8403    0
0.989614	56044	0	200.757	0.892705	0.134747	0.13404	-0.0368379	0.134557	0	0	0	0	0	0	-3.84271e+06	2.04884	0	0        0   56044      0      0.8403    1.13893    0
1.34131	102535	0	200.84	0.660378	0.0915644	0.0992194	-0.0429589	0.0989452	0	0	0	0	0	0	-7.03096e+06	1.51756	0	0        0   102535      0      1.13893    1.54368    0
1.81798	188119	0	201.612	0.489494	-0.0385929	0.0733326	0.0568974	0.0734346	0	0	0	0	0	0	-1.29025e+07	1.1266	0	0        0   188119      0      1.54368    2.09228    0
2.46406	344336	0	202.156	0.362785	-0.00319664	0.0543587	0.0271544	0.0543634	0	0	0	0	0	0	-2.36208e+07	0.835195	0	0        0   344336      0      2.09228    2.83584    0
3.33975	629984	0	202.522	0.268724	-0.00681488	0.0402888	0.0127494	0.0402258	0	0	0	0	0	0	-4.32154e+07	0.619205	0	0        0   629984      0      2.83584    3.84365    0
4.52664	1151542	0	202.402	0.198641	0.0319534	0.0297707	-0.0189144	0.0297655	0	0	0	0	0	0	-7.89836e+07	0.457612	0	0        0   1.15154e+06      0      3.84365    5.20962    0
6.13533	2107671	0	202.579	0.146961	0.0172315	0.0220203	-0.0419293	0.0220087	0	0	0	0	0	0	-1.44571e+08	0.338576	0	0        0   2.10767e+06      0      5.20962    7.06103    0
8.31572	3850458	0	202.768	0.108833	0.00677272	0.0162865	-0.0307357	0.0163012	0	0	0	0	0	0	-2.64042e+08	0.25071	0	0        0   3.85046e+06      0      7.06103    9.5704    0
11.271	7016856	0	202.96	0.0806983	0.00322406	0.0120815	0.000387751	0.0120855	0	0	0	0	0	0	-4.81249e+08	0.185968	0	0        0   7.01686e+06      0      9.5704    12.9716    0
15.2765	12772339	0	203.117	0.0598596	0.00931257	0.00896158	0.00650156	0.00896618	0	0	0	0	0	0	-8.75844e+08	0.137895	0	0        0   1.27723e+07      0      12.9716    17.5814    0
20.7055	23178683	0	203.301	0.0444749	-0.016066	0.00665807	-0.00348833	0.00665833	0	0	0	0	0	0	-1.58942e+09	0.102427	0	0        0   2.31787e+07      0      17.5814    23.8296    0
28.0639	41940056	0	203.58	0.0331083	-0.000101776	0.00495398	0.00289226	0.00495455	0	0	0	0	0	0	-2.87583e+09	0.0762269	0	0        0   4.19401e+07      0      23.8296    32.2982    0
38.0373	75475216	0	203.714	0.0246953	-0.0106681	0.0036935	0.00425107	0.00369469	0	0	0	0	0	0	-5.17488e+09	0.0568177	0	0        0   7.54752e+07      0      32.2982    43.7764    0
51.5551	135000703	0	203.874	0.0184784	-0.0246341	0.00276197	0.0207528	0.00276201	0	0	0	0	0	0	-9.25522e+09	0.0424747	0	0        0   1.35001e+08      0      43.7764    59.3338    0
69.8769	239391647	0	204.121	0.0138933	-0.0126532	0.00207516	0.0350364	0.00207579	0	0	0	0	0	0	-1.64104e+10	0.0319189	0	0        0   2.39392e+08      0      59.3338    80.42    0
94.7099	419864113	0	204.611	0.0105179	0.0124211	0.00156936	0.0379427	0.00157067	0	0	0	0	0	0	-2.87786e+10	0.0241835	0	0        0   4.19864e+08      0      80.42    109    0
