# 1bin_value	2data_points	3sqrt(data_points)	4W	5W_err	6e+	7e+_err	8eX 9eX_err	10e++ 	11e++_err		12eXX	13eXX_err		14e+X	15e+X_err 	16theta          17theta_err       17num_den	18num_err 19LS_err     20wt_num     21wt_num_err  22r_low   23r_high 24sig_crit
0.117769	8425	0	200	0	0	0	0	0	0	0	0	0	0	0	0	0	0	0        0   8425      0      0.1    0.135538    0
0.159622	15391	0	200	0	0	0	0	0	0	0	0	0	0	0	0	0	0	0        0   15391      0      0.135538    0.183706    0
0.216349	27696	0	200	0	0	0	0	0	0	0	0	0	0	0	0	0	0	0        0   27696      0      0.183706    0.248992    0
0.293236	50987	0	200	0	0	0	0	0	0	0	0	0	0	0	0	0	0	0        0   50987      0      0.248992    0.33748    0
0.397447	92395	0	200	0	0	0	0	0	0	0	0	0	0	0	0	0	0	0        0   92395      0      0.33748    0.457415    0
0.538693	169192	0	200	0	0	0	0	0	0	0	0	0	0	0	0	0	0	0        0   169192      0      0.457415    0.619972    0
0.730136	309706	0	200	0	0	0	0	0	0	0	0	0	0	0	0	0	0	0        0   309706      0      0.619972    0.8403    0
0.989614	563937	0	200	0	0	0	0	0	0	0	0	0	0	0	0	0	0	0        0   563937      0      0.8403    1.13893    0
1.34131	1034284	0	200	0	0	0	0	0	0	0	0	0	0	0	0	0	0	0        0   1.03428e+06      0      1.13893    1.54368    0
1.81798	1888160	0	200	0	0	0	0	0	0	0	0	0	0	0	0	0	0	0        0   1.88816e+06      0      1.54368    2.09228    0
2.46406	3451274	0	200	0	0	0	0	0	0	0	0	0	0	0	0	0	0	0        0   3.45127e+06      0      2.09228    2.83584    0
3.33975	6308710	0	200	0	0	0	0	0	0	0	0	0	0	0	0	0	0	0        0   6.30871e+06      0      2.83584    3.84365    0
4.52664	11522300	0	200	0	0	0	0	0	0	0	0	0	0	0	0	0	0	0        0   1.15223e+07      0      3.84365    5.20962    0
6.13533	21077275	0	200	0	0	0	0	0	0	0	0	0	0	0	0	0	0	0        0   2.10773e+07      0      5.20962    7.06103    0
8.31572	38474254	0	200	0	0	0	0	0	0	0	0	0	0	0	0	0	0	0        0   3.84743e+07      0      7.06103    9.5704    0
11.271	70018321	0	200	0	0	0	0	0	0	0	0	0	0	0	0	0	0	0        0   7.00183e+07      0      9.5704    12.9716    0
15.2765	127294154	0	200	0	0	0	0	0	0	0	0	0	0	0	0	0	0	0        0   1.27294e+08      0      12.9716    17.5814    0
20.7055	230678977	0	200	0	0	0	0	0	0	0	0	0	0	0	0	0	0	0        0   2.30679e+08      0      17.5814    23.8296    0
28.0639	416479011	0	200	0	0	0	0	0	0	0	0	0	0	0	0	0	0	0        0   4.16479e+08      0      23.8296    32.2982    0
38.0373	748268395	0	200	0	0	0	0	0	0	0	0	0	0	0	0	0	0	0        0   7.48268e+08      0      32.2982    43.7764    0
51.5551	1335374088	0	200	0	0	0	0	0	0	0	0	0	0	0	0	0	0	0        0   1.33537e+09      0      43.7764    59.3338    0
69.8769	2361553224	0	200	0	0	0	0	0	0	0	0	0	0	0	0	0	0	0        0   2.36155e+09      0      59.3338    80.42    0
94.7099	4123495800	0	200	0	0	0	0	0	0	0	0	0	0	0	0	0	0	0        0   4.1235e+09      0      80.42    109    0
