# 1bin_value	2data_points	3sqrt(data_points)	4W	5W_err	6e+	7e+_err	8eX 9eX_err	10e++ 	11e++_err		12eXX	13eXX_err		14e+X	15e+X_err 	16theta          17theta_err       17num_den	18num_err 19LS_err     20wt_num     21wt_num_err  22r_low   23r_high 24sig_crit
0.117769	818	0	199.227	7.47177	0	0	0	0	0	0	0	0	0	0	-1333.78	89806.9	0	0        0   840      0      0.1    0.135538    0
0.159622	1503	0	203.054	5.62515	0	0	0	0	0	0	0	0	0	0	-1354.63	163491	0	0        0   1543      0      0.135538    0.183706    0
0.216349	2708	0	197.471	4.05777	0	0	0	0	0	0	0	0	0	0	-1326.16	295480	0	0        0   2772      0      0.183706    0.248992    0
0.293236	5001	0	200.562	3.02393	0	0	0	0	0	0	0	0	0	0	-1345.31	540492	0	0        0   5106      0      0.248992    0.33748    0
0.397447	9157	0	202.156	2.25707	0	0	0	0	0	0	0	0	0	0	-1354.28	992197	0	0        0   9374      0      0.33748    0.457415    0
0.538693	16723	0	201.263	1.66302	0	0	0	0	0	0	0	0	0	0	-1345.92	1.80879e+06	0	0        0   17139      0      0.457415    0.619972    0
0.730136	30354	0	199.221	1.22053	0	0	0	0	0	0	0	0	0	0	-1334.23	3.29091e+06	0	0        0   31094      0      0.619972    0.8403    0
0.989614	55756	0	199.866	0.903866	0	0	0	0	0	0	0	0	0	0	-1338.48	6.04215e+06	0	0        0   57114      0      0.8403    1.13893    0
1.34131	102030	0	199.917	0.66822	0	0	0	0	0	0	0	0	0	0	-1340	1.10659e+07	0	0        0   104438      0      1.13893    1.54368    0
1.81798	186412	0	199.806	0.494125	0	0	0	0	0	0	0	0	0	0	-1338.75	2.01926e+07	0	0        0   190779      0      1.54368    2.09228    0
2.46406	339768	0	199.638	0.365599	0	0	0	0	0	0	0	0	0	0	-1337.1	3.67822e+07	0	0        0   347855      0      2.09228    2.83584    0
3.33975	620279	0	199.481	0.270402	0	0	0	0	0	0	0	0	0	0	-1336.8	6.71846e+07	0	0        0   634774      0      2.83584    3.84365    0
4.52664	1136442	0	199.892	0.200218	0	0	0	0	0	0	0	0	0	0	-1339.2	1.23113e+08	0	0        0   1.1633e+06      0      3.84365    5.20962    0
6.13533	2078669	0	200.015	0.148157	0	0	0	0	0	0	0	0	0	0	-1339.79	2.25207e+08	0	0        0   2.1281e+06      0      5.20962    7.06103    0
8.31572	3794560	0	200.106	0.109751	0	0	0	0	0	0	0	0	0	0	-1340.36	4.11386e+08	0	0        0   3.88526e+06      0      7.06103    9.5704    0
11.271	6901676	0	199.946	0.081313	0	0	0	0	0	0	0	0	0	0	-1339.35	7.4829e+08	0	0        0   7.06511e+06      0      9.5704    12.9716    0
15.2765	12549970	0	199.99	0.0603317	0	0	0	0	0	0	0	0	0	0	-1339.62	1.36133e+09	0	0        0   1.28478e+07      0      12.9716    17.5814    0
20.7055	22727915	0	199.882	0.0448215	0	0	0	0	0	0	0	0	0	0	-1339.03	2.4675e+09	0	0        0   2.32668e+07      0      17.5814    23.8296    0
28.0639	41028319	0	199.84	0.0333652	0	0	0	0	0	0	0	0	0	0	-1338.69	4.45682e+09	0	0        0   4.19983e+07      0      23.8296    32.2982    0
38.0373	73730014	0	199.934	0.0249172	0	0	0	0	0	0	0	0	0	0	-1339.29	8.01825e+09	0	0        0   7.54729e+07      0      32.2982    43.7764    0
51.5551	131575228	0	199.946	0.0186702	0	0	0	0	0	0	0	0	0	0	-1339.16	1.43301e+10	0	0        0   1.3469e+08      0      43.7764    59.3338    0
69.8769	232556648	0	199.933	0.0140587	0	0	0	0	0	0	0	0	0	0	-1338.91	2.5378e+10	0	0        0   2.38064e+08      0      59.3338    80.42    0
94.7099	406083571	0	199.984	0.0106557	0	0	0	0	0	0	0	0	0	0	-1339.11	4.4417e+10	0	0        0   4.15715e+08      0      80.42    109    0
