# 1bin_value	2data_points	3sqrt(data_points)	4W	5W_err	6e+	7e+_err	8eX 9eX_err	10e++ 	11e++_err		12eXX	13eXX_err		14e+X	15e+X_err 	16theta          17theta_err       17num_den	18num_err 19LS_err     20wt_num     21wt_num_err  22r_low   23r_high 24sig_crit
0.117769	819	0	198.651	7.44329	0	0	0	0	0	0	0	0	0	0	-1329.06	89806.9	0	0        0   841      0      0.1    0.135538    0
0.159622	1510	0	203.776	5.62111	0	0	0	0	0	0	0	0	0	0	-1358.67	163491	0	0        0   1550      0      0.135538    0.183706    0
0.216349	2716	0	197.972	4.05966	0	0	0	0	0	0	0	0	0	0	-1330.34	295480	0	0        0   2778      0      0.183706    0.248992    0
0.293236	4998	0	200.339	3.0215	0	0	0	0	0	0	0	0	0	0	-1344.03	540492	0	0        0   5104      0      0.248992    0.33748    0
0.397447	9169	0	202.46	2.25814	0	0	0	0	0	0	0	0	0	0	-1356.62	992197	0	0        0   9386      0      0.33748    0.457415    0
0.538693	16763	0	201.732	1.66319	0	0	0	0	0	0	0	0	0	0	-1349.22	1.80879e+06	0	0        0   17179      0      0.457415    0.619972    0
0.730136	30411	0	199.509	1.22054	0	0	0	0	0	0	0	0	0	0	-1336.56	3.29091e+06	0	0        0   31144      0      0.619972    0.8403    0
0.989614	55833	0	200.222	0.904373	0	0	0	0	0	0	0	0	0	0	-1340.88	6.04215e+06	0	0        0   57193      0      0.8403    1.13893    0
1.34131	102176	0	200.225	0.668447	0	0	0	0	0	0	0	0	0	0	-1342.09	1.10659e+07	0	0        0   104578      0      1.13893    1.54368    0
1.81798	186741	0	200.157	0.494211	0	0	0	0	0	0	0	0	0	0	-1341.15	2.01926e+07	0	0        0   191113      0      1.54368    2.09228    0
2.46406	340242	0	199.94	0.365715	0	0	0	0	0	0	0	0	0	0	-1339.2	3.67822e+07	0	0        0   348318      0      2.09228    2.83584    0
3.33975	621057	0	199.774	0.270496	0	0	0	0	0	0	0	0	0	0	-1338.72	6.71846e+07	0	0        0   635568      0      2.83584    3.84365    0
4.52664	1137900	0	200.194	0.200294	0	0	0	0	0	0	0	0	0	0	-1341.23	1.23113e+08	0	0        0   1.16477e+06      0      3.84365    5.20962    0
6.13533	2081050	0	200.281	0.148211	0	0	0	0	0	0	0	0	0	0	-1341.68	2.25207e+08	0	0        0   2.13042e+06      0      5.20962    7.06103    0
8.31572	3800395	0	200.453	0.109793	0	0	0	0	0	0	0	0	0	0	-1342.69	4.11386e+08	0	0        0   3.89109e+06      0      7.06103    9.5704    0
11.271	6911100	0	200.251	0.0813401	0	0	0	0	0	0	0	0	0	0	-1341.45	7.4829e+08	0	0        0   7.07451e+06      0      9.5704    12.9716    0
15.2765	12568225	0	200.32	0.060354	0	0	0	0	0	0	0	0	0	0	-1341.88	1.36133e+09	0	0        0   1.28661e+07      0      12.9716    17.5814    0
20.7055	22761016	0	200.213	0.0448384	0	0	0	0	0	0	0	0	0	0	-1341.3	2.4675e+09	0	0        0   2.33e+07      0      17.5814    23.8296    0
28.0639	41083550	0	200.146	0.0333768	0	0	0	0	0	0	0	0	0	0	-1340.76	4.45682e+09	0	0        0   4.20539e+07      0      23.8296    32.2982    0
38.0373	73822213	0	200.219	0.0249253	0	0	0	0	0	0	0	0	0	0	-1341.22	8.01825e+09	0	0        0   7.55654e+07      0      32.2982    43.7764    0
51.5551	131725711	0	200.22	0.0186771	0	0	0	0	0	0	0	0	0	0	-1340.99	1.43301e+10	0	0        0   1.34841e+08      0      43.7764    59.3338    0
69.8769	232789154	0	200.191	0.0140646	0	0	0	0	0	0	0	0	0	0	-1340.6	2.5378e+10	0	0        0   2.38299e+08      0      59.3338    80.42    0
94.7099	406489265	0	200.261	0.0106613	0	0	0	0	0	0	0	0	0	0	-1340.89	4.4417e+10	0	0        0   4.16123e+08      0      80.42    109    0
