# 1bin_value	2data_points	3sqrt(data_points)	4W	5W_err	6e+	7e+_err	8eX 9eX_err	10e++ 	11e++_err		12eXX	13eXX_err		14e+X	15e+X_err 	16theta          17theta_err       17num_den	18num_err 19LS_err     20wt_num     21wt_num_err  22r_low   23r_high 24sig_crit
0.117769	670	0	1570.83	76.5105	25.0661	7.13296	4.07882	7.72856	0	0	0	0	0	0	-45591	306.78	0	0        0   689      0      0.1    0.135538    0
0.159622	948	0	1247.03	48.7666	9.07682	5.22294	3.25255	5.39375	0	0	0	0	0	0	-64623.9	177.751	0	0        0   978      0      0.135538    0.183706    0
0.216349	1401	0	971.956	30.1204	17.2295	3.43777	0.94775	3.47685	0	0	0	0	0	0	-96126.7	98.7337	0	0        0   1442      0      0.183706    0.248992    0
0.293236	2271	0	865.261	20.5132	7.27854	2.51817	4.34127	2.41534	0	0	0	0	0	0	-155610	61.8189	0	0        0   2332      0      0.248992    0.33748    0
0.397447	3400	0	716.343	13.4899	5.28245	1.67114	1.00113	1.64144	0	0	0	0	0	0	-233047	35.1833	0	0        0   3511      0      0.33748    0.457415    0
0.538693	4676	0	543.004	8.52291	2.24578	1.08689	-0.865018	1.06843	0	0	0	0	0	0	-320796	19.392	0	0        0   4816      0      0.457415    0.619972    0
0.730136	6855	0	432.581	5.50297	1.26699	0.712553	-0.157747	0.714945	0	0	0	0	0	0	-470400	10.8261	0	0        0   7030      0      0.619972    0.8403    0
0.989614	10781	0	373.05	3.74351	1.36479	0.502937	0.592685	0.491687	0	0	0	0	0	0	-738374	6.49573	0	0        0   11052      0      0.8403    1.13893    0
1.34131	17130	0	323.672	2.55827	0.601518	0.336587	0.502451	0.332039	0	0	0	0	0	0	-1.17435e+06	4.11255	0	0        0   17506      0      1.13893    1.54368    0
1.81798	28667	0	298.249	1.8166	0.499168	0.242364	-0.401187	0.238858	0	0	0	0	0	0	-1.96546e+06	2.76215	0	0        0   29320      0      1.54368    2.09228    0
2.46406	49330	0	281.835	1.30764	0.706438	0.172998	-0.125346	0.173009	0	0	0	0	0	0	-3.3823e+06	1.95007	0	0        0   50439      0      2.09228    2.83584    0
3.33975	83955	0	263.047	0.933389	0.274806	0.123528	0.0395504	0.123542	0	0	0	0	0	0	-5.75644e+06	1.33324	0	0        0   85826      0      2.83584    3.84365    0
4.52664	144791	0	248.46	0.670238	0.350164	0.0888034	0.0310518	0.0888741	0	0	0	0	0	0	-9.92682e+06	0.939077	0	0        0   147883      0      3.84365    5.20962    0
6.13533	253535	0	238.676	0.486464	0.384155	0.0646214	0.00859512	0.0644759	0	0	0	0	0	0	-1.73893e+07	0.672213	0	0        0   259168      0      5.20962    7.06103    0
8.31572	442732	0	228.808	0.35262	0.265606	0.0468927	0.0334644	0.0467655	0	0	0	0	0	0	-3.03645e+07	0.482246	0	0        0   452318      0      7.06103    9.5704    0
11.271	780080	0	221.811	0.257473	0.139895	0.0342422	0.0318295	0.0341826	0	0	0	0	0	0	-5.35217e+07	0.351155	0	0        0   796949      0      9.5704    12.9716    0
15.2765	1375053	0	215.334	0.188173	0.165544	0.0250516	-0.00558361	0.0250319	0	0	0	0	0	0	-9.42971e+07	0.255188	0	0        0   1.40451e+06      0      12.9716    17.5814    0
20.7055	2441265	0	211.177	0.138506	0.154921	0.0184222	0.00501445	0.018435	0	0	0	0	0	0	-1.67417e+08	0.18882	0	0        0   2.49254e+06      0      17.5814    23.8296    0
28.0639	4340461	0	208.16	0.102432	0.0386677	0.0136139	0.0388389	0.0136168	0	0	0	0	0	0	-2.97621e+08	0.140632	0	0        0   4.43241e+06      0      23.8296    32.2982    0
38.0373	7687379	0	205.286	0.0759313	0.070282	0.0101124	0.0516279	0.0101071	0	0	0	0	0	0	-5.27022e+08	0.105267	0	0        0   7.84897e+06      0      32.2982    43.7764    0
51.5551	13569914	0	203.118	0.0565896	0.0383426	0.00753232	0.0252213	0.00753706	0	0	0	0	0	0	-9.30017e+08	0.0795552	0	0        0   1.38576e+07      0      43.7764    59.3338    0
69.8769	23882136	0	202.079	0.0424681	0.0333406	0.00564764	0.0152871	0.00564836	0	0	0	0	0	0	-1.63663e+09	0.0605335	0	0        0   2.4387e+07      0      59.3338    80.42    0
94.7099	41706117	0	201.93	0.0321419	0.00373943	0.00427175	0.0139562	0.00427304	0	0	0	0	0	0	-2.8581e+09	0.0466467	0	0        0   4.25895e+07      0      80.42    109    0
