# 1bin_value	2data_points	3sqrt(data_points)	4W	5W_err	6e+	7e+_err	8eX 9eX_err	10e++ 	11e++_err		12eXX	13eXX_err		14e+X	15e+X_err 	16theta          17theta_err       17num_den	18num_err 19LS_err     20wt_num     21wt_num_err  22r_low   23r_high 24sig_crit
0.117769	735	0	195.304	7.60507	0.476006	1.02905	-1.71077	1.04066	0	0	0	0	0	0	-50023.5	17.5734	0	0        0   735      0      0.1    0.135538    0
0.159622	1360	0	202.667	5.80959	0.309796	0.805272	-0.175363	0.786252	0	0	0	0	0	0	-92814.5	13.6582	0	0        0   1360      0      0.135538    0.183706    0
0.216349	2485	0	198.84	4.20789	-0.58642	0.578939	-1.00768	0.586559	0	0	0	0	0	0	-170096	9.76466	0	0        0   2485      0      0.183706    0.248992    0
0.293236	4615	0	206.19	3.20677	0.274893	0.439869	0.208121	0.437754	0	0	0	0	0	0	-316697	7.58794	0	0        0   4615      0      0.248992    0.33748    0
0.397447	8290	0	201.386	2.33368	-0.297689	0.320264	-0.161971	0.326208	0	0	0	0	0	0	-569064	5.4736	0	0        0   8290      0      0.33748    0.457415    0
0.538693	14863	0	197.913	1.71154	-0.0499578	0.239445	0.0974118	0.241553	0	0	0	0	0	0	-1.01966e+06	3.97983	0	0        0   14863      0      0.457415    0.619972    0
0.730136	27811	0	201.664	1.27614	-0.131912	0.178582	0.254802	0.178706	0	0	0	0	0	0	-1.9072e+06	2.98929	0	0        0   27811      0      0.619972    0.8403    0
0.989614	50808	0	202.039	0.946179	-0.123469	0.132156	0.203562	0.131709	0	0	0	0	0	0	-3.48333e+06	2.21836	0	0        0   50808      0      0.8403    1.13893    0
1.34131	92809	0	201.64	0.698588	0.0897585	0.097024	-0.0409957	0.0973189	0	0	0	0	0	0	-6.36368e+06	1.63794	0	0        0   92809      0      1.13893    1.54368    0
1.81798	169750	0	201.994	0.51739	0.00848747	0.0720143	0.0167046	0.0720692	0	0	0	0	0	0	-1.16365e+07	1.21135	0	0        0   169750      0      1.54368    2.09228    0
2.46406	310913	0	202.055	0.382625	-0.0152157	0.0533191	0.0442376	0.0533613	0	0	0	0	0	0	-2.13296e+07	0.899598	0	0        0   310913      0      2.09228    2.83584    0
3.33975	568007	0	202.339	0.283483	-0.0975838	0.0395447	0.029191	0.0394408	0	0	0	0	0	0	-3.89614e+07	0.666535	0	0        0   568007      0      2.83584    3.84365    0
4.52664	1039109	0	202.274	0.209534	0.0045703	0.0292014	-0.00316591	0.0291731	0	0	0	0	0	0	-7.12662e+07	0.492816	0	0        0   1.03911e+06      0      3.84365    5.20962    0
6.13533	1902746	0	202.638	0.15516	0.0210217	0.0216107	-0.0226983	0.021592	0	0	0	0	0	0	-1.30481e+08	0.365535	0	0        0   1.90275e+06      0      5.20962    7.06103    0
8.31572	3468811	0	202.538	0.114877	-0.00115531	0.0160217	0.00390748	0.0160118	0	0	0	0	0	0	-2.37914e+08	0.270955	0	0        0   3.46881e+06      0      7.06103    9.5704    0
11.271	6317671	0	202.694	0.0852074	-0.00459089	0.0118705	0.0166353	0.0118755	0	0	0	0	0	0	-4.33209e+08	0.20128	0	0        0   6.31767e+06      0      9.5704    12.9716    0
15.2765	11471575	0	202.384	0.063151	0.00966908	0.00879902	0.00308931	0.00880256	0	0	0	0	0	0	-7.86604e+08	0.149419	0	0        0   1.14716e+07      0      12.9716    17.5814    0
20.7055	20780661	0	202.372	0.0469365	-0.00111032	0.00654008	0.00336338	0.0065394	0	0	0	0	0	0	-1.42495e+09	0.111384	0	0        0   2.07807e+07      0      17.5814    23.8296    0
28.0639	37497215	0	202.241	0.0349374	-0.00404715	0.0048675	0.0122802	0.00486866	0	0	0	0	0	0	-2.57112e+09	0.0832175	0	0        0   3.74972e+07      0      23.8296    32.2982    0
38.0373	67207383	0	201.849	0.0260646	-0.0111225	0.00362868	0.005703	0.00363	0	0	0	0	0	0	-4.60808e+09	0.0623936	0	0        0   6.72074e+07      0      32.2982    43.7764    0
51.5551	119584282	0	201.31	0.0195035	-0.00284728	0.00271475	0.00608318	0.00271539	0	0	0	0	0	0	-8.19874e+09	0.0469406	0	0        0   1.19584e+08      0      43.7764    59.3338    0
69.8769	211046106	0	200.926	0.0146672	-0.0073295	0.00204113	0.0190536	0.00204162	0	0	0	0	0	0	-1.44674e+10	0.0355235	0	0        0   2.11046e+08      0      59.3338    80.42    0
94.7099	368338673	0	200.8	0.011105	0.0038438	0.00154521	0.0434799	0.00154538	0	0	0	0	0	0	-2.52469e+10	0.0270456	0	0        0   3.68339e+08      0      80.42    109    0
