# 1bin_value	2data_points	3sqrt(data_points)	4W	5W_err	6e+	7e+_err	8eX 9eX_err	10e++ 	11e++_err		12eXX	13eXX_err		14e+X	15e+X_err 	16theta          17theta_err       17num_den	18num_err 19LS_err     20wt_num     21wt_num_err  22r_low   23r_high 24sig_crit
0.117769	732	inf	1720.18	94.2851	24.0655	9.92952	4.29267	9.31705	0	0	0	0	0	0	-11304	394.709	0	inf        0   0      0      0.1    0.135538    0
0.159622	1116	23.2202	1358.49	58.5626	28.7051	6.6752	0.621124	6.45189	0	0	0	0	0	0	-8959.14	224.649	0	23.2202        0   0      0      0.135538    0.183706    0
0.216349	1496	12.9901	955.397	35.5066	10.656	4.25844	3.15065	4.23953	0	0	0	0	0	0	-6288.27	120.791	0	12.9901        0   0      0      0.183706    0.248992    0
0.293236	2431	9.0626	837.424	24.7534	12.1642	3.07419	-1.23853	3.03229	0	0	0	0	0	0	-5550.94	77.2157	0	9.0626        0   0      0      0.248992    0.33748    0
0.397447	3617	6.46735	651.754	16.224	5.83734	2.02289	-1.01801	2.07012	0	0	0	0	0	0	-4307.59	45.4464	0	6.46735        0   0      0      0.33748    0.457415    0
0.538693	4829	4.92579	426.895	10.006	3.79012	1.34834	-2.07563	1.28264	0	0	0	0	0	0	-2800.24	23.5072	0	4.92579        0   0      0      0.457415    0.619972    0
0.730136	6969	3.57599	292.197	6.50251	3.17089	0.880051	-0.74435	0.872647	0	0	0	0	0	0	-1913.01	12.9004	0	3.57599        0   0      0      0.619972    0.8403    0
0.989614	10328	2.71998	197.474	4.32061	1.79217	0.588951	0.0955459	0.580301	0	0	0	0	0	0	-1287.87	7.53939	0	2.71998        0   0      0      0.8403    1.13893    0
1.34131	16196	2.03834	142.272	2.97618	0.821913	0.407648	0.301937	0.402864	0	0	0	0	0	0	-920.056	4.81334	0	2.03834        0   0      0      1.13893    1.54368    0
1.81798	26750	1.52073	108.137	2.09782	0.0213946	0.288452	-0.0865504	0.290789	0	0	0	0	0	0	-707.852	3.27342	0	1.52073        0   0      0      1.54368    2.09228    0
2.46406	45502	1.12533	88.5534	1.50225	0.361296	0.208797	0.471876	0.208444	0	0	0	0	0	0	-560.328	2.27598	0	1.12533        0   0      0      2.09228    2.83584    0
3.33975	77832	0.835245	70.1281	1.08272	0.652622	0.150097	-0.0902686	0.149978	0	0	0	0	0	0	-442.153	1.58584	0	0.835245        0   0      0      2.83584    3.84365    0
4.52664	133883	0.620039	55.2244	0.781075	0.519853	0.107639	0.112632	0.108089	0	0	0	0	0	0	-337.421	1.12421	0	0.620039        0   0      0      3.84365    5.20962    0
6.13533	233411	0.459999	43.1295	0.566849	0.34263	0.0782716	-0.151335	0.0786552	0	0	0	0	0	0	-258.965	0.806024	0	0.459999        0   0      0      5.20962    7.06103    0
8.31572	406423	0.342719	32.4601	0.411497	0.330325	0.056885	-0.0457054	0.0570368	0	0	0	0	0	0	-186.844	0.579329	0	0.342719        0   0      0      7.06103    9.5704    0
11.271	710357	0.255581	23.4258	0.300375	0.254282	0.0416404	-0.134441	0.0416315	0	0	0	0	0	0	-127.736	0.424936	0	0.255581        0   0      0      9.5704    12.9716    0
15.2765	1250160	0.190786	16.8241	0.220123	0.208233	0.0305263	-0.0824447	0.0305217	0	0	0	0	0	0	-84.0301	0.311037	0	0.190786        0   0      0      12.9716    17.5814    0
20.7055	2211816	0.142474	12.0509	0.162151	0.149264	0.0224569	-0.000189612	0.0224695	0	0	0	0	0	0	-51.9638	0.230902	0	0.142474        0   0      0      17.5814    23.8296    0
28.0639	3908848	0.106745	7.90165	0.119749	0.114245	0.0165777	-0.0256737	0.0165739	0	0	0	0	0	0	-24.0491	0.172418	0	0.106745        0   0      0      23.8296    32.2982    0
38.0373	6896793	0.0801487	4.91537	0.0888674	0.121098	0.0122924	-0.0191202	0.0122923	0	0	0	0	0	0	-3.3405	0.130221	0	0.0801487        0   0      0      32.2982    43.7764    0
51.5551	12138815	0.0603371	2.88515	0.0662572	0.0987042	0.0091495	-0.0350693	0.0091534	0	0	0	0	0	0	10.6841	0.0987157	0	0.0603371        0   0      0      43.7764    59.3338    0
69.8769	21297310	0.045521	1.58593	0.0497254	0.0424913	0.00686359	-0.00510513	0.00686691	0	0	0	0	0	0	18.2771	0.0754643	0	0.045521        0   0      0      59.3338    80.42    0
94.7099	37014733	0.0345179	0.649637	0.0375802	0.0304405	0.00518928	-0.0252731	0.00519084	0	0	0	0	0	0	23.5852	0.0579506	0	0.0345179        0   0      0      80.42    109    0
