# 1bin_value	2data_points	3sqrt(data_points)	4W	5W_err	6e+	7e+_err	8eX 9eX_err	10e++ 	11e++_err		12eXX	13eXX_err		14e+X	15e+X_err 	16theta          17theta_err       17num_den	18num_err 19LS_err     20wt_num     21wt_num_err  22r_low   23r_high 24sig_crit
0.117769	792	inf	1734.53	90.5864	28.2824	8.11523	-6.18965	7.56324	0	0	0	0	0	0	-11527.3	380.78	0	inf        0   0      0      0.1    0.135538    0
0.159622	1054	20.5832	1133.25	50.6071	27.0849	5.2822	0.861094	5.29854	0	0	0	0	0	0	-7504.36	179.597	0	20.5832        0   0      0      0.135538    0.183706    0
0.216349	1496	14.4581	862.654	32.1698	11.5346	3.45306	-7.66864	3.43918	0	0	0	0	0	0	-5712.63	104.83	0	14.4581        0   0      0      0.183706    0.248992    0
0.293236	2478	9.05033	755.953	22.3776	12.5512	2.59442	-3.28733	2.44833	0	0	0	0	0	0	-5005.17	68.6485	0	9.05033        0   0      0      0.248992    0.33748    0
0.397447	3745	6.13062	591.439	14.6379	8.17353	1.70829	0.530194	1.6499	0	0	0	0	0	0	-3932.9	38.8936	0	6.13062        0   0      0      0.33748    0.457415    0
0.538693	4965	4.77145	376.821	9.18103	4.48744	1.11044	-0.224183	1.12147	0	0	0	0	0	0	-2485.53	20.351	0	4.77145        0   0      0      0.457415    0.619972    0
0.730136	7021	3.57353	249.724	5.91208	1.69913	0.725712	-0.521549	0.716144	0	0	0	0	0	0	-1633.22	11.371	0	3.57353        0   0      0      0.619972    0.8403    0
0.989614	10933	2.60997	184.824	4.04735	1.24518	0.496176	-0.0478361	0.50579	0	0	0	0	0	0	-1210.05	6.87073	0	2.60997        0   0      0      0.8403    1.13893    0
1.34131	17421	1.94446	135.392	2.80251	0.434343	0.344859	0.404861	0.349721	0	0	0	0	0	0	-880.641	4.37699	0	1.94446        0   0      0      1.13893    1.54368    0
1.81798	28819	1.45004	102.228	1.97452	0.481281	0.245741	0.0834036	0.241918	0	0	0	0	0	0	-657.692	2.9168	0	1.45004        0   0      0      1.54368    2.09228    0
2.46406	49507	1.07705	85.1667	1.42614	0.682734	0.175975	-0.0731314	0.176425	0	0	0	0	0	0	-546.758	2.04739	0	1.07705        0   0      0      2.09228    2.83584    0
3.33975	84554	0.800058	66.8674	1.02454	0.635092	0.126493	0.131153	0.126651	0	0	0	0	0	0	-419.809	1.42127	0	0.800058        0   0      0      2.83584    3.84365    0
4.52664	145465	0.594777	51.0659	0.738899	0.405271	0.0912059	-0.0461268	0.0912826	0	0	0	0	0	0	-316.782	1.00208	0	0.594777        0   0      0      3.84365    5.20962    0
6.13533	254134	0.440625	40.8472	0.535996	0.196857	0.0660475	-0.0261958	0.0661213	0	0	0	0	0	0	-246.49	0.713503	0	0.440625        0   0      0      5.20962    7.06103    0
8.31572	444477	0.327317	31.033	0.390381	0.318225	0.0481518	0.0273262	0.048139	0	0	0	0	0	0	-179.415	0.51489	0	0.327317        0   0      0      7.06103    9.5704    0
11.271	777637	0.244136	22.2326	0.284974	0.184218	0.0351905	-0.00337116	0.0351889	0	0	0	0	0	0	-119.972	0.374545	0	0.244136        0   0      0      9.5704    12.9716    0
15.2765	1372847	0.181962	15.7544	0.208999	0.0945247	0.0257663	0.0382399	0.0257694	0	0	0	0	0	0	-77.0721	0.27431	0	0.181962        0   0      0      12.9716    17.5814    0
20.7055	2427927	0.135916	10.5608	0.153843	0.151001	0.0189683	0.0152309	0.0189512	0	0	0	0	0	0	-42.0164	0.201436	0	0.135916        0   0      0      17.5814    23.8296    0
28.0639	4309766	0.10161	7.10604	0.113788	0.111636	0.0140273	0.00200688	0.014011	0	0	0	0	0	0	-18.4147	0.148855	0	0.10161        0   0      0      23.8296    32.2982    0
38.0373	7635472	0.0761573	4.25786	0.0844427	0.0965025	0.0103938	0.00304753	0.0103796	0	0	0	0	0	0	0.616745	0.110409	0	0.0761573        0   0      0      32.2982    43.7764    0
51.5551	13494444	0.0572188	2.09044	0.0629652	0.0567565	0.00774122	0.033897	0.00774045	0	0	0	0	0	0	14.1957	0.0823875	0	0.0572188        0   0      0      43.7764    59.3338    0
69.8769	23745966	0.0431062	0.867117	0.0472469	0.0185556	0.00580692	0.000185173	0.00580593	0	0	0	0	0	0	22.2389	0.0619365	0	0.0431062        0   0      0      59.3338    80.42    0
94.7099	41425334	0.0326254	0.162023	0.0357346	0.0289605	0.00439503	0.0169604	0.00439246	0	0	0	0	0	0	26.8114	0.0472978	0	0.0326254        0   0      0      80.42    109    0
