# 1bin_value	2data_points	3sqrt(data_points)	4W	5W_err	6e+	7e+_err	8eX 9eX_err	10e++ 	11e++_err		12eXX	13eXX_err		14e+X	15e+X_err 	16theta          17theta_err       17num_den	18num_err 19LS_err     20wt_num     21wt_num_err  22r_low   23r_high 24sig_crit
0.117769	851	0	203.599	7.50288	0	0	0	0	0	0	0	0	0	0	-1355.55	93571.6	0	0        0   874      0      0.1    0.135538    0
0.159622	1581	0	206.402	5.55885	0	0	0	0	0	0	0	0	0	0	-1380.26	171819	0	0        0   1623      0      0.135538    0.183706    0
0.216349	2743	0	197.465	4.01631	0	0	0	0	0	0	0	0	0	0	-1331.48	299000	0	0        0   2796      0      0.183706    0.248992    0
0.293236	5139	0	201.858	3.01361	0	0	0	0	0	0	0	0	0	0	-1356.63	560932	0	0        0   5268      0      0.248992    0.33748    0
0.397447	9208	0	199.389	2.21979	0	0	0	0	0	0	0	0	0	0	-1335.56	995852	0	0        0   9422      0      0.33748    0.457415    0
0.538693	17160	0	202.709	1.65153	0	0	0	0	0	0	0	0	0	0	-1359.49	1.85731e+06	0	0        0   17543      0      0.457415    0.619972    0
0.730136	30797	0	199.294	1.21373	0	0	0	0	0	0	0	0	0	0	-1332.06	3.33251e+06	0	0        0   31573      0      0.619972    0.8403    0
0.989614	56444	0	200.067	0.900052	0	0	0	0	0	0	0	0	0	0	-1340.98	6.12293e+06	0	0        0   57779      0      0.8403    1.13893    0
1.34131	104121	0	201.2	0.665948	0	0	0	0	0	0	0	0	0	0	-1348.58	1.12778e+07	0	0        0   106526      0      1.13893    1.54368    0
1.81798	189143	0	200.329	0.492092	0	0	0	0	0	0	0	0	0	0	-1342.19	2.0497e+07	0	0        0   193656      0      1.54368    2.09228    0
2.46406	345095	0	199.986	0.363631	0	0	0	0	0	0	0	0	0	0	-1339.58	3.73918e+07	0	0        0   353387      0      2.09228    2.83584    0
3.33975	631264	0	200.091	0.269018	0	0	0	0	0	0	0	0	0	0	-1340.59	6.84011e+07	0	0        0   646261      0      2.83584    3.84365    0
4.52664	1152956	0	200.056	0.199016	0	0	0	0	0	0	0	0	0	0	-1340.43	1.24936e+08	0	0        0   1.1802e+06      0      3.84365    5.20962    0
6.13533	2107813	0	199.912	0.147075	0	0	0	0	0	0	0	0	0	0	-1339.86	2.28491e+08	0	0        0   2.15735e+06      0      5.20962    7.06103    0
8.31572	3845251	0	199.79	0.108855	0	0	0	0	0	0	0	0	0	0	-1338.64	4.16824e+08	0	0        0   3.93587e+06      0      7.06103    9.5704    0
11.271	7007836	0	200.032	0.0807383	0	0	0	0	0	0	0	0	0	0	-1340.26	7.59557e+08	0	0        0   7.17273e+06      0      9.5704    12.9716    0
15.2765	12733342	0	199.862	0.0598469	0	0	0	0	0	0	0	0	0	0	-1339	1.38003e+09	0	0        0   1.30327e+07      0      12.9716    17.5814    0
20.7055	23072860	0	199.773	0.0444471	0	0	0	0	0	0	0	0	0	0	-1338.54	2.50196e+09	0	0        0   2.36155e+07      0      17.5814    23.8296    0
28.0639	41706088	0	199.88	0.0330824	0	0	0	0	0	0	0	0	0	0	-1339.27	4.5234e+09	0	0        0   4.26833e+07      0      23.8296    32.2982    0
38.0373	74974542	0	199.829	0.0246718	0	0	0	0	0	0	0	0	0	0	-1338.88	8.13342e+09	0	0        0   7.67261e+07      0      32.2982    43.7764    0
51.5551	133965658	0	199.884	0.0184683	0	0	0	0	0	0	0	0	0	0	-1339	1.45373e+10	0	0        0   1.37098e+08      0      43.7764    59.3338    0
69.8769	237269009	0	199.923	0.0138851	0	0	0	0	0	0	0	0	0	0	-1339.08	2.57564e+10	0	0        0   2.42805e+08      0      59.3338    80.42    0
94.7099	414925718	0	199.909	0.0105029	0	0	0	0	0	0	0	0	0	0	-1338.67	4.50527e+10	0	0        0   4.24602e+08      0      80.42    109    0
