# 1bin_value	2data_points	3sqrt(data_points)	4W	5W_err	6e+	7e+_err	8eX 9eX_err	10e++ 	11e++_err		12eXX	13eXX_err		14e+X	15e+X_err 	16theta          17theta_err       17num_den	18num_err 19LS_err     20wt_num     21wt_num_err  22r_low   23r_high 24sig_crit
0.117769	778	0	1894.26	88.2994	27.6997	8.00476	-7.86563	7.43373	0	0	0	0	0	0	-53008.1	372.216	0	0        0   801      0      0.1    0.135538    0
0.159622	1039	0	1327.63	49.5754	26.9609	5.20021	2.6036	5.22886	0	0	0	0	0	0	-70916.8	178.379	0	0        0   1072      0      0.135538    0.183706    0
0.216349	1485	0	1043.83	31.4606	10.8808	3.39741	-7.84149	3.39053	0	0	0	0	0	0	-102752	104.125	0	0        0   1537      0      0.183706    0.248992    0
0.293236	2450	0	948.566	21.9102	13.0077	2.56855	-4.34913	2.4197	0	0	0	0	0	0	-168658	68.8024	0	0        0   2526      0      0.248992    0.33748    0
0.397447	3712	0	786.36	14.2854	8.13696	1.68715	0.0478227	1.62731	0	0	0	0	0	0	-255660	39.3334	0	0        0   3819      0      0.33748    0.457415    0
0.538693	4893	0	575.513	8.86604	4.23373	1.09201	-0.458453	1.10269	0	0	0	0	0	0	-335250	20.8439	0	0        0   5033      0      0.457415    0.619972    0
0.730136	6929	0	445.103	5.65339	1.86942	0.7105	-0.800732	0.70053	0	0	0	0	0	0	-474735	11.7446	0	0        0   7100      0      0.619972    0.8403    0
0.989614	10802	0	381.267	3.83577	1.4004	0.483192	-0.0142618	0.493218	0	0	0	0	0	0	-741267	7.01862	0	0        0   11070      0      0.8403    1.13893    0
1.34131	17201	0	332.811	2.63766	0.339311	0.334982	0.245879	0.339884	0	0	0	0	0	0	-1.18124e+06	4.49907	0	0        0   17617      0      1.13893    1.54368    0
1.81798	28482	0	301.267	1.84617	0.553895	0.238089	0.0922619	0.234128	0	0	0	0	0	0	-1.95403e+06	2.96667	0	0        0   29093      0      1.54368    2.09228    0
2.46406	48951	0	284.738	1.32896	0.747185	0.17013	-0.120551	0.170595	0	0	0	0	0	0	-3.36168e+06	2.07287	0	0        0   50054      0      2.09228    2.83584    0
3.33975	83536	0	266.368	0.950265	0.608091	0.122018	0.0707901	0.122189	0	0	0	0	0	0	-5.73192e+06	1.44286	0	0        0   85388      0      2.83584    3.84365    0
4.52664	143777	0	251.334	0.682391	0.404446	0.0878008	-0.0573227	0.0878808	0	0	0	0	0	0	-9.87077e+06	1.00612	0	0        0   146991      0      3.84365    5.20962    0
6.13533	251134	0	240.45	0.493345	0.22767	0.0634706	-0.0356907	0.0635447	0	0	0	0	0	0	-1.72358e+07	0.716563	0	0        0   256599      0      5.20962    7.06103    0
8.31572	439303	0	231.018	0.358154	0.321268	0.0462003	0.0567867	0.0461881	0	0	0	0	0	0	-3.01262e+07	0.513729	0	0        0   448738      0      7.06103    9.5704    0
11.271	769047	0	222.603	0.260662	0.160154	0.0337217	-0.0235889	0.033719	0	0	0	0	0	0	-5.27539e+07	0.37011	0	0        0   785622      0      9.5704    12.9716    0
15.2765	1357338	0	216.351	0.190686	0.105676	0.0246557	0.0151934	0.0246589	0	0	0	0	0	0	-9.31048e+07	0.27068	0	0        0   1.38654e+06      0      12.9716    17.5814    0
20.7055	2399363	0	211.255	0.140051	0.164002	0.0181301	0.00623283	0.0181119	0	0	0	0	0	0	-1.64497e+08	0.199013	0	0        0   2.45074e+06      0      17.5814    23.8296    0
28.0639	4257476	0	207.745	0.103408	0.119898	0.0133938	-0.00848457	0.0133764	0	0	0	0	0	0	-2.91936e+08	0.147253	0	0        0   4.34888e+06      0      23.8296    32.2982    0
38.0373	7540644	0	204.825	0.0766167	0.111533	0.00991383	-0.00202874	0.00989881	0	0	0	0	0	0	-5.16913e+08	0.109263	0	0        0   7.70253e+06      0      32.2982    43.7764    0
51.5551	13317794	0	202.633	0.0570502	0.0825692	0.00737652	0.0398622	0.00737584	0	0	0	0	0	0	-9.12824e+08	0.0818893	0	0        0   1.36037e+07      0      43.7764    59.3338    0
69.8769	23409192	0	201.234	0.042764	0.0617165	0.00552905	0.00422725	0.00552807	0	0	0	0	0	0	-1.60436e+09	0.0621578	0	0        0   2.39111e+07      0      59.3338    80.42    0
94.7099	40838785	0	200.804	0.0323245	0.0709426	0.0041829	0.0186477	0.00418036	0	0	0	0	0	0	-2.79856e+09	0.0474147	0	0        0   4.1716e+07      0      80.42    109    0
