# 1bin_value	2data_points	3sqrt(data_points)	4W	5W_err	6e+	7e+_err	8eX 9eX_err	10e++ 	11e++_err		12eXX	13eXX_err		14e+X	15e+X_err 	16theta          17theta_err       17num_den	18num_err 19LS_err     20wt_num     21wt_num_err  22r_low   23r_high 24sig_crit
0.117769	858	0	204.308	7.47445	0	0	0	0	0	0	0	0	0	0	-1362.21	93571.6	0	0        0   881      0      0.1    0.135538    0
0.159622	1584	0	206.44	5.5462	0	0	0	0	0	0	0	0	0	0	-1380.03	171819	0	0        0   1627      0      0.135538    0.183706    0
0.216349	2746	0	197.201	4.00622	0	0	0	0	0	0	0	0	0	0	-1329.06	299000	0	0        0   2799      0      0.183706    0.248992    0
0.293236	5137	0	201.593	3.00853	0	0	0	0	0	0	0	0	0	0	-1353.62	560932	0	0        0   5269      0      0.248992    0.33748    0
0.397447	9217	0	199.261	2.2159	0	0	0	0	0	0	0	0	0	0	-1334.23	995852	0	0        0   9432      0      0.33748    0.457415    0
0.538693	17154	0	202.197	1.64774	0	0	0	0	0	0	0	0	0	0	-1356.12	1.85731e+06	0	0        0   17535      0      0.457415    0.619972    0
0.730136	30923	0	199.696	1.21169	0	0	0	0	0	0	0	0	0	0	-1334.91	3.33251e+06	0	0        0   31696      0      0.619972    0.8403    0
0.989614	56573	0	200.262	0.898765	0	0	0	0	0	0	0	0	0	0	-1341.87	6.12293e+06	0	0        0   57924      0      0.8403    1.13893    0
1.34131	104343	0	201.267	0.664782	0	0	0	0	0	0	0	0	0	0	-1349.03	1.12778e+07	0	0        0   106753      0      1.13893    1.54368    0
1.81798	189463	0	200.327	0.491222	0	0	0	0	0	0	0	0	0	0	-1342.12	2.0497e+07	0	0        0   193997      0      1.54368    2.09228    0
2.46406	345793	0	200.066	0.363014	0	0	0	0	0	0	0	0	0	0	-1339.95	3.73918e+07	0	0        0   354136      0      2.09228    2.83584    0
3.33975	632720	0	200.213	0.268542	0	0	0	0	0	0	0	0	0	0	-1341.26	6.84011e+07	0	0        0   647844      0      2.83584    3.84365    0
4.52664	1155287	0	200.094	0.198635	0	0	0	0	0	0	0	0	0	0	-1340.5	1.24936e+08	0	0        0   1.18272e+06      0      3.84365    5.20962    0
6.13533	2113026	0	200.012	0.146783	0	0	0	0	0	0	0	0	0	0	-1340.41	2.28491e+08	0	0        0   2.16285e+06      0      5.20962    7.06103    0
8.31572	3855660	0	199.934	0.108634	0	0	0	0	0	0	0	0	0	0	-1339.45	4.16824e+08	0	0        0   3.94698e+06      0      7.06103    9.5704    0
11.271	7026941	0	200.165	0.080566	0	0	0	0	0	0	0	0	0	0	-1340.96	7.59557e+08	0	0        0   7.19324e+06      0      9.5704    12.9716    0
15.2765	12768253	0	199.981	0.0597139	0	0	0	0	0	0	0	0	0	0	-1339.63	1.38003e+09	0	0        0   1.30702e+07      0      12.9716    17.5814    0
20.7055	23141540	0	199.915	0.0443424	0	0	0	0	0	0	0	0	0	0	-1339.33	2.50196e+09	0	0        0   2.36895e+07      0      17.5814    23.8296    0
28.0639	41840668	0	200.035	0.032998	0	0	0	0	0	0	0	0	0	0	-1340.13	4.5234e+09	0	0        0   4.28282e+07      0      23.8296    32.2982    0
38.0373	75230188	0	199.979	0.0246038	0	0	0	0	0	0	0	0	0	0	-1339.75	8.13342e+09	0	0        0   7.70008e+07      0      32.2982    43.7764    0
51.5551	134449143	0	200.036	0.0184138	0	0	0	0	0	0	0	0	0	0	-1339.94	1.45373e+10	0	0        0   1.37619e+08      0      43.7764    59.3338    0
69.8769	238170949	0	200.101	0.0138431	0	0	0	0	0	0	0	0	0	0	-1340.25	2.57564e+10	0	0        0   2.43777e+08      0      59.3338    80.42    0
94.7099	416518285	0	200.133	0.0104732	0	0	0	0	0	0	0	0	0	0	-1340.29	4.50527e+10	0	0        0   4.26321e+08      0      80.42    109    0
