# 1bin_value	2data_points	3sqrt(data_points)	4W	5W_err	6e+	7e+_err	8eX 9eX_err	10e++ 	11e++_err		12eXX	13eXX_err		14e+X	15e+X_err 	16theta          17theta_err       17num_den	18num_err 19LS_err     20wt_num     21wt_num_err  22r_low   23r_high 24sig_crit
0.117769	741	inf	1789.56	97.8955	18.9433	11.831	7.82411	10.9737	0	0	0	0	0	0	-11436.1	399.284	0	inf        0   0      0      0.1    0.135538    0
0.159622	1126	23.2102	1366.46	58.9975	27.3701	7.82664	-3.97725	7.55769	0	0	0	0	0	0	-8694.33	213.905	0	23.2102        0   0      0      0.135538    0.183706    0
0.216349	1520	12.9066	1034.39	38.3849	9.26236	5.31975	2.7184	5.37245	0	0	0	0	0	0	-6502.3	124.796	0	12.9066        0   0      0      0.183706    0.248992    0
0.293236	2457	9.03277	861.209	25.3275	7.91223	5.70788	2.91283	4.7837	0	0	0	0	0	0	-5433.76	72.7308	0	9.03277        0   0      0      0.248992    0.33748    0
0.397447	3650	6.42884	667.453	16.6085	5.79854	2.46239	-2.40901	2.50612	0	0	0	0	0	0	-4165.33	42.4094	0	6.42884        0   0      0      0.33748    0.457415    0
0.538693	4885	4.89762	437.049	10.2375	3.3462	1.65266	-3.55827	1.61654	0	0	0	0	0	0	-2728.63	21.8402	0	4.89762        0   0      0      0.457415    0.619972    0
0.730136	7025	3.56296	297.905	6.66455	3.40545	1.05361	-0.350621	1.06089	0	0	0	0	0	0	-1865.41	12.1014	0	3.56296        0   0      0      0.619972    0.8403    0
0.989614	10405	2.70667	197.271	4.39697	1.09467	1.1419	-0.356831	0.791891	0	0	0	0	0	0	-1240.91	6.98286	0	2.70667        0   0      0      0.8403    1.13893    0
1.34131	16333	2.02779	142.579	3.02516	1.09431	0.505987	0.33547	0.499798	0	0	0	0	0	0	-890.761	4.37684	0	2.02779        0   0      0      1.13893    1.54368    0
1.81798	27012	1.51162	111.595	2.13588	-0.0229242	0.355435	0.0590817	0.394256	0	0	0	0	0	0	-693.435	2.93164	0	1.51162        0   0      0      1.54368    2.09228    0
2.46406	46016	1.11902	90.3733	1.52176	0.274265	0.3274	0.281249	0.310505	0	0	0	0	0	0	-556.689	2.0013	0	1.11902        0   0      0      2.09228    2.83584    0
3.33975	78613	0.830798	71.3585	1.10198	0.499884	0.194964	-0.120953	0.190968	0	0	0	0	0	0	-432.366	1.39643	0	0.830798        0   0      0      2.83584    3.84365    0
4.52664	135369	0.6165	55.4933	0.794291	0.434403	0.143968	-0.0038843	0.137504	0	0	0	0	0	0	-333.015	0.976893	0	0.6165        0   0      0      3.84365    5.20962    0
6.13533	236002	0.457429	44.0648	0.575151	0.343089	0.100601	-0.283331	0.100836	0	0	0	0	0	0	-257.118	0.696468	0	0.457429        0   0      0      5.20962    7.06103    0
8.31572	410936	0.340803	32.3947	0.416724	0.341449	0.0750128	0.0435965	0.0777644	0	0	0	0	0	0	-183.333	0.499927	0	0.340803        0   0      0      7.06103    9.5704    0
11.271	719087	0.254013	23.8892	0.304035	0.237399	0.0594295	-0.112655	0.0607673	0	0	0	0	0	0	-126.771	0.361558	0	0.254013        0   0      0      9.5704    12.9716    0
15.2765	1265912	0.189589	16.9968	0.22256	0.208606	0.0445588	-0.055556	0.044736	0	0	0	0	0	0	-82.6569	0.263758	0	0.189589        0   0      0      12.9716    17.5814    0
20.7055	2241766	0.141516	11.9624	0.163805	0.174662	0.0330089	-0.0253749	0.0354375	0	0	0	0	0	0	-51.1778	0.194049	0	0.141516        0   0      0      17.5814    23.8296    0
28.0639	3966028	0.105975	8.09043	0.120947	0.109672	0.0238267	-0.0120468	0.0247439	0	0	0	0	0	0	-24.8031	0.143326	0	0.105975        0   0      0      23.8296    32.2982    0
38.0373	7010643	0.0794974	5.01536	0.0896274	0.132602	0.0175757	0.00653529	0.0178278	0	0	0	0	0	0	-4.73915	0.106375	0	0.0794974        0   0      0      32.2982    43.7764    0
51.5551	12359372	0.0597958	2.63017	0.0666836	0.125906	0.0132942	-0.0133904	0.0128611	0	0	0	0	0	0	10.4612	0.0794633	0	0.0597958        0   0      0      43.7764    59.3338    0
69.8769	21727087	0.045069	1.44201	0.0499614	0.053727	0.00972639	0.0193956	0.00959781	0	0	0	0	0	0	17.1863	0.0595677	0	0.045069        0   0      0      59.3338    80.42    0
94.7099	37832177	0.0341443	0.618409	0.0376971	0.038308	0.00725166	-0.0112361	0.00733845	0	0	0	0	0	0	21.9661	0.0448977	0	0.0341443        0   0      0      80.42    109    0
