# 1bin_value	2data_points	3sqrt(data_points)	4W	5W_err	6e+	7e+_err	8eX 9eX_err	10e++ 	11e++_err		12eXX	13eXX_err		14e+X	15e+X_err 	16theta          17theta_err       17num_den	18num_err 19LS_err     20wt_num     21wt_num_err  22r_low   23r_high 24sig_crit
0.117769	809	0	195.144	7.25728	0.714822	0.900916	-1.03242	0.964332	0	0	0	0	0	0	-55386.9	17.1949	0	0        0   809      0      0.1    0.135538    0
0.159622	1510	0	202.631	5.51122	-0.144644	0.688265	0.497774	0.663852	0	0	0	0	0	0	-103270	12.9473	0	0        0   1510      0      0.135538    0.183706    0
0.216349	2852	0	206.36	4.09262	-0.650544	0.529337	-0.979545	0.519085	0	0	0	0	0	0	-195855	9.80431	0	0        0   2852      0      0.183706    0.248992    0
0.293236	5114	0	202.745	2.99699	-0.183432	0.381498	-0.6075	0.382406	0	0	0	0	0	0	-350425	7.11816	0	0        0   5114      0      0.248992    0.33748    0
0.397447	9031	0	196.858	2.18796	-0.156737	0.276915	0.349302	0.274457	0	0	0	0	0	0	-619713	5.15104	0	0        0   9031      0      0.33748    0.457415    0
0.538693	16689	0	198.572	1.6241	0.215647	0.206135	-0.211553	0.206639	0	0	0	0	0	0	-1.14557e+06	3.83848	0	0        0   16689      0      0.457415    0.619972    0
0.730136	30798	0	200.026	1.20447	-0.142233	0.153839	-0.0490316	0.155497	0	0	0	0	0	0	-2.11192e+06	2.85073	0	0        0   30798      0      0.619972    0.8403    0
0.989614	56310	0	200.499	0.893127	0.078621	0.113212	0.159505	0.113901	0	0	0	0	0	0	-3.86305e+06	2.11508	0	0        0   56310      0      0.8403    1.13893    0
1.34131	103096	0	200.116	0.658741	0.0355491	0.0836269	-0.0336613	0.083755	0	0	0	0	0	0	-7.07156e+06	1.55919	0	0        0   103096      0      1.13893    1.54368    0
1.81798	188661	0	200.444	0.487746	0.0674073	0.0623447	0.10674	0.0621792	0	0	0	0	0	0	-1.29386e+07	1.15532	0	0        0   188661      0      1.54368    2.09228    0
2.46406	344970	0	201.024	0.361855	-0.0341848	0.0461751	-0.0208038	0.0461186	0	0	0	0	0	0	-2.36629e+07	0.859357	0	0        0   344970      0      2.09228    2.83584    0
3.33975	630308	0	201.028	0.267712	0.00553918	0.0341689	0.0179516	0.034209	0	0	0	0	0	0	-4.32292e+07	0.635422	0	0        0   630308      0      2.83584    3.84365    0
4.52664	1153322	0	201.052	0.197974	0.00953621	0.0252718	0.0187799	0.0252207	0	0	0	0	0	0	-7.90949e+07	0.470699	0	0        0   1.15332e+06      0      3.84365    5.20962    0
6.13533	2107554	0	200.935	0.146381	0.0048251	0.018687	-0.00322544	0.0186742	0	0	0	0	0	0	-1.44537e+08	0.348225	0	0        0   2.10755e+06      0      5.20962    7.06103    0
8.31572	3848715	0	201.184	0.108486	0.0101779	0.0138406	0.01058	0.0138284	0	0	0	0	0	0	-2.63918e+08	0.258563	0	0        0   3.84872e+06      0      7.06103    9.5704    0
11.271	7012965	0	201.391	0.0804795	-0.0114149	0.010266	0.0134594	0.0102637	0	0	0	0	0	0	-4.80936e+08	0.192373	0	0        0   7.01296e+06      0      9.5704    12.9716    0
15.2765	12742403	0	201.281	0.0596944	-0.0171684	0.00761501	0.00492428	0.00761173	0	0	0	0	0	0	-8.73778e+08	0.143061	0	0        0   1.27424e+07      0      12.9716    17.5814    0
20.7055	23080557	0	201.283	0.0443812	-0.0154782	0.00566168	-0.0124054	0.00565955	0	0	0	0	0	0	-1.58274e+09	0.106802	0	0        0   2.30806e+07      0      17.5814    23.8296    0
28.0639	41689087	0	201.425	0.0330705	-0.0183007	0.00421647	-0.00842174	0.00421649	0	0	0	0	0	0	-2.85872e+09	0.0799937	0	0        0   4.16891e+07      0      23.8296    32.2982    0
38.0373	74857008	0	201.383	0.0246974	-0.0142787	0.00314895	0.000754316	0.00314808	0	0	0	0	0	0	-5.13256e+09	0.0601129	0	0        0   7.4857e+07      0      32.2982    43.7764    0
51.5551	133578085	0	201.382	0.0185069	-0.0152321	0.00235854	0.0102694	0.00235818	0	0	0	0	0	0	-9.15794e+09	0.0453379	0	0        0   1.33578e+08      0      43.7764    59.3338    0
69.8769	236376889	0	201.432	0.0139283	-0.00865816	0.00177418	0.00864114	0.00177396	0	0	0	0	0	0	-1.62036e+10	0.034309	0	0        0   2.36377e+08      0      59.3338    80.42    0
94.7099	413867891	0	201.686	0.010546	-0.00869802	0.00134245	0.00986796	0.00134225	0	0	0	0	0	0	-2.83659e+10	0.026071	0	0        0   4.13868e+08      0      80.42    109    0
