# 1bin_value	2data_points	3sqrt(data_points)	4W	5W_err	6e+	7e+_err	8eX 9eX_err	10e++ 	11e++_err		12eXX	13eXX_err		14e+X	15e+X_err 	16theta          17theta_err       17num_den	18num_err 19LS_err     20wt_num     21wt_num_err  22r_low   23r_high 24sig_crit
0.117769	8303	0	200	0	0	0	0	0	0	0	0	0	0	0	0	0	0	0        0   8303      0      0.1    0.135538    0
0.159622	14909	0	200	0	0	0	0	0	0	0	0	0	0	0	0	0	0	0        0   14909      0      0.135538    0.183706    0
0.216349	27679	0	200	0	0	0	0	0	0	0	0	0	0	0	0	0	0	0        0   27679      0      0.183706    0.248992    0
0.293236	50526	0	200	0	0	0	0	0	0	0	0	0	0	0	0	0	0	0        0   50526      0      0.248992    0.33748    0
0.397447	91932	0	200	0	0	0	0	0	0	0	0	0	0	0	0	0	0	0        0   91932      0      0.33748    0.457415    0
0.538693	168306	0	200	0	0	0	0	0	0	0	0	0	0	0	0	0	0	0        0   168306      0      0.457415    0.619972    0
0.730136	308312	0	200	0	0	0	0	0	0	0	0	0	0	0	0	0	0	0        0   308312      0      0.619972    0.8403    0
0.989614	562548	0	200	0	0	0	0	0	0	0	0	0	0	0	0	0	0	0        0   562548      0      0.8403    1.13893    0
1.34131	1031447	0	200	0	0	0	0	0	0	0	0	0	0	0	0	0	0	0        0   1.03145e+06      0      1.13893    1.54368    0
1.81798	1884535	0	200	0	0	0	0	0	0	0	0	0	0	0	0	0	0	0        0   1.88454e+06      0      1.54368    2.09228    0
2.46406	3436465	0	200	0	0	0	0	0	0	0	0	0	0	0	0	0	0	0        0   3.43646e+06      0      2.09228    2.83584    0
3.33975	6280244	0	200	0	0	0	0	0	0	0	0	0	0	0	0	0	0	0        0   6.28024e+06      0      2.83584    3.84365    0
4.52664	11490733	0	200	0	0	0	0	0	0	0	0	0	0	0	0	0	0	0        0   1.14907e+07      0      3.84365    5.20962    0
6.13533	21010019	0	200	0	0	0	0	0	0	0	0	0	0	0	0	0	0	0        0   2.101e+07      0      5.20962    7.06103    0
8.31572	38321824	0	200	0	0	0	0	0	0	0	0	0	0	0	0	0	0	0        0   3.83218e+07      0      7.06103    9.5704    0
11.271	69773779	0	200	0	0	0	0	0	0	0	0	0	0	0	0	0	0	0        0   6.97738e+07      0      9.5704    12.9716    0
15.2765	126861838	0	200	0	0	0	0	0	0	0	0	0	0	0	0	0	0	0        0   1.26862e+08      0      12.9716    17.5814    0
20.7055	229855362	0	200	0	0	0	0	0	0	0	0	0	0	0	0	0	0	0        0   2.29855e+08      0      17.5814    23.8296    0
28.0639	415007730	0	200	0	0	0	0	0	0	0	0	0	0	0	0	0	0	0        0   4.15008e+08      0      23.8296    32.2982    0
38.0373	745599191	0	200	0	0	0	0	0	0	0	0	0	0	0	0	0	0	0        0   7.45599e+08      0      32.2982    43.7764    0
51.5551	1330790018	0	200	0	0	0	0	0	0	0	0	0	0	0	0	0	0	0        0   1.33079e+09      0      43.7764    59.3338    0
69.8769	2354072472	0	200	0	0	0	0	0	0	0	0	0	0	0	0	0	0	0        0   2.35407e+09      0      59.3338    80.42    0
94.7099	4114405731	0	200	0	0	0	0	0	0	0	0	0	0	0	0	0	0	0        0   4.11441e+09      0      80.42    109    0
