# 1bin_value	2data_points	3sqrt(data_points)	4W	5W_err	6e+	7e+_err	8eX 9eX_err	10e++ 	11e++_err		12eXX	13eXX_err		14e+X	15e+X_err 	16theta          17theta_err       17num_den	18num_err 19LS_err     20wt_num     21wt_num_err  22r_low   23r_high 24sig_crit
0.117769	8084	0	200	0	0	0	0	0	0	0	0	0	0	0	0	0	0	0        0   8084      0      0.1    0.135538    0
0.159622	14741	0	200	0	0	0	0	0	0	0	0	0	0	0	0	0	0	0        0   14741      0      0.135538    0.183706    0
0.216349	27600	0	200	0	0	0	0	0	0	0	0	0	0	0	0	0	0	0        0   27600      0      0.183706    0.248992    0
0.293236	49334	0	200	0	0	0	0	0	0	0	0	0	0	0	0	0	0	0        0   49334      0      0.248992    0.33748    0
0.397447	90437	0	200	0	0	0	0	0	0	0	0	0	0	0	0	0	0	0        0   90437      0      0.33748    0.457415    0
0.538693	163971	0	200	0	0	0	0	0	0	0	0	0	0	0	0	0	0	0        0   163971      0      0.457415    0.619972    0
0.730136	302102	0	200	0	0	0	0	0	0	0	0	0	0	0	0	0	0	0        0   302102      0      0.619972    0.8403    0
0.989614	551387	0	200	0	0	0	0	0	0	0	0	0	0	0	0	0	0	0        0   551387      0      0.8403    1.13893    0
1.34131	1010378	0	200	0	0	0	0	0	0	0	0	0	0	0	0	0	0	0        0   1.01038e+06      0      1.13893    1.54368    0
1.81798	1846799	0	200	0	0	0	0	0	0	0	0	0	0	0	0	0	0	0        0   1.8468e+06      0      1.54368    2.09228    0
2.46406	3371196	0	200	0	0	0	0	0	0	0	0	0	0	0	0	0	0	0        0   3.3712e+06      0      2.09228    2.83584    0
3.33975	6163261	0	200	0	0	0	0	0	0	0	0	0	0	0	0	0	0	0        0   6.16326e+06      0      2.83584    3.84365    0
4.52664	11270325	0	200	0	0	0	0	0	0	0	0	0	0	0	0	0	0	0        0   1.12703e+07      0      3.84365    5.20962    0
6.13533	20612561	0	200	0	0	0	0	0	0	0	0	0	0	0	0	0	0	0        0   2.06126e+07      0      5.20962    7.06103    0
8.31572	37596940	0	200	0	0	0	0	0	0	0	0	0	0	0	0	0	0	0        0   3.75969e+07      0      7.06103    9.5704    0
11.271	68440118	0	200	0	0	0	0	0	0	0	0	0	0	0	0	0	0	0        0   6.84401e+07      0      9.5704    12.9716    0
15.2765	124469457	0	200	0	0	0	0	0	0	0	0	0	0	0	0	0	0	0        0   1.24469e+08      0      12.9716    17.5814    0
20.7055	225630443	0	200	0	0	0	0	0	0	0	0	0	0	0	0	0	0	0        0   2.2563e+08      0      17.5814    23.8296    0
28.0639	407593206	0	200	0	0	0	0	0	0	0	0	0	0	0	0	0	0	0        0   4.07593e+08      0      23.8296    32.2982    0
38.0373	732852662	0	200	0	0	0	0	0	0	0	0	0	0	0	0	0	0	0        0   7.32853e+08      0      32.2982    43.7764    0
51.5551	1309142935	0	200	0	0	0	0	0	0	0	0	0	0	0	0	0	0	0        0   1.30914e+09      0      43.7764    59.3338    0
69.8769	2318753171	0	200	0	0	0	0	0	0	0	0	0	0	0	0	0	0	0        0   2.31875e+09      0      59.3338    80.42    0
94.7099	4058675057	0	200	0	0	0	0	0	0	0	0	0	0	0	0	0	0	0        0   4.05868e+09      0      80.42    109    0
