# 1bin_value	2data_points	3sqrt(data_points)	4W	5W_err	6e+	7e+_err	8eX 9eX_err	10e++ 	11e++_err		12eXX	13eXX_err		14e+X	15e+X_err 	16theta          17theta_err       17num_den	18num_err 19LS_err     20wt_num     21wt_num_err  22r_low   23r_high 24sig_crit
0.117769	693	0	191.678	7.77329	0	0	0	0	0	0	0	0	0	0	-1283.19	77051.2	0	0        0   713      0      0.1    0.135538    0
0.159622	1385	0	201.626	5.77746	0	0	0	0	0	0	0	0	0	0	-1352.78	149583	0	0        0   1414      0      0.135538    0.183706    0
0.216349	2365	0	192.153	4.20747	0	0	0	0	0	0	0	0	0	0	-1289.32	256554	0	0        0   2421      0      0.183706    0.248992    0
0.293236	4373	0	194.797	3.1434	0	0	0	0	0	0	0	0	0	0	-1306.21	475489	0	0        0   4478      0      0.248992    0.33748    0
0.397447	8106	0	195.462	2.31228	0	0	0	0	0	0	0	0	0	0	-1312.64	877309	0	0        0   8280      0      0.33748    0.457415    0
0.538693	14933	0	197.721	1.72526	0	0	0	0	0	0	0	0	0	0	-1325.17	1.61535e+06	0	0        0   15278      0      0.457415    0.619972    0
0.730136	27237	0	197.158	1.27431	0	0	0	0	0	0	0	0	0	0	-1321.12	2.95038e+06	0	0        0   27908      0      0.619972    0.8403    0
0.989614	50599	0	200.381	0.950416	0	0	0	0	0	0	0	0	0	0	-1339.42	5.45509e+06	0	0        0   51844      0      0.8403    1.13893    0
1.34131	92478	0	200.674	0.704082	0	0	0	0	0	0	0	0	0	0	-1343.41	9.97881e+06	0	0        0   94685      0      1.13893    1.54368    0
1.81798	168187	0	199.332	0.518172	0	0	0	0	0	0	0	0	0	0	-1335.57	1.81634e+07	0	0        0   172085      0      1.54368    2.09228    0
2.46406	307421	0	199.342	0.383311	0	0	0	0	0	0	0	0	0	0	-1335.54	3.31947e+07	0	0        0   314638      0      2.09228    2.83584    0
3.33975	562691	0	199.851	0.284171	0	0	0	0	0	0	0	0	0	0	-1338.61	6.08058e+07	0	0        0   576103      0      2.83584    3.84365    0
4.52664	1032510	0	200.653	0.21063	0	0	0	0	0	0	0	0	0	0	-1344.36	1.11572e+08	0	0        0   1.05688e+06      0      3.84365    5.20962    0
6.13533	1885038	0	200.227	0.155546	0	0	0	0	0	0	0	0	0	0	-1341.62	2.03701e+08	0	0        0   1.92934e+06      0      5.20962    7.06103    0
8.31572	3441196	0	200.264	0.115163	0	0	0	0	0	0	0	0	0	0	-1341.73	3.71984e+08	0	0        0   3.52292e+06      0      7.06103    9.5704    0
11.271	6259227	0	200.089	0.0853202	0	0	0	0	0	0	0	0	0	0	-1340.41	6.76574e+08	0	0        0   6.40779e+06      0      9.5704    12.9716    0
15.2765	11381806	0	200.087	0.0632756	0	0	0	0	0	0	0	0	0	0	-1340.26	1.23031e+09	0	0        0   1.16523e+07      0      12.9716    17.5814    0
20.7055	20637389	0	200.191	0.0470253	0	0	0	0	0	0	0	0	0	0	-1341.04	2.23158e+09	0	0        0   2.11268e+07      0      17.5814    23.8296    0
28.0639	37236889	0	200.031	0.0349903	0	0	0	0	0	0	0	0	0	0	-1339.99	4.02879e+09	0	0        0   3.8118e+07      0      23.8296    32.2982    0
38.0373	66923335	0	200.038	0.0261118	0	0	0	0	0	0	0	0	0	0	-1340.07	7.24583e+09	0	0        0   6.85017e+07      0      32.2982    43.7764    0
51.5551	119483703	0	200.038	0.019554	0	0	0	0	0	0	0	0	0	0	-1339.81	1.29474e+10	0	0        0   1.22305e+08      0      43.7764    59.3338    0
69.8769	211533025	0	200.152	0.0147146	0	0	0	0	0	0	0	0	0	0	-1340.44	2.29462e+10	0	0        0   2.16527e+08      0      59.3338    80.42    0
94.7099	369985782	0	200.275	0.0111401	0	0	0	0	0	0	0	0	0	0	-1341.05	4.01683e+10	0	0        0   3.78722e+08      0      80.42    109    0
