# 1bin_value	2data_points	3sqrt(data_points)	4W	5W_err	6e+	7e+_err	8eX 9eX_err	10e++ 	11e++_err		12eXX	13eXX_err		14e+X	15e+X_err 	16theta          17theta_err       17num_den	18num_err 19LS_err     20wt_num     21wt_num_err  22r_low   23r_high 24sig_crit
0.117769	677	inf	1381.16	77.5458	25.3031	7.18523	5.79358	7.78781	0	0	0	0	0	0	-9219.46	307.921	0	inf        0   0      0      0.1    0.135538    0
0.159622	957	22.0517	1033.35	49.2889	8.97197	5.24557	3.21031	5.41484	0	0	0	0	0	0	-6889.24	176.553	0	22.0517        0   0      0      0.135538    0.183706    0
0.216349	1418	13.1767	768.529	30.6421	18.0223	3.469	2.01824	3.50648	0	0	0	0	0	0	-5110.36	97.658	0	13.1767        0   0      0      0.183706    0.248992    0
0.293236	2307	8.85272	671.296	21.0165	7.82515	2.5472	5.02664	2.44615	0	0	0	0	0	0	-4468.17	61.1391	0	8.85272        0   0      0      0.248992    0.33748    0
0.397447	3434	6.28949	522.073	13.8481	5.55647	1.69176	0.912563	1.66203	0	0	0	0	0	0	-3432.58	34.8967	0	6.28949        0   0      0      0.33748    0.457415    0
0.538693	4738	4.77442	347.66	8.83797	2.15623	1.10552	-0.795878	1.08758	0	0	0	0	0	0	-2288.72	18.9231	0	4.77442        0   0      0      0.457415    0.619972    0
0.730136	6933	3.54573	235.915	5.75586	1.48088	0.727729	-0.0601086	0.730357	0	0	0	0	0	0	-1537.14	10.5891	0	3.54573        0   0      0      0.619972    0.8403    0
0.989614	10895	2.57459	174.197	3.94738	1.42332	0.514618	0.484011	0.503864	0	0	0	0	0	0	-1124.83	6.37776	0	2.57459        0   0      0      0.8403    1.13893    0
1.34131	17300	1.94268	125.193	2.7213	0.635793	0.346426	0.503805	0.342049	0	0	0	0	0	0	-803.675	4.06704	0	1.94268        0   0      0      1.13893    1.54368    0
1.81798	28959	1.44041	98.6633	1.94149	0.412488	0.249871	-0.52195	0.246442	0	0	0	0	0	0	-628.5	2.7297	0	1.44041        0   0      0      1.54368    2.09228    0
2.46406	49925	1.06579	82.1416	1.40293	0.751226	0.178794	-0.126299	0.178791	0	0	0	0	0	0	-516.556	1.90674	0	1.06579        0   0      0      2.09228    2.83584    0
3.33975	84853	0.794278	62.1985	1.0062	0.263947	0.127952	0.0498542	0.127976	0	0	0	0	0	0	-387.65	1.33007	0	0.794278        0   0      0      2.83584    3.84365    0
4.52664	146431	0.589814	47.3089	0.725676	0.347064	0.0921739	0.0271546	0.0922295	0	0	0	0	0	0	-290.765	0.935414	0	0.589814        0   0      0      3.84365    5.20962    0
6.13533	256457	0.43664	38.115	0.528103	0.383932	0.0671532	0.0236075	0.0670102	0	0	0	0	0	0	-225.023	0.668935	0	0.43664        0   0      0      5.20962    7.06103    0
8.31572	447945	0.325196	28.1678	0.383997	0.25277	0.0487982	0.0252762	0.0486729	0	0	0	0	0	0	-157.093	0.481283	0	0.325196        0   0      0      7.06103    9.5704    0
11.271	789603	0.241938	20.4641	0.281064	0.152767	0.0356721	0.013705	0.0356145	0	0	0	0	0	0	-108.783	0.349852	0	0.241938        0   0      0      9.5704    12.9716    0
15.2765	1391779	0.180511	13.8958	0.205857	0.1891	0.0261201	-0.00564983	0.0261004	0	0	0	0	0	0	-64.4681	0.254978	0	0.180511        0   0      0      12.9716    17.5814    0
20.7055	2472862	0.134585	9.65928	0.151714	0.168575	0.0192181	0.0115634	0.0192298	0	0	0	0	0	0	-36.6374	0.187512	0	0.134585        0   0      0      17.5814    23.8296    0
28.0639	4400683	0.100535	6.47375	0.112277	0.0556309	0.0142042	0.0428365	0.014207	0	0	0	0	0	0	-14.5618	0.138439	0	0.100535        0   0      0      23.8296    32.2982    0
38.0373	7802040	0.0753344	3.50681	0.0832866	0.0802769	0.0105499	0.051351	0.0105446	0	0	0	0	0	0	4.93914	0.102615	0	0.0753344        0   0      0      32.2982    43.7764    0
51.5551	13790643	0.0565881	1.36109	0.0620871	0.0461154	0.00785697	0.0180546	0.00786137	0	0	0	0	0	0	20.2317	0.0765312	0	0.0565881        0   0      0      43.7764    59.3338    0
69.8769	24298704	0.042604	0.163409	0.0465893	0.0421624	0.00588927	0.00863268	0.00588988	0	0	0	0	0	0	27.634	0.0575417	0	0.042604        0   0      0      59.3338    80.42    0
94.7099	42487397	0.032211	-0.217929	0.0352545	0.0120848	0.0044535	0.00405576	0.00445466	0	0	0	0	0	0	29.8539	0.0438322	0	0.032211        0   0      0      80.42    109    0
