# 1bin_value	2data_points	3sqrt(data_points)	4W	5W_err	6e+	7e+_err	8eX 9eX_err	10e++ 	11e++_err		12eXX	13eXX_err		14e+X	15e+X_err 	16theta          17theta_err       17num_den	18num_err 19LS_err     20wt_num     21wt_num_err  22r_low   23r_high 24sig_crit
0.117769	666	0	1562.35	76.3832	24.7961	7.13599	3.1707	7.73134	0	0	0	0	0	0	-45303.7	306.959	0	0        0   685      0      0.1    0.135538    0
0.159622	949	0	1245.49	48.6783	8.40321	5.21053	3.22048	5.38351	0	0	0	0	0	0	-64662.1	177.558	0	0        0   979      0      0.135538    0.183706    0
0.216349	1402	0	975.41	30.1998	17.9938	3.44596	0.587746	3.48569	0	0	0	0	0	0	-96192	98.8823	0	0        0   1443      0      0.183706    0.248992    0
0.293236	2276	0	868.376	20.5227	7.3359	2.51931	4.07455	2.41772	0	0	0	0	0	0	-155963	61.6084	0	0        0   2340      0      0.248992    0.33748    0
0.397447	3394	0	715.09	13.4931	5.41348	1.67193	1.3486	1.64134	0	0	0	0	0	0	-232644	35.3788	0	0        0   3504      0      0.33748    0.457415    0
0.538693	4699	0	545.381	8.52397	2.34869	1.08675	-1.0348	1.06811	0	0	0	0	0	0	-322552	19.0212	0	0        0   4838      0      0.457415    0.619972    0
0.730136	6839	0	431.763	5.50654	1.26144	0.712984	-0.0720804	0.715348	0	0	0	0	0	0	-469351	10.9591	0	0        0   7012      0      0.619972    0.8403    0
0.989614	10777	0	372.775	3.74251	1.52896	0.502646	0.583501	0.491509	0	0	0	0	0	0	-738236	6.51285	0	0        0   11049      0      0.8403    1.13893    0
1.34131	17125	0	323.639	2.55887	0.620019	0.336669	0.440475	0.332095	0	0	0	0	0	0	-1.17386e+06	4.13466	0	0        0   17501      0      1.13893    1.54368    0
1.81798	28662	0	298.17	1.81633	0.436974	0.242334	-0.39594	0.238832	0	0	0	0	0	0	-1.96516e+06	2.76269	0	0        0   29315      0      1.54368    2.09228    0
2.46406	49378	0	282.09	1.30754	0.723959	0.172983	-0.127877	0.172992	0	0	0	0	0	0	-3.38541e+06	1.93633	0	0        0   50492      0      2.09228    2.83584    0
3.33975	83959	0	263.092	0.933445	0.255394	0.123536	0.0766253	0.12355	0	0	0	0	0	0	-5.75561e+06	1.33613	0	0        0   85832      0      2.83584    3.84365    0
4.52664	144900	0	248.676	0.670253	0.352556	0.088803	0.0610148	0.0888749	0	0	0	0	0	0	-9.93312e+06	0.933651	0	0        0   148008      0      3.84365    5.20962    0
6.13533	253705	0	238.902	0.486592	0.387359	0.0646378	0.0127174	0.0644922	0	0	0	0	0	0	-1.73992e+07	0.668706	0	0        0   259343      0      5.20962    7.06103    0
8.31572	443209	0	229.106	0.35269	0.258729	0.0469011	0.046499	0.0467742	0	0	0	0	0	0	-3.03971e+07	0.47655	0	0        0   452824      0      7.06103    9.5704    0
11.271	781084	0	222.153	0.257534	0.137019	0.0342498	0.0227307	0.0341902	0	0	0	0	0	0	-5.35892e+07	0.346293	0	0        0   797999      0      9.5704    12.9716    0
15.2765	1376496	0	215.611	0.188218	0.167981	0.0250572	-0.00577075	0.0250376	0	0	0	0	0	0	-9.43991e+07	0.251998	0	0        0   1.406e+06      0      12.9716    17.5814    0
20.7055	2444689	0	211.537	0.138544	0.152432	0.0184268	-0.00108404	0.0184397	0	0	0	0	0	0	-1.67652e+08	0.185859	0	0        0   2.49616e+06      0      17.5814    23.8296    0
28.0639	4345631	0	208.467	0.102463	0.0369503	0.0136178	0.0371804	0.0136207	0	0	0	0	0	0	-2.9797e+08	0.138841	0	0        0   4.43767e+06      0      23.8296    32.2982    0
38.0373	7695811	0	205.582	0.07596	0.0655249	0.0101161	0.0563745	0.0101108	0	0	0	0	0	0	-5.27601e+08	0.104054	0	0        0   7.85746e+06      0      32.2982    43.7764    0
51.5551	13585842	0	203.447	0.0566158	0.0376708	0.00753568	0.0274408	0.00754042	0	0	0	0	0	0	-9.31118e+08	0.0785958	0	0        0   1.3874e+07      0      43.7764    59.3338    0
69.8769	23916490	0	202.454	0.0424859	0.0359532	0.00564991	0.00707079	0.00565063	0	0	0	0	0	0	-1.63901e+09	0.0596533	0	0        0   2.44225e+07      0      59.3338    80.42    0
94.7099	41813965	0	202.485	0.0321481	0.00594152	0.00427245	0.00037358	0.00427374	0	0	0	0	0	0	-2.86554e+09	0.0454171	0	0        0   4.26992e+07      0      80.42    109    0
