# 1bin_value	2data_points	3sqrt(data_points)	4W	5W_err	6e+	7e+_err	8eX 9eX_err	10e++ 	11e++_err		12eXX	13eXX_err		14e+X	15e+X_err 	16theta          17theta_err       17num_den	18num_err 19LS_err     20wt_num     21wt_num_err  22r_low   23r_high 24sig_crit
0.117769	7260	0	200	0	0	0	0	0	0	0	0	0	0	0	0	0	0	0        0   7260      0      0.1    0.135538    0
0.159622	13674	0	200	0	0	0	0	0	0	0	0	0	0	0	0	0	0	0        0   13674      0      0.135538    0.183706    0
0.216349	24634	0	200	0	0	0	0	0	0	0	0	0	0	0	0	0	0	0        0   24634      0      0.183706    0.248992    0
0.293236	44816	0	200	0	0	0	0	0	0	0	0	0	0	0	0	0	0	0        0   44816      0      0.248992    0.33748    0
0.397447	82538	0	200	0	0	0	0	0	0	0	0	0	0	0	0	0	0	0        0   82538      0      0.33748    0.457415    0
0.538693	150665	0	200	0	0	0	0	0	0	0	0	0	0	0	0	0	0	0        0   150665      0      0.457415    0.619972    0
0.730136	276017	0	200	0	0	0	0	0	0	0	0	0	0	0	0	0	0	0        0   276017      0      0.619972    0.8403    0
0.989614	504174	0	200	0	0	0	0	0	0	0	0	0	0	0	0	0	0	0        0   504174      0      0.8403    1.13893    0
1.34131	919851	0	200	0	0	0	0	0	0	0	0	0	0	0	0	0	0	0        0   919851      0      1.13893    1.54368    0
1.81798	1682087	0	200	0	0	0	0	0	0	0	0	0	0	0	0	0	0	0        0   1.68209e+06      0      1.54368    2.09228    0
2.46406	3075493	0	200	0	0	0	0	0	0	0	0	0	0	0	0	0	0	0        0   3.07549e+06      0      2.09228    2.83584    0
3.33975	5615644	0	200	0	0	0	0	0	0	0	0	0	0	0	0	0	0	0        0   5.61564e+06      0      2.83584    3.84365    0
4.52664	10260474	0	200	0	0	0	0	0	0	0	0	0	0	0	0	0	0	0        0   1.02605e+07      0      3.84365    5.20962    0
6.13533	18768384	0	200	0	0	0	0	0	0	0	0	0	0	0	0	0	0	0        0   1.87684e+07      0      5.20962    7.06103    0
8.31572	34259300	0	200	0	0	0	0	0	0	0	0	0	0	0	0	0	0	0        0   3.42593e+07      0      7.06103    9.5704    0
11.271	62349351	0	200	0	0	0	0	0	0	0	0	0	0	0	0	0	0	0        0   6.23494e+07      0      9.5704    12.9716    0
15.2765	113353337	0	200	0	0	0	0	0	0	0	0	0	0	0	0	0	0	0        0   1.13353e+08      0      12.9716    17.5814    0
20.7055	205371377	0	200	0	0	0	0	0	0	0	0	0	0	0	0	0	0	0        0   2.05371e+08      0      17.5814    23.8296    0
28.0639	370730163	0	200	0	0	0	0	0	0	0	0	0	0	0	0	0	0	0        0   3.7073e+08      0      23.8296    32.2982    0
38.0373	666038950	0	200	0	0	0	0	0	0	0	0	0	0	0	0	0	0	0        0   6.66039e+08      0      32.2982    43.7764    0
51.5551	1188791388	0	200	0	0	0	0	0	0	0	0	0	0	0	0	0	0	0        0   1.18879e+09      0      43.7764    59.3338    0
69.8769	2102636479	0	200	0	0	0	0	0	0	0	0	0	0	0	0	0	0	0        0   2.10264e+09      0      59.3338    80.42    0
94.7099	3674539688	0	200	0	0	0	0	0	0	0	0	0	0	0	0	0	0	0        0   3.67454e+09      0      80.42    109    0
