# 1bin_value	2data_points	3sqrt(data_points)	4W	5W_err	6e+	7e+_err	8eX 9eX_err	10e++ 	11e++_err		12eXX	13eXX_err		14e+X	15e+X_err 	16theta          17theta_err       17num_den	18num_err 19LS_err     20wt_num     21wt_num_err  22r_low   23r_high 24sig_crit
0.117769	731	0	1962.27	96.8875	17.4426	11.8228	3.3388	10.9442	0	0	0	0	0	0	-50150.9	397.393	0	0        0   782      0      0.1    0.135538    0
0.159622	1112	0	1553.33	58.2425	29.6268	7.78852	-2.59325	7.50915	0	0	0	0	0	0	-76475	213.818	0	0        0   1196      0      0.135538    0.183706    0
0.216349	1498	0	1214.2	37.8027	10.2717	5.2783	2.63615	5.333	0	0	0	0	0	0	-102646	125.179	0	0        0   1609      0      0.183706    0.248992    0
0.293236	2437	0	1048.91	24.9034	7.08932	5.70316	1.8659	4.7668	0	0	0	0	0	0	-168398	72.7772	0	0        0   2631      0      0.248992    0.33748    0
0.397447	3605	0	851.834	16.2623	5.37302	2.42544	-2.21733	2.4629	0	0	0	0	0	0	-247942	42.9372	0	0        0   3884      0      0.33748    0.457415    0
0.538693	4815	0	626.906	9.93239	2.99855	1.62391	-2.51794	1.53714	0	0	0	0	0	0	-329391	22.4819	0	0        0   5156      0      0.457415    0.619972    0
0.730136	6957	0	493.973	6.4087	2.98314	1.03	-0.012323	1.03441	0	0	0	0	0	0	-477301	12.2733	0	0        0   7380      0      0.619972    0.8403    0
0.989614	10247	0	397.391	4.18462	1.02116	1.13043	-0.22902	0.774837	0	0	0	0	0	0	-701574	7.33471	0	0        0   10842      0      0.8403    1.13893    0
1.34131	16100	0	342.754	2.85497	1.08165	0.479942	0.569998	0.470462	0	0	0	0	0	0	-1.1036e+06	4.56714	0	0        0   17006      0      1.13893    1.54368    0
1.81798	26663	0	310.805	2.00415	-0.00739	0.338065	0.113322	0.378558	0	0	0	0	0	0	-1.83037e+06	3.02317	0	0        0   28060      0      1.54368    2.09228    0
2.46406	45464	0	289.888	1.42154	0.253691	0.320247	0.307075	0.301716	0	0	0	0	0	0	-3.11808e+06	2.05123	0	0        0   47722      0      2.09228    2.83584    0
3.33975	77623	0	272.435	1.02557	0.587703	0.186772	-0.220688	0.183776	0	0	0	0	0	0	-5.3232e+06	1.43595	0	0        0   81658      0      2.83584    3.84365    0
4.52664	133684	0	257.545	0.736087	0.460891	0.137909	0.0472177	0.130888	0	0	0	0	0	0	-9.16339e+06	0.999914	0	0        0   140639      0      3.84365    5.20962    0
6.13533	233077	0	245.817	0.53132	0.330198	0.0955979	-0.237951	0.0957236	0	0	0	0	0	0	-1.59817e+07	0.709079	0	0        0   245025      0      5.20962    7.06103    0
8.31572	405823	0	234.515	0.383523	0.324892	0.071312	0.0261305	0.0742867	0	0	0	0	0	0	-2.78105e+07	0.506499	0	0        0   425769      0      7.06103    9.5704    0
11.271	709722	0	225.863	0.279054	0.259305	0.0570186	-0.0863623	0.0584231	0	0	0	0	0	0	-4.86569e+07	0.366923	0	0        0   744808      0      9.5704    12.9716    0
15.2765	1249247	0	218.95	0.203853	0.230353	0.0427224	-0.0395623	0.0429764	0	0	0	0	0	0	-8.567e+07	0.267371	0	0        0   1.31047e+06      0      12.9716    17.5814    0
20.7055	2209960	0	213.992	0.149808	0.15189	0.0316531	-0.0154801	0.0341906	0	0	0	0	0	0	-1.51548e+08	0.198722	0	0        0   2.31706e+06      0      17.5814    23.8296    0
28.0639	3907088	0	209.823	0.110518	0.10055	0.0227964	0.0118298	0.0237665	0	0	0	0	0	0	-2.67909e+08	0.147642	0	0        0   4.09629e+06      0      23.8296    32.2982    0
38.0373	6898298	0	206.459	0.0818685	0.12459	0.0168225	0.0145649	0.0170907	0	0	0	0	0	0	-4.72957e+08	0.110787	0	0        0   7.2319e+06      0      32.2982    43.7764    0
51.5551	12141898	0	203.733	0.0609276	0.128449	0.0127581	0.0146332	0.0123025	0	0	0	0	0	0	-8.32284e+08	0.0841614	0	0        0   1.27258e+07      0      43.7764    59.3338    0
69.8769	21293344	0	202.161	0.0457076	0.0584065	0.0093344	0.04546	0.0091992	0	0	0	0	0	0	-1.4593e+09	0.0647867	0	0        0   2.23115e+07      0      59.3338    80.42    0
94.7099	36967397	0	201.118	0.0345648	0.0473479	0.00698448	0.0305061	0.0070662	0	0	0	0	0	0	-2.53351e+09	0.0504096	0	0        0   3.8742e+07      0      80.42    109    0
