# 1bin_value	2data_points	3sqrt(data_points)	4W	5W_err	6e+	7e+_err	8eX 9eX_err	10e++ 	11e++_err		12eXX	13eXX_err		14e+X	15e+X_err 	16theta          17theta_err       17num_den	18num_err 19LS_err     20wt_num     21wt_num_err  22r_low   23r_high 24sig_crit
0.117769	692	0	191.726	7.78761	0	0	0	0	0	0	0	0	0	0	-1285.5	77051.2	0	0        0   712      0      0.1    0.135538    0
0.159622	1378	0	200.996	5.78646	0	0	0	0	0	0	0	0	0	0	-1347.02	149583	0	0        0   1407      0      0.135538    0.183706    0
0.216349	2358	0	191.872	4.21026	0	0	0	0	0	0	0	0	0	0	-1287.03	256554	0	0        0   2415      0      0.183706    0.248992    0
0.293236	4381	0	195.429	3.14914	0	0	0	0	0	0	0	0	0	0	-1310.64	475489	0	0        0   4486      0      0.248992    0.33748    0
0.397447	8104	0	195.743	2.31683	0	0	0	0	0	0	0	0	0	0	-1314.73	877309	0	0        0   8277      0      0.33748    0.457415    0
0.538693	14951	0	198.235	1.72779	0	0	0	0	0	0	0	0	0	0	-1328.59	1.61535e+06	0	0        0   15298      0      0.457415    0.619972    0
0.730136	27221	0	197.326	1.27613	0	0	0	0	0	0	0	0	0	0	-1322.22	2.95038e+06	0	0        0   27894      0      0.619972    0.8403    0
0.989614	50555	0	200.503	0.951926	0	0	0	0	0	0	0	0	0	0	-1340.31	5.45509e+06	0	0        0   51796      0      0.8403    1.13893    0
1.34131	92323	0	200.658	0.70513	0	0	0	0	0	0	0	0	0	0	-1343.22	9.97881e+06	0	0        0   94535      0      1.13893    1.54368    0
1.81798	167954	0	199.426	0.519133	0	0	0	0	0	0	0	0	0	0	-1336.33	1.81634e+07	0	0        0   171853      0      1.54368    2.09228    0
2.46406	306947	0	199.428	0.384069	0	0	0	0	0	0	0	0	0	0	-1336.12	3.31947e+07	0	0        0   314159      0      2.09228    2.83584    0
3.33975	561870	0	199.998	0.28479	0	0	0	0	0	0	0	0	0	0	-1339.51	6.08058e+07	0	0        0   575314      0      2.83584    3.84365    0
4.52664	1030665	0	200.735	0.211088	0	0	0	0	0	0	0	0	0	0	-1344.82	1.11572e+08	0	0        0   1.05506e+06      0      3.84365    5.20962    0
6.13533	1881276	0	200.281	0.155894	0	0	0	0	0	0	0	0	0	0	-1341.92	2.03701e+08	0	0        0   1.9256e+06      0      5.20962    7.06103    0
8.31572	3433883	0	200.328	0.11544	0	0	0	0	0	0	0	0	0	0	-1342.07	3.71984e+08	0	0        0   3.51567e+06      0      7.06103    9.5704    0
11.271	6244703	0	200.164	0.0855482	0	0	0	0	0	0	0	0	0	0	-1340.84	6.76574e+08	0	0        0   6.3933e+06      0      9.5704    12.9716    0
15.2765	11353122	0	200.173	0.0634609	0	0	0	0	0	0	0	0	0	0	-1340.75	1.23031e+09	0	0        0   1.16237e+07      0      12.9716    17.5814    0
20.7055	20577862	0	200.254	0.0471744	0	0	0	0	0	0	0	0	0	0	-1341.39	2.23158e+09	0	0        0   2.10672e+07      0      17.5814    23.8296    0
28.0639	37126265	0	200.131	0.0351111	0	0	0	0	0	0	0	0	0	0	-1340.59	4.02879e+09	0	0        0   3.80073e+07      0      23.8296    32.2982    0
38.0373	66711911	0	200.154	0.0262093	0	0	0	0	0	0	0	0	0	0	-1340.79	7.24583e+09	0	0        0   6.82899e+07      0      32.2982    43.7764    0
51.5551	119080664	0	200.172	0.0196331	0	0	0	0	0	0	0	0	0	0	-1340.68	1.29474e+10	0	0        0   1.219e+08      0      43.7764    59.3338    0
69.8769	210723591	0	200.267	0.0147795	0	0	0	0	0	0	0	0	0	0	-1341.3	2.29462e+10	0	0        0   2.15712e+08      0      59.3338    80.42    0
94.7099	368427527	0	200.357	0.0111915	0	0	0	0	0	0	0	0	0	0	-1341.91	4.01683e+10	0	0        0   3.77146e+08      0      80.42    109    0
