# 1bin_value	2data_points	3sqrt(data_points)	4W	5W_err	6e+	7e+_err	8eX 9eX_err	10e++ 	11e++_err		12eXX	13eXX_err		14e+X	15e+X_err 	16theta          17theta_err       17num_den	18num_err 19LS_err     20wt_num     21wt_num_err  22r_low   23r_high 24sig_crit
0.117769	870	0	208.145	7.5469	0	0	0	0	0	0	0	0	0	0	-1401.95	94605.1	0	0        0   886      0      0.1    0.135538    0
0.159622	1623	0	217.035	5.76135	0	0	0	0	0	0	0	0	0	0	-1454.67	176189	0	0        0   1660      0      0.135538    0.183706    0
0.216349	2842	0	205.51	4.12012	0	0	0	0	0	0	0	0	0	0	-1378.44	310183	0	0        0   2917      0      0.183706    0.248992    0
0.293236	5147	0	203.549	3.03153	0	0	0	0	0	0	0	0	0	0	-1368.99	564179	0	0        0   5274      0      0.248992    0.33748    0
0.397447	9290	0	201.321	2.22674	0	0	0	0	0	0	0	0	0	0	-1350.5	1.00369e+06	0	0        0   9485      0      0.33748    0.457415    0
0.538693	16980	0	201.352	1.6479	0	0	0	0	0	0	0	0	0	0	-1350.78	1.83877e+06	0	0        0   17377      0      0.457415    0.619972    0
0.730136	30694	0	198.587	1.2083	0	0	0	0	0	0	0	0	0	0	-1331.36	3.31842e+06	0	0        0   31397      0      0.619972    0.8403    0
0.989614	56143	0	199.408	0.898262	0	0	0	0	0	0	0	0	0	0	-1336.56	6.09066e+06	0	0        0   57527      0      0.8403    1.13893    0
1.34131	102741	0	198.816	0.661509	0	0	0	0	0	0	0	0	0	0	-1331.99	1.11078e+07	0	0        0   105165      0      1.13893    1.54368    0
1.81798	188383	0	199.52	0.490305	0	0	0	0	0	0	0	0	0	0	-1337.1	2.03794e+07	0	0        0   192824      0      1.54368    2.09228    0
2.46406	343333	0	199.305	0.362776	0	0	0	0	0	0	0	0	0	0	-1335.61	3.71113e+07	0	0        0   351291      0      2.09228    2.83584    0
3.33975	629444	0	199.99	0.268909	0	0	0	0	0	0	0	0	0	0	-1339.88	6.80337e+07	0	0        0   644163      0      2.83584    3.84365    0
4.52664	1152802	0	200.245	0.199004	0	0	0	0	0	0	0	0	0	0	-1341.61	1.24684e+08	0	0        0   1.18018e+06      0      3.84365    5.20962    0
6.13533	2102057	0	199.685	0.146961	0	0	0	0	0	0	0	0	0	0	-1337.63	2.27383e+08	0	0        0   2.15232e+06      0      5.20962    7.06103    0
8.31572	3830218	0	199.385	0.108686	0	0	0	0	0	0	0	0	0	0	-1335.93	4.14277e+08	0	0        0   3.92068e+06      0      7.06103    9.5704    0
11.271	6986613	0	199.767	0.0806559	0	0	0	0	0	0	0	0	0	0	-1338.01	7.55665e+08	0	0        0   7.15332e+06      0      9.5704    12.9716    0
15.2765	12708849	0	199.765	0.0598022	0	0	0	0	0	0	0	0	0	0	-1338.2	1.37493e+09	0	0        0   1.30105e+07      0      12.9716    17.5814    0
20.7055	23041403	0	199.802	0.0444258	0	0	0	0	0	0	0	0	0	0	-1338.62	2.49338e+09	0	0        0   2.35874e+07      0      17.5814    23.8296    0
28.0639	41620394	0	199.762	0.033052	0	0	0	0	0	0	0	0	0	0	-1338.38	4.50486e+09	0	0        0   4.26038e+07      0      23.8296    32.2982    0
38.0373	74850802	0	199.807	0.0246583	0	0	0	0	0	0	0	0	0	0	-1338.54	8.10313e+09	0	0        0   7.66166e+07      0      32.2982    43.7764    0
51.5551	133689201	0	199.752	0.0184511	0	0	0	0	0	0	0	0	0	0	-1338.02	1.44767e+10	0	0        0   1.36844e+08      0      43.7764    59.3338    0
69.8769	236809180	0	199.844	0.0138758	0	0	0	0	0	0	0	0	0	0	-1338.55	2.56556e+10	0	0        0   2.42394e+08      0      59.3338    80.42    0
94.7099	414148807	0	199.931	0.0105035	0	0	0	0	0	0	0	0	0	0	-1338.92	4.49028e+10	0	0        0   4.23929e+08      0      80.42    109    0
