# 1bin_value	2data_points	3sqrt(data_points)	4W	5W_err	6e+	7e+_err	8eX 9eX_err	10e++ 	11e++_err		12eXX	13eXX_err		14e+X	15e+X_err 	16theta          17theta_err       17num_den	18num_err 19LS_err     20wt_num     21wt_num_err  22r_low   23r_high 24sig_crit
0.117769	691	0	191.315	7.77603	0	0	0	0	0	0	0	0	0	0	-1281.69	77051.2	0	0        0   711      0      0.1    0.135538    0
0.159622	1387	0	202.106	5.78505	0	0	0	0	0	0	0	0	0	0	-1355.22	149583	0	0        0   1416      0      0.135538    0.183706    0
0.216349	2367	0	192.746	4.2154	0	0	0	0	0	0	0	0	0	0	-1293.05	256554	0	0        0   2424      0      0.183706    0.248992    0
0.293236	4382	0	195.327	3.14708	0	0	0	0	0	0	0	0	0	0	-1310.58	475489	0	0        0   4486      0      0.248992    0.33748    0
0.397447	8117	0	195.884	2.31506	0	0	0	0	0	0	0	0	0	0	-1315.57	877309	0	0        0   8290      0      0.33748    0.457415    0
0.538693	14946	0	198.132	1.72777	0	0	0	0	0	0	0	0	0	0	-1328.05	1.61535e+06	0	0        0   15290      0      0.457415    0.619972    0
0.730136	27189	0	197.106	1.27644	0	0	0	0	0	0	0	0	0	0	-1321.02	2.95038e+06	0	0        0   27854      0      0.619972    0.8403    0
0.989614	50551	0	200.385	0.95134	0	0	0	0	0	0	0	0	0	0	-1339.43	5.45509e+06	0	0        0   51795      0      0.8403    1.13893    0
1.34131	92511	0	200.904	0.704721	0	0	0	0	0	0	0	0	0	0	-1344.97	9.97881e+06	0	0        0   94714      0      1.13893    1.54368    0
1.81798	168153	0	199.531	0.51889	0	0	0	0	0	0	0	0	0	0	-1337.12	1.81634e+07	0	0        0   172033      0      1.54368    2.09228    0
2.46406	307275	0	199.472	0.383802	0	0	0	0	0	0	0	0	0	0	-1336.53	3.31947e+07	0	0        0   314459      0      2.09228    2.83584    0
3.33975	562574	0	200.044	0.284551	0	0	0	0	0	0	0	0	0	0	-1340.01	6.08058e+07	0	0        0   575945      0      2.83584    3.84365    0
4.52664	1032158	0	200.803	0.210891	0	0	0	0	0	0	0	0	0	0	-1345.48	1.11572e+08	0	0        0   1.05643e+06      0      3.84365    5.20962    0
6.13533	1884037	0	200.31	0.155717	0	0	0	0	0	0	0	0	0	0	-1342.36	2.03701e+08	0	0        0   1.92809e+06      0      5.20962    7.06103    0
8.31572	3439817	0	200.361	0.115283	0	0	0	0	0	0	0	0	0	0	-1342.54	3.71984e+08	0	0        0   3.52108e+06      0      7.06103    9.5704    0
11.271	6257445	0	200.18	0.0853968	0	0	0	0	0	0	0	0	0	0	-1341.17	6.76574e+08	0	0        0   6.40518e+06      0      9.5704    12.9716    0
15.2765	11378749	0	200.13	0.0633159	0	0	0	0	0	0	0	0	0	0	-1340.71	1.23031e+09	0	0        0   1.16476e+07      0      12.9716    17.5814    0
20.7055	20637561	0	200.204	0.0470349	0	0	0	0	0	0	0	0	0	0	-1341.31	2.23158e+09	0	0        0   2.1124e+07      0      17.5814    23.8296    0
28.0639	37261368	0	200.055	0.0349768	0	0	0	0	0	0	0	0	0	0	-1340.33	4.02879e+09	0	0        0   3.81376e+07      0      23.8296    32.2982    0
38.0373	67028361	0	200.063	0.026079	0	0	0	0	0	0	0	0	0	0	-1340.43	7.24583e+09	0	0        0   6.85975e+07      0      32.2982    43.7764    0
51.5551	119833893	0	200.07	0.019504	0	0	0	0	0	0	0	0	0	0	-1340.24	1.29474e+10	0	0        0   1.2264e+08      0      43.7764    59.3338    0
69.8769	212484227	0	200.178	0.0146539	0	0	0	0	0	0	0	0	0	0	-1340.87	2.29462e+10	0	0        0   2.17456e+08      0      59.3338    80.42    0
94.7099	372261454	0	200.254	0.0110729	0	0	0	0	0	0	0	0	0	0	-1341.2	4.01683e+10	0	0        0   3.80976e+08      0      80.42    109    0
