# 1bin_value	2data_points	3sqrt(data_points)	4W	5W_err	6e+	7e+_err	8eX 9eX_err	10e++ 	11e++_err		12eXX	13eXX_err		14e+X	15e+X_err 	16theta          17theta_err       17num_den	18num_err 19LS_err     20wt_num     21wt_num_err  22r_low   23r_high 24sig_crit
0.117769	815	0	194.453	7.17513	-1.198	0.992646	-0.202523	0.972645	0	0	0	0	0	0	-55899.1	16.4541	0	0        0   815      0      0.1    0.135538    0
0.159622	1574	0	204.772	5.4421	0.509501	0.728725	-1.22453	0.703057	0	0	0	0	0	0	-107700	12.4652	0	0        0   1574      0      0.135538    0.183706    0
0.216349	2692	0	194.413	3.94325	-0.0409075	0.511812	-0.873321	0.511162	0	0	0	0	0	0	-185399	9.00682	0	0        0   2692      0      0.183706    0.248992    0
0.293236	5089	0	199.633	2.94697	-0.092791	0.396634	-0.104255	0.397675	0	0	0	0	0	0	-348207	6.76766	0	0        0   5089      0      0.248992    0.33748    0
0.397447	9217	0	199.291	2.18539	-0.019749	0.289555	-0.324367	0.289848	0	0	0	0	0	0	-633553	5.02717	0	0        0   9217      0      0.33748    0.457415    0
0.538693	16915	0	199.896	1.61876	0.157725	0.215568	0.132505	0.215445	0	0	0	0	0	0	-1.1596e+06	3.72168	0	0        0   16915      0      0.457415    0.619972    0
0.730136	30912	0	199.597	1.19468	-0.11349	0.159531	-0.101415	0.157787	0	0	0	0	0	0	-2.12075e+06	2.73297	0	0        0   30912      0      0.619972    0.8403    0
0.989614	56925	0	201.784	0.890819	0.0146088	0.11826	-0.00522821	0.118774	0	0	0	0	0	0	-3.90687e+06	2.05408	0	0        0   56925      0      0.8403    1.13893    0
1.34131	104744	0	202.43	0.658874	0.0312067	0.087223	0.127234	0.0873562	0	0	0	0	0	0	-7.18211e+06	1.52005	0	0        0   104744      0      1.13893    1.54368    0
1.81798	190436	0	201.555	0.486413	-0.0144326	0.0644146	-0.0363477	0.0644027	0	0	0	0	0	0	-1.3056e+07	1.11907	0	0        0   190436      0      1.54368    2.09228    0
2.46406	348454	0	201.75	0.359963	0.0396915	0.0477727	0.0275875	0.0478342	0	0	0	0	0	0	-2.3901e+07	0.829312	0	0        0   348454      0      2.09228    2.83584    0
3.33975	636960	0	201.754	0.266245	-0.00738442	0.0353395	0.0395959	0.0353879	0	0	0	0	0	0	-4.36813e+07	0.613478	0	0        0   636960      0      2.83584    3.84365    0
4.52664	1167284	0	202.451	0.197393	0.0144364	0.0262085	-0.00792172	0.0261796	0	0	0	0	0	0	-8.00519e+07	0.455453	0	0        0   1.16728e+06      0      3.84365    5.20962    0
6.13533	2134789	0	202.416	0.145955	-0.0202755	0.0193673	0.00223533	0.0193468	0	0	0	0	0	0	-1.46398e+08	0.337064	0	0        0   2.13479e+06      0      5.20962    7.06103    0
8.31572	3898068	0	202.474	0.10805	0.0461428	0.0143328	0.0202196	0.0143336	0	0	0	0	0	0	-2.6732e+08	0.249655	0	0        0   3.89807e+06      0      7.06103    9.5704    0
11.271	7106307	0	202.834	0.0801815	0.0146966	0.0106311	-0.00916558	0.0106423	0	0	0	0	0	0	-4.87348e+08	0.185529	0	0        0   7.10631e+06      0      9.5704    12.9716    0
15.2765	12931203	0	203.026	0.0595074	-0.00593282	0.00789167	0.00225841	0.007888	0	0	0	0	0	0	-8.86734e+08	0.13787	0	0        0   1.29312e+07      0      12.9716    17.5814    0
20.7055	23455491	0	203.211	0.0442333	-0.00106429	0.00586508	-0.00297377	0.00586525	0	0	0	0	0	0	-1.60851e+09	0.102634	0	0        0   2.34555e+07      0      17.5814    23.8296    0
28.0639	42398974	0	203.463	0.0329503	0.00639234	0.00436937	0.00478324	0.00437103	0	0	0	0	0	0	-2.9071e+09	0.0766072	0	0        0   4.2399e+07      0      23.8296    32.2982    0
38.0373	76251926	0	203.682	0.0246078	0.0077009	0.0032621	0.00458884	0.00326341	0	0	0	0	0	0	-5.22771e+09	0.0573926	0	0        0   7.62519e+07      0      32.2982    43.7764    0
51.5551	136287732	0	204.011	0.0184475	0.00571965	0.00244427	0.00425175	0.00244506	0	0	0	0	0	0	-9.34265e+09	0.0432121	0	0        0   1.36288e+08      0      43.7764    59.3338    0
69.8769	241321948	0	204.294	0.0138937	0.00486719	0.00184033	0.00592819	0.00184059	0	0	0	0	0	0	-1.65406e+10	0.0327258	0	0        0   2.41322e+08      0      59.3338    80.42    0
94.7099	422569577	0	204.856	0.010538	0.0039395	0.00139526	0.00699249	0.00139529	0	0	0	0	0	0	-2.89597e+10	0.0249771	0	0        0   4.2257e+08      0      80.42    109    0
