# 1bin_value	2data_points	3sqrt(data_points)	4W	5W_err	6e+	7e+_err	8eX 9eX_err	10e++ 	11e++_err		12eXX	13eXX_err		14e+X	15e+X_err 	16theta          17theta_err       17num_den	18num_err 19LS_err     20wt_num     21wt_num_err  22r_low   23r_high 24sig_crit
0.117769	735	0	1969.94	96.939	17.6589	11.8076	6.16693	10.9287	0	0	0	0	0	0	-50395.9	397.362	0	0        0   786      0      0.1    0.135538    0
0.159622	1109	0	1544.33	57.8637	29.3907	7.74257	-4.52171	7.4749	0	0	0	0	0	0	-76196.8	211.873	0	0        0   1194      0      0.135538    0.183706    0
0.216349	1503	0	1215.21	37.7154	9.59391	5.26576	3.20996	5.31681	0	0	0	0	0	0	-102962	124.529	0	0        0   1615      0      0.183706    0.248992    0
0.293236	2427	0	1042.6	24.8303	7.42857	5.69146	1.98749	4.75654	0	0	0	0	0	0	-167718	72.8804	0	0        0   2621      0      0.248992    0.33748    0
0.397447	3611	0	852.18	16.2203	5.43552	2.42065	-1.57771	2.45774	0	0	0	0	0	0	-248230	42.5318	0	0        0   3893      0      0.33748    0.457415    0
0.538693	4831	0	627.46	9.91424	3.17546	1.62087	-2.38146	1.53441	0	0	0	0	0	0	-330840	22.0314	0	0        0   5170      0      0.457415    0.619972    0
0.730136	6969	0	494.847	6.40822	3.03324	1.02976	-0.0136018	1.03412	0	0	0	0	0	0	-478222	12.1812	0	0        0   7395      0      0.619972    0.8403    0
0.989614	10288	0	398.435	4.1784	0.953236	1.12851	-0.109238	0.773654	0	0	0	0	0	0	-704332	7.13419	0	0        0   10884      0      0.8403    1.13893    0
1.34131	16192	0	344.191	2.852	1.10113	0.479336	0.412827	0.469921	0	0	0	0	0	0	-1.10983e+06	4.3808	0	0        0   17097      0      1.13893    1.54368    0
1.81798	26711	0	311.04	2.00237	0.0428512	0.337738	0.0427983	0.378222	0	0	0	0	0	0	-1.83319e+06	2.99006	0	0        0   28107      0      1.54368    2.09228    0
2.46406	45497	0	289.657	1.41939	0.257856	0.319804	0.343008	0.301284	0	0	0	0	0	0	-3.12063e+06	2.03121	0	0        0   47756      0      2.09228    2.83584    0
3.33975	77761	0	272.444	1.02396	0.534309	0.186477	-0.173243	0.18348	0	0	0	0	0	0	-5.3332e+06	1.40517	0	0        0   81789      0      2.83584    3.84365    0
4.52664	133872	0	257.548	0.734889	0.469713	0.137691	0.0220957	0.130675	0	0	0	0	0	0	-9.1763e+06	0.982838	0	0        0   140868      0      3.84365    5.20962    0
6.13533	233318	0	245.66	0.530348	0.339454	0.0954237	-0.253496	0.0955486	0	0	0	0	0	0	-1.59986e+07	0.698999	0	0        0   245310      0      5.20962    7.06103    0
8.31572	406352	0	234.373	0.382726	0.3144	0.0711645	0.00709774	0.0741337	0	0	0	0	0	0	-2.78463e+07	0.498081	0	0        0   426394      0      7.06103    9.5704    0
11.271	710903	0	225.743	0.278389	0.250421	0.0568831	-0.082218	0.0582847	0	0	0	0	0	0	-4.87378e+07	0.358926	0	0        0   746184      0      9.5704    12.9716    0
15.2765	1251114	0	218.676	0.203275	0.224778	0.042602	-0.0278734	0.0428555	0	0	0	0	0	0	-8.58008e+07	0.261617	0	0        0   1.31252e+06      0      12.9716    17.5814    0
20.7055	2215201	0	213.783	0.149297	0.154661	0.0315455	-0.0149217	0.0340747	0	0	0	0	0	0	-1.5192e+08	0.192172	0	0        0   2.32264e+06      0      17.5814    23.8296    0
28.0639	3920198	0	209.646	0.110051	0.106955	0.0227001	0.00929454	0.0236663	0	0	0	0	0	0	-2.6884e+08	0.140929	0	0        0   4.11005e+06      0      23.8296    32.2982    0
38.0373	6931716	0	206.322	0.0814262	0.124077	0.0167316	0.00792761	0.0169985	0	0	0	0	0	0	-4.75287e+08	0.104023	0	0        0   7.26623e+06      0      32.2982    43.7764    0
51.5551	12218064	0	203.535	0.0604955	0.124456	0.0126676	0.00570114	0.0122154	0	0	0	0	0	0	-8.37632e+08	0.077637	0	0        0   1.2804e+07      0      43.7764    59.3338    0
69.8769	21473448	0	201.95	0.0452829	0.0531205	0.00924775	0.0432503	0.00911384	0	0	0	0	0	0	-1.47201e+09	0.0582664	0	0        0   2.2497e+07      0      59.3338    80.42    0
94.7099	37385092	0	200.931	0.0341533	0.0420943	0.00690137	0.0279044	0.00698212	0	0	0	0	0	0	-2.563e+09	0.043959	0	0        0   3.9172e+07      0      80.42    109    0
