# 1bin_value	2data_points	3sqrt(data_points)	4W	5W_err	6e+	7e+_err	8eX 9eX_err	10e++ 	11e++_err		12eXX	13eXX_err		14e+X	15e+X_err 	16theta          17theta_err       17num_den	18num_err 19LS_err     20wt_num     21wt_num_err  22r_low   23r_high 24sig_crit
0.117769	735	inf	1718.44	93.6669	23.0303	9.87856	3.67257	9.26071	0	0	0	0	0	0	-11291.9	390.462	0	inf        0   0      0      0.1    0.135538    0
0.159622	1109	23.2176	1349.3	58.4806	28.6534	6.6805	-0.295292	6.45487	0	0	0	0	0	0	-8895.35	224.836	0	23.2176        0   0      0      0.135538    0.183706    0
0.216349	1503	12.9278	962.338	35.5965	10.0837	4.26619	3.62944	4.24511	0	0	0	0	0	0	-6330.67	120.971	0	12.9278        0   0      0      0.183706    0.248992    0
0.293236	2427	9.08273	836.189	24.7395	12.2794	3.07175	-1.4858	3.0305	0	0	0	0	0	0	-5542.65	77.2718	0	9.08273        0   0      0      0.248992    0.33748    0
0.397447	3611	6.46311	651.532	16.2223	5.49179	2.0231	-0.628838	2.07047	0	0	0	0	0	0	-4299.98	45.5755	0	6.46311        0   0      0      0.33748    0.457415    0
0.538693	4831	4.92291	426.237	9.98912	4.02708	1.34611	-2.04979	1.28117	0	0	0	0	0	0	-2802.51	23.3439	0	4.92291        0   0      0      0.457415    0.619972    0
0.730136	6969	3.57728	292.439	6.50001	3.10077	0.879581	-0.719882	0.872159	0	0	0	0	0	0	-1915.32	12.9256	0	3.57728        0   0      0      0.619972    0.8403    0
0.989614	10288	2.72127	195.734	4.31198	1.79071	0.587938	0.0855099	0.579327	0	0	0	0	0	0	-1277.54	7.70216	0	2.72127        0   0      0      0.8403    1.13893    0
1.34131	16192	2.03737	142.116	2.97114	0.878045	0.406987	0.372305	0.402205	0	0	0	0	0	0	-920.309	4.81019	0	2.03737        0   0      0      1.13893    1.54368    0
1.81798	26711	1.52045	107.683	2.09499	0.00990398	0.288079	-0.107007	0.290422	0	0	0	0	0	0	-706.147	3.30836	0	1.52045        0   0      0      1.54368    2.09228    0
2.46406	45497	1.1251	88.5177	1.49999	0.426599	0.208496	0.500541	0.208133	0	0	0	0	0	0	-561.216	2.27345	0	1.1251        0   0      0      2.09228    2.83584    0
3.33975	77761	0.835451	69.8577	1.08106	0.629866	0.149874	-0.0950077	0.149752	0	0	0	0	0	0	-442.221	1.59237	0	0.835451        0   0      0      2.83584    3.84365    0
4.52664	133872	0.619885	55.1372	0.779735	0.537039	0.107461	0.0794147	0.107908	0	0	0	0	0	0	-338.326	1.12319	0	0.619885        0   0      0      3.84365    5.20962    0
6.13533	233318	0.460036	42.9319	0.565797	0.343087	0.0781296	-0.154177	0.0785121	0	0	0	0	0	0	-259.557	0.805967	0	0.460036        0   0      0      5.20962    7.06103    0
8.31572	406352	0.342756	32.3402	0.410614	0.317684	0.0567647	-0.0461376	0.0569166	0	0	0	0	0	0	-187.582	0.579262	0	0.342756        0   0      0      7.06103    9.5704    0
11.271	710903	0.255475	23.4475	0.299623	0.249522	0.0415373	-0.127223	0.0415286	0	0	0	0	0	0	-129.565	0.420255	0	0.255475        0   0      0      9.5704    12.9716    0
15.2765	1251114	0.190702	16.7314	0.219465	0.208351	0.030436	-0.0692045	0.0304315	0	0	0	0	0	0	-85.1181	0.307416	0	0.190702        0   0      0      12.9716    17.5814    0
20.7055	2215201	0.142365	11.991	0.161554	0.148263	0.022375	0.00203971	0.0223875	0	0	0	0	0	0	-53.3609	0.226484	0	0.142365        0   0      0      17.5814    23.8296    0
28.0639	3920198	0.106592	7.93196	0.119188	0.114759	0.0165005	-0.0252123	0.0164967	0	0	0	0	0	0	-25.9783	0.166634	0	0.106592        0   0      0      23.8296    32.2982    0
38.0373	6931716	0.0799504	5.07113	0.0883325	0.11903	0.0122187	-0.0198805	0.0122185	0	0	0	0	0	0	-6.16676	0.123299	0	0.0799504        0   0      0      32.2982    43.7764    0
51.5551	12218064	0.0601439	2.95448	0.0657497	0.0946471	0.00907961	-0.0378305	0.00908347	0	0	0	0	0	0	8.36975	0.0920547	0	0.0601439        0   0      0      43.7764    59.3338    0
69.8769	21473448	0.0453367	1.67797	0.0492557	0.0415471	0.00679892	-0.00893387	0.00680221	0	0	0	0	0	0	15.8006	0.0690897	0	0.0453367        0   0      0      59.3338    80.42    0
94.7099	37385092	0.034349	0.78555	0.0371684	0.025971	0.00513254	-0.0292331	0.00513408	0	0	0	0	0	0	21.094	0.0521449	0	0.034349        0   0      0      80.42    109    0
