# 1bin_value	2data_points	3sqrt(data_points)	4W	5W_err	6e+	7e+_err	8eX 9eX_err	10e++ 	11e++_err		12eXX	13eXX_err		14e+X	15e+X_err 	16theta          17theta_err       17num_den	18num_err 19LS_err     20wt_num     21wt_num_err  22r_low   23r_high 24sig_crit
0.117769	782	0	1901.02	88.3105	25.9809	7.98459	-7.60941	7.43281	0	0	0	0	0	0	-53280.1	371.826	0	0        0   805      0      0.1    0.135538    0
0.159622	1042	0	1329.68	49.4845	26.3374	5.20785	2.70498	5.2197	0	0	0	0	0	0	-71104.9	177.466	0	0        0   1076      0      0.135538    0.183706    0
0.216349	1484	0	1046.98	31.6084	10.6765	3.41234	-6.93548	3.4158	0	0	0	0	0	0	-102792	104.762	0	0        0   1536      0      0.183706    0.248992    0
0.293236	2471	0	957.035	21.9629	12.7911	2.56952	-4.65995	2.42043	0	0	0	0	0	0	-170092	68.5368	0	0        0   2548      0      0.248992    0.33748    0
0.397447	3728	0	789.841	14.2913	8.55475	1.68749	0.498476	1.62704	0	0	0	0	0	0	-256882	38.8871	0	0        0   3835      0      0.33748    0.457415    0
0.538693	4923	0	579.045	8.86678	4.3354	1.09155	-0.236336	1.1027	0	0	0	0	0	0	-337234	20.4371	0	0        0   5064      0      0.457415    0.619972    0
0.730136	6998	0	449.547	5.66041	2.00735	0.710822	-0.933429	0.700893	0	0	0	0	0	0	-479705	11.2248	0	0        0   7167      0      0.619972    0.8403    0
0.989614	10854	0	383.364	3.84019	1.2983	0.483638	0.0404636	0.493655	0	0	0	0	0	0	-744797	6.84488	0	0        0   11122      0      0.8403    1.13893    0
1.34131	17324	0	335.314	2.64026	0.337011	0.335252	0.23756	0.340175	0	0	0	0	0	0	-1.1897e+06	4.28289	0	0        0   17736      0      1.13893    1.54368    0
1.81798	28664	0	303.519	1.84847	0.558706	0.238355	0.108515	0.234373	0	0	0	0	0	0	-1.96641e+06	2.8227	0	0        0   29280      0      1.54368    2.09228    0
2.46406	49237	0	286.669	1.33056	0.69853	0.170319	-0.159738	0.170779	0	0	0	0	0	0	-3.38111e+06	1.97573	0	0        0   50340      0      2.09228    2.83584    0
3.33975	84045	0	268.263	0.951407	0.613793	0.12215	0.120715	0.122321	0	0	0	0	0	0	-5.76717e+06	1.36366	0	0        0   85904      0      2.83584    3.84365    0
4.52664	144517	0	252.848	0.683238	0.414796	0.0879007	-0.0690789	0.0879816	0	0	0	0	0	0	-9.92014e+06	0.961387	0	0        0   147714      0      3.84365    5.20962    0
6.13533	252413	0	241.949	0.49399	0.216989	0.0635488	-0.0077984	0.0636227	0	0	0	0	0	0	-1.73227e+07	0.682	0	0        0   257889      0      5.20962    7.06103    0
8.31572	441495	0	232.454	0.358642	0.338239	0.0462592	0.0440529	0.0462477	0	0	0	0	0	0	-3.02771e+07	0.488377	0	0        0   450975      0      7.06103    9.5704    0
11.271	772442	0	223.871	0.261046	0.167786	0.0337693	-0.0262904	0.0337665	0	0	0	0	0	0	-5.29881e+07	0.353474	0	0        0   789013      0      9.5704    12.9716    0
15.2765	1363514	0	217.651	0.191002	0.108012	0.0246949	0.0117566	0.0246982	0	0	0	0	0	0	-9.35251e+07	0.258465	0	0        0   1.3927e+06      0      12.9716    17.5814    0
20.7055	2410069	0	212.57	0.140315	0.163065	0.0181631	0.00898821	0.0181449	0	0	0	0	0	0	-1.65227e+08	0.190209	0	0        0   2.46157e+06      0      17.5814    23.8296    0
28.0639	4276429	0	209.102	0.103639	0.130267	0.0134228	-0.0110365	0.0134054	0	0	0	0	0	0	-2.93237e+08	0.140787	0	0        0   4.36796e+06      0      23.8296    32.2982    0
38.0373	7566741	0	206.058	0.0768239	0.115157	0.00994004	-0.00787754	0.00992499	0	0	0	0	0	0	-5.18683e+08	0.105785	0	0        0   7.72864e+06      0      32.2982    43.7764    0
51.5551	13345470	0	203.713	0.0572431	0.0829183	0.00740108	0.0407613	0.0074004	0	0	0	0	0	0	-9.14713e+08	0.0804993	0	0        0   1.3631e+07      0      43.7764    59.3338    0
69.8769	23437493	0	202.322	0.0429476	0.0576435	0.00555249	0.00337646	0.0055515	0	0	0	0	0	0	-1.60633e+09	0.0616971	0	0        0   2.39388e+07      0      59.3338    80.42    0
94.7099	40855679	0	201.844	0.0324818	0.0713868	0.00420305	0.00838804	0.0042005	0	0	0	0	0	0	-2.79985e+09	0.0474465	0	0        0   4.17309e+07      0      80.42    109    0
