# 1bin_value	2data_points	3sqrt(data_points)	4W	5W_err	6e+	7e+_err	8eX 9eX_err	10e++ 	11e++_err		12eXX	13eXX_err		14e+X	15e+X_err 	16theta          17theta_err       17num_den	18num_err 19LS_err     20wt_num     21wt_num_err  22r_low   23r_high 24sig_crit
0.117769	672	inf	1381.78	77.9178	25.1532	7.22366	5.68254	7.82648	0	0	0	0	0	0	-9210.99	311.233	0	inf        0   0      0      0.1    0.135538    0
0.159622	950	22.059	1024.26	49.1242	8.67059	5.24319	2.84789	5.41016	0	0	0	0	0	0	-6834.84	176.23	0	22.059        0   0      0      0.135538    0.183706    0
0.216349	1410	13.1703	765.08	30.6734	17.8574	3.47875	2.2269	3.51333	0	0	0	0	0	0	-5097.41	98.3202	0	13.1703        0   0      0      0.183706    0.248992    0
0.293236	2292	8.9019	666.81	20.9939	7.4735	2.54746	4.78275	2.4458	0	0	0	0	0	0	-4438.49	61.6023	0	8.9019        0   0      0      0.248992    0.33748    0
0.397447	3418	6.30944	520.568	13.853	5.43345	1.69342	0.85539	1.66346	0	0	0	0	0	0	-3424.54	35.2382	0	6.30944        0   0      0      0.33748    0.457415    0
0.538693	4713	4.77836	346.836	8.84088	2.07913	1.10647	-0.86282	1.08847	0	0	0	0	0	0	-2282.62	19.2638	0	4.77836        0   0      0      0.457415    0.619972    0
0.730136	6882	3.55895	234.247	5.75995	1.44567	0.728573	-0.0243381	0.73126	0	0	0	0	0	0	-1528.09	10.9795	0	3.55895        0   0      0      0.619972    0.8403    0
0.989614	10817	2.58497	173.481	3.95066	1.41045	0.515156	0.423738	0.504381	0	0	0	0	0	0	-1120.98	6.69416	0	2.58497        0   0      0      0.8403    1.13893    0
1.34131	17174	1.94895	124.655	2.72308	0.6242	0.346746	0.516635	0.342345	0	0	0	0	0	0	-800.426	4.3031	0	1.94895        0   0      0      1.13893    1.54368    0
1.81798	28728	1.44596	97.8977	1.94391	0.3904	0.250236	-0.557372	0.24679	0	0	0	0	0	0	-624.994	2.93327	0	1.44596        0   0      0      1.54368    2.09228    0
2.46406	49521	1.06983	81.6136	1.40437	0.769067	0.179009	-0.112354	0.179002	0	0	0	0	0	0	-513.52	2.06253	0	1.06983        0   0      0      2.09228    2.83584    0
3.33975	84225	0.797138	62.045	1.00757	0.261978	0.128143	0.0499144	0.128166	0	0	0	0	0	0	-387.304	1.43591	0	0.797138        0   0      0      2.83584    3.84365    0
4.52664	145166	0.592339	46.9304	0.726593	0.343066	0.0923036	0.0205125	0.0923588	0	0	0	0	0	0	-288.974	1.02541	0	0.592339        0   0      0      3.84365    5.20962    0
6.13533	254270	0.438479	37.8725	0.528932	0.391616	0.067267	0.0293382	0.0671237	0	0	0	0	0	0	-224.383	0.73637	0	0.438479        0   0      0      5.20962    7.06103    0
8.31572	444047	0.326553	28.014	0.384684	0.245837	0.0488916	0.020128	0.0487659	0	0	0	0	0	0	-157.157	0.531209	0	0.326553        0   0      0      7.06103    9.5704    0
11.271	782257	0.243061	20.3434	0.281646	0.151763	0.0357504	0.0161759	0.0356926	0	0	0	0	0	0	-108.842	0.38914	0	0.243061        0   0      0      9.5704    12.9716    0
15.2765	1378325	0.181385	13.8257	0.206362	0.18768	0.0261874	-0.00758699	0.0261676	0	0	0	0	0	0	-65.1266	0.284998	0	0.181385        0   0      0      12.9716    17.5814    0
20.7055	2447005	0.135297	9.65818	0.152161	0.159267	0.0192772	0.0107626	0.0192889	0	0	0	0	0	0	-37.6936	0.2115	0	0.135297        0   0      0      17.5814    23.8296    0
28.0639	4351004	0.101112	6.56014	0.112687	0.0559749	0.0142579	0.0388561	0.0142607	0	0	0	0	0	0	-16.3282	0.157708	0	0.101112        0   0      0      23.8296    32.2982    0
38.0373	7700541	0.075833	3.55351	0.0836619	0.0787219	0.010599	0.0491583	0.0105936	0	0	0	0	0	0	3.32062	0.118924	0	0.075833        0   0      0      32.2982    43.7764    0
51.5551	13587404	0.0570131	1.42599	0.0624219	0.0418828	0.00790055	0.020547	0.00790497	0	0	0	0	0	0	18.4171	0.0902167	0	0.0570131        0   0      0      43.7764    59.3338    0
69.8769	23892219	0.042967	0.177872	0.0468745	0.0365486	0.00592634	0.00931389	0.00592696	0	0	0	0	0	0	26.0937	0.0690544	0	0.042967        0   0      0      59.3338    80.42    0
94.7099	41734815	0.0325019	-0.205249	0.0354774	0.00796405	0.00448248	0.00732874	0.00448365	0	0	0	0	0	0	28.1587	0.0529471	0	0.0325019        0   0      0      80.42    109    0
