# 1bin_value	2data_points	3sqrt(data_points)	4W	5W_err	6e+	7e+_err	8eX 9eX_err	10e++ 	11e++_err		12eXX	13eXX_err		14e+X	15e+X_err 	16theta          17theta_err       17num_den	18num_err 19LS_err     20wt_num     21wt_num_err  22r_low   23r_high 24sig_crit
0.117769	856	0	205.044	7.5094	0	0	0	0	0	0	0	0	0	0	-1364.68	93571.6	0	0        0   880      0      0.1    0.135538    0
0.159622	1581	0	206.562	5.56082	0	0	0	0	0	0	0	0	0	0	-1380.41	171819	0	0        0   1624      0      0.135538    0.183706    0
0.216349	2749	0	197.675	4.01355	0	0	0	0	0	0	0	0	0	0	-1332.98	299000	0	0        0   2801      0      0.183706    0.248992    0
0.293236	5141	0	201.933	3.01197	0	0	0	0	0	0	0	0	0	0	-1356.15	560932	0	0        0   5273      0      0.248992    0.33748    0
0.397447	9233	0	199.818	2.2185	0	0	0	0	0	0	0	0	0	0	-1337.9	995852	0	0        0   9449      0      0.33748    0.457415    0
0.538693	17200	0	203.041	1.65105	0	0	0	0	0	0	0	0	0	0	-1361.95	1.85731e+06	0	0        0   17580      0      0.457415    0.619972    0
0.730136	30883	0	199.762	1.21355	0	0	0	0	0	0	0	0	0	0	-1335.21	3.33251e+06	0	0        0   31659      0      0.619972    0.8403    0
0.989614	56520	0	200.373	0.900202	0	0	0	0	0	0	0	0	0	0	-1342.92	6.12293e+06	0	0        0   57866      0      0.8403    1.13893    0
1.34131	104304	0	201.493	0.665795	0	0	0	0	0	0	0	0	0	0	-1350.48	1.12778e+07	0	0        0   106722      0      1.13893    1.54368    0
1.81798	189460	0	200.636	0.492001	0	0	0	0	0	0	0	0	0	0	-1344.02	2.0497e+07	0	0        0   194012      0      1.54368    2.09228    0
2.46406	345543	0	200.173	0.363508	0	0	0	0	0	0	0	0	0	0	-1340.8	3.73918e+07	0	0        0   353865      0      2.09228    2.83584    0
3.33975	632337	0	200.359	0.268933	0	0	0	0	0	0	0	0	0	0	-1342.26	6.84011e+07	0	0        0   647413      0      2.83584    3.84365    0
4.52664	1154811	0	200.321	0.19897	0	0	0	0	0	0	0	0	0	0	-1342.08	1.24936e+08	0	0        0   1.1822e+06      0      3.84365    5.20962    0
6.13533	2111526	0	200.183	0.147025	0	0	0	0	0	0	0	0	0	0	-1341.6	2.28491e+08	0	0        0   2.16128e+06      0      5.20962    7.06103    0
8.31572	3853239	0	200.157	0.108834	0	0	0	0	0	0	0	0	0	0	-1340.99	4.16824e+08	0	0        0   3.94446e+06      0      7.06103    9.5704    0
11.271	7020796	0	200.367	0.0807268	0	0	0	0	0	0	0	0	0	0	-1342.36	7.59557e+08	0	0        0   7.18677e+06      0      9.5704    12.9716    0
15.2765	12754179	0	200.18	0.0598465	0	0	0	0	0	0	0	0	0	0	-1341.02	1.38003e+09	0	0        0   1.30553e+07      0      12.9716    17.5814    0
20.7055	23107909	0	200.097	0.0444529	0	0	0	0	0	0	0	0	0	0	-1340.61	2.50196e+09	0	0        0   2.36541e+07      0      17.5814    23.8296    0
28.0639	41755520	0	200.177	0.0330928	0	0	0	0	0	0	0	0	0	0	-1341.18	4.5234e+09	0	0        0   4.27384e+07      0      23.8296    32.2982    0
38.0373	75036799	0	200.123	0.0246881	0	0	0	0	0	0	0	0	0	0	-1340.83	8.13342e+09	0	0        0   7.67976e+07      0      32.2982    43.7764    0
51.5551	134029478	0	200.184	0.0184878	0	0	0	0	0	0	0	0	0	0	-1341.11	1.45373e+10	0	0        0   1.37177e+08      0      43.7764    59.3338    0
69.8769	237265177	0	200.248	0.0139084	0	0	0	0	0	0	0	0	0	0	-1341.49	2.57564e+10	0	0        0   2.42825e+08      0      59.3338    80.42    0
94.7099	414662637	0	200.259	0.0105284	0	0	0	0	0	0	0	0	0	0	-1341.43	4.50527e+10	0	0        0   4.24378e+08      0      80.42    109    0
