# 1bin_value	2data_points	3sqrt(data_points)	4W	5W_err	6e+	7e+_err	8eX 9eX_err	10e++ 	11e++_err		12eXX	13eXX_err		14e+X	15e+X_err 	16theta          17theta_err       17num_den	18num_err 19LS_err     20wt_num     21wt_num_err  22r_low   23r_high 24sig_crit
0.117769	737	0	196.468	7.63166	0.415748	1.03162	-1.75497	1.04369	0	0	0	0	0	0	-50160.9	17.4986	0	0        0   737      0      0.1    0.135538    0
0.159622	1362	0	202.913	5.81069	0.417843	0.805503	-0.257632	0.786693	0	0	0	0	0	0	-92995.2	13.5736	0	0        0   1362      0      0.135538    0.183706    0
0.216349	2474	0	197.976	4.20644	-0.553551	0.579342	-1.07195	0.586701	0	0	0	0	0	0	-169358	9.90014	0	0        0   2474      0      0.183706    0.248992    0
0.293236	4599	0	205.361	3.20373	0.326353	0.439587	0.179394	0.437456	0	0	0	0	0	0	-315675	7.64106	0	0        0   4599      0      0.248992    0.33748    0
0.397447	8274	0	200.654	2.32871	-0.246072	0.319692	-0.191967	0.325638	0	0	0	0	0	0	-568117	5.4731	0	0        0   8274      0      0.33748    0.457415    0
0.538693	14845	0	197.552	1.71003	-0.0775904	0.239272	0.148705	0.241358	0	0	0	0	0	0	-1.0185e+06	3.98503	0	0        0   14845      0      0.457415    0.619972    0
0.730136	27778	0	201.375	1.27572	-0.14834	0.178547	0.269808	0.178665	0	0	0	0	0	0	-1.90506e+06	2.99876	0	0        0   27778      0      0.619972    0.8403    0
0.989614	50787	0	201.826	0.945479	-0.150467	0.132073	0.194942	0.131623	0	0	0	0	0	0	-3.48173e+06	2.21924	0	0        0   50787      0      0.8403    1.13893    0
1.34131	92720	0	201.372	0.698239	0.0870703	0.0969874	-0.03784	0.097281	0	0	0	0	0	0	-6.35807e+06	1.64076	0	0        0   92720      0      1.13893    1.54368    0
1.81798	169499	0	201.584	0.517017	0.00599492	0.0719758	0.0303305	0.0720305	0	0	0	0	0	0	-1.16205e+07	1.21494	0	0        0   169499      0      1.54368    2.09228    0
2.46406	310797	0	201.885	0.382417	-0.0133222	0.0532942	0.0284629	0.0533364	0	0	0	0	0	0	-2.13222e+07	0.899775	0	0        0   310797      0      2.09228    2.83584    0
3.33975	567776	0	202.119	0.28326	-0.1041	0.0395174	0.0194158	0.0394137	0	0	0	0	0	0	-3.8944e+07	0.666629	0	0        0   567776      0      2.83584    3.84365    0
4.52664	1038714	0	202.022	0.209328	0.00574414	0.0291761	-0.00215354	0.0291478	0	0	0	0	0	0	-7.12394e+07	0.492616	0	0        0   1.03871e+06      0      3.84365    5.20962    0
6.13533	1902157	0	202.381	0.154992	0.0182747	0.0215898	-0.0210233	0.0215712	0	0	0	0	0	0	-1.30443e+08	0.365191	0	0        0   1.90216e+06      0      5.20962    7.06103    0
8.31572	3468990	0	202.305	0.114727	-0.00527548	0.0160023	0.00269978	0.0159924	0	0	0	0	0	0	-2.37927e+08	0.270317	0	0        0   3.46899e+06      0      7.06103    9.5704    0
11.271	6320772	0	202.498	0.0850758	-0.00481914	0.0118532	0.0147886	0.0118582	0	0	0	0	0	0	-4.33431e+08	0.200424	0	0        0   6.32077e+06      0      9.5704    12.9716    0
15.2765	11481310	0	202.19	0.0630312	0.00695456	0.0087831	0.00483845	0.00878664	0	0	0	0	0	0	-7.87298e+08	0.148521	0	0        0   1.14813e+07      0      12.9716    17.5814    0
20.7055	20808177	0	202.169	0.0468229	-0.00240178	0.00652485	2.46478e-05	0.00652417	0	0	0	0	0	0	-1.42691e+09	0.110447	0	0        0   2.08082e+07      0      17.5814    23.8296    0
28.0639	37577558	0	202.049	0.0348266	-0.000127235	0.00485249	0.0128132	0.00485365	0	0	0	0	0	0	-2.57675e+09	0.0822132	0	0        0   3.75776e+07      0      23.8296    32.2982    0
38.0373	67438230	0	201.698	0.0259544	-0.00646709	0.00361358	0.00687737	0.00361489	0	0	0	0	0	0	-4.62419e+09	0.0612865	0	0        0   6.74382e+07      0      32.2982    43.7764    0
51.5551	120166642	0	201.175	0.0193947	0.0015764	0.00269978	0.00644288	0.00270042	0	0	0	0	0	0	-8.23934e+09	0.0458021	0	0        0   1.20167e+08      0      43.7764    59.3338    0
69.8769	212350444	0	200.78	0.0145655	0.000776929	0.00202711	0.0157715	0.0020276	0	0	0	0	0	0	-1.45581e+10	0.0344525	0	0        0   2.1235e+08      0      59.3338    80.42    0
94.7099	370613573	0	200.517	0.0110199	0.00860315	0.00153356	0.0362467	0.00153372	0	0	0	0	0	0	-2.54032e+10	0.0262192	0	0        0   3.70614e+08      0      80.42    109    0
