# 1bin_value	2data_points	3sqrt(data_points)	4W	5W_err	6e+	7e+_err	8eX 9eX_err	10e++ 	11e++_err		12eXX	13eXX_err		14e+X	15e+X_err 	16theta          17theta_err       17num_den	18num_err 19LS_err     20wt_num     21wt_num_err  22r_low   23r_high 24sig_crit
0.117769	784	inf	1703.42	89.4124	27.7415	8.06388	-5.84651	7.50621	0	0	0	0	0	0	-11338.2	374.7	0	inf        0   0      0      0.1    0.135538    0
0.159622	1054	20.5753	1127.71	50.1373	26.8964	5.25002	1.4346	5.27006	0	0	0	0	0	0	-7470.28	176.16	0	20.5753        0   0      0      0.135538    0.183706    0
0.216349	1491	14.2876	858.736	32.0681	11.6959	3.44423	-7.21566	3.43435	0	0	0	0	0	0	-5681.63	104.637	0	14.2876        0   0      0      0.183706    0.248992    0
0.293236	2471	9.09685	754.073	22.3595	12.4558	2.59425	-3.41809	2.44752	0	0	0	0	0	0	-4997.04	68.6858	0	9.09685        0   0      0      0.248992    0.33748    0
0.397447	3723	6.14002	588.604	14.6434	7.63597	1.71053	0.492363	1.65186	0	0	0	0	0	0	-3915.74	39.3437	0	6.14002        0   0      0      0.33748    0.457415    0
0.538693	4937	4.78613	374.418	9.1627	4.54158	1.10903	0.0170724	1.11993	0	0	0	0	0	0	-2470	20.6925	0	4.78613        0   0      0      0.457415    0.619972    0
0.730136	6991	3.58348	248.695	5.90903	1.57477	0.725591	-0.606607	0.715746	0	0	0	0	0	0	-1628.37	11.6111	0	3.58348        0   0      0      0.619972    0.8403    0
0.989614	10896	2.61264	184.319	4.04252	1.21078	0.495726	-0.0165831	0.505321	0	0	0	0	0	0	-1208.39	6.9714	0	2.61264        0   0      0      0.8403    1.13893    0
1.34131	17349	1.94865	135.144	2.79947	0.440412	0.344561	0.324026	0.349413	0	0	0	0	0	0	-879.253	4.50405	0	1.94865        0   0      0      1.13893    1.54368    0
1.81798	28665	1.45379	101.542	1.97291	0.502112	0.245578	0.0881621	0.241759	0	0	0	0	0	0	-655.375	3.04012	0	1.45379        0   0      0      1.54368    2.09228    0
2.46406	49303	1.07929	85.2848	1.42493	0.692079	0.17585	-0.0492793	0.176297	0	0	0	0	0	0	-547.278	2.12492	0	1.07929        0   0      0      2.09228    2.83584    0
3.33975	84247	0.801876	67.0654	1.02359	0.62156	0.12639	0.118112	0.126546	0	0	0	0	0	0	-421.289	1.47312	0	0.801876        0   0      0      2.83584    3.84365    0
4.52664	144824	0.596232	50.9799	0.738118	0.389545	0.0911191	-0.0497262	0.0911959	0	0	0	0	0	0	-317.035	1.04644	0	0.596232        0   0      0      3.84365    5.20962    0
6.13533	252999	0.441724	40.8819	0.535305	0.197884	0.0659695	-0.0196149	0.0660433	0	0	0	0	0	0	-247.034	0.747255	0	0.441724        0   0      0      5.20962    7.06103    0
8.31572	442419	0.328124	30.997	0.38975	0.306816	0.0480795	0.0305177	0.0480665	0	0	0	0	0	0	-179.821	0.539623	0	0.328124        0   0      0      7.06103    9.5704    0
11.271	774620	0.244648	22.3134	0.284445	0.191294	0.0351288	-0.00673389	0.0351272	0	0	0	0	0	0	-121.455	0.389957	0	0.244648        0   0      0      9.5704    12.9716    0
15.2765	1367939	0.182311	15.9443	0.208508	0.0986413	0.0257084	0.0355007	0.0257116	0	0	0	0	0	0	-79.0988	0.284778	0	0.182311        0   0      0      12.9716    17.5814    0
20.7055	2418112	0.136209	10.6788	0.153389	0.148445	0.0189146	0.0129464	0.0188976	0	0	0	0	0	0	-43.6726	0.209772	0	0.136209        0   0      0      17.5814    23.8296    0
28.0639	4290165	0.101851	7.22151	0.11337	0.111897	0.0139776	-0.00149573	0.0139614	0	0	0	0	0	0	-19.6995	0.155765	0	0.101851        0   0      0      23.8296    32.2982    0
38.0373	7595970	0.0763598	4.32547	0.0840577	0.0936243	0.0103481	0.00127744	0.0103339	0	0	0	0	0	0	-0.233318	0.116048	0	0.0763598        0   0      0      32.2982    43.7764    0
51.5551	13421263	0.0573761	2.0958	0.0626152	0.0601882	0.00769955	0.0338383	0.00769879	0	0	0	0	0	0	13.6633	0.086598	0	0.0573761        0   0      0      43.7764    59.3338    0
69.8769	23627318	0.0432149	0.841482	0.0469277	0.0182348	0.00576876	-0.000169213	0.00576778	0	0	0	0	0	0	21.7529	0.064763	0	0.0432149        0   0      0      59.3338    80.42    0
94.7099	41281329	0.0326832	0.148017	0.0354474	0.0294937	0.00436051	0.0166927	0.00435797	0	0	0	0	0	0	25.7696	0.0486499	0	0.0326832        0   0      0      80.42    109    0
