# 1bin_value	2data_points	3sqrt(data_points)	4W	5W_err	6e+	7e+_err	8eX 9eX_err	10e++ 	11e++_err		12eXX	13eXX_err		14e+X	15e+X_err 	16theta          17theta_err       17num_den	18num_err 19LS_err     20wt_num     21wt_num_err  22r_low   23r_high 24sig_crit
0.117769	778	0	1898.36	88.5647	28.0572	8.01816	-5.89911	7.46085	0	0	0	0	0	0	-52935.8	373.934	0	0        0   801      0      0.1    0.135538    0
0.159622	1047	0	1342.33	49.7809	26.1505	5.22914	2.31402	5.25268	0	0	0	0	0	0	-71451.6	178.275	0	0        0   1082      0      0.135538    0.183706    0
0.216349	1484	0	1049.8	31.7081	10.7814	3.41993	-7.76083	3.41167	0	0	0	0	0	0	-102793	105.314	0	0        0   1536      0      0.183706    0.248992    0
0.293236	2456	0	953.583	22.0061	12.2311	2.57643	-4.46823	2.42712	0	0	0	0	0	0	-169086	69.1784	0	0        0   2532      0      0.248992    0.33748    0
0.397447	3705	0	785.883	14.2989	8.47595	1.68878	0.393691	1.6292	0	0	0	0	0	0	-255405	39.2752	0	0        0   3811      0      0.33748    0.457415    0
0.538693	4922	0	579.426	8.87784	4.45824	1.09284	-0.324066	1.10394	0	0	0	0	0	0	-337149	20.5172	0	0        0   5062      0      0.457415    0.619972    0
0.730136	6956	0	447.404	5.66594	2.00204	0.711703	-0.861306	0.70172	0	0	0	0	0	0	-477028	11.5203	0	0        0   7125      0      0.619972    0.8403    0
0.989614	10860	0	384.366	3.84717	1.34327	0.484489	-0.011556	0.494457	0	0	0	0	0	0	-745175	6.83651	0	0        0   11130      0      0.8403    1.13893    0
1.34131	17326	0	335.832	2.64385	0.324038	0.335675	0.272264	0.340571	0	0	0	0	0	0	-1.18987e+06	4.28589	0	0        0   17740      0      1.13893    1.54368    0
1.81798	28586	0	303.011	1.85086	0.562401	0.238665	0.133031	0.234685	0	0	0	0	0	0	-1.96102e+06	2.89902	0	0        0   29194      0      1.54368    2.09228    0
2.46406	49152	0	286.34	1.33181	0.700657	0.170481	-0.142923	0.170944	0	0	0	0	0	0	-3.37549e+06	2.00692	0	0        0   50233      0      2.09228    2.83584    0
3.33975	83902	0	267.98	0.952354	0.62438	0.122273	0.0817822	0.122446	0	0	0	0	0	0	-5.75682e+06	1.39054	0	0        0   85724      0      2.83584    3.84365    0
4.52664	144311	0	252.673	0.683787	0.419116	0.0879733	-0.0532638	0.0880539	0	0	0	0	0	0	-9.90627e+06	0.974814	0	0        0   147481      0      3.84365    5.20962    0
6.13533	252079	0	241.757	0.494369	0.215068	0.0635979	-0.0208957	0.0636718	0	0	0	0	0	0	-1.73003e+07	0.691943	0	0        0   257482      0      5.20962    7.06103    0
8.31572	441021	0	232.342	0.358892	0.339366	0.0462925	0.056108	0.0462802	0	0	0	0	0	0	-3.0244e+07	0.494634	0	0        0   450426      0      7.06103    9.5704    0
11.271	771330	0	223.663	0.261198	0.158516	0.0337892	-0.0325623	0.0337863	0	0	0	0	0	0	-5.29103e+07	0.359489	0	0        0   787793      0      9.5704    12.9716    0
15.2765	1362109	0	217.494	0.191081	0.11344	0.0247053	0.00987064	0.0247086	0	0	0	0	0	0	-9.34306e+07	0.261509	0	0        0   1.3911e+06      0      12.9716    17.5814    0
20.7055	2409572	0	212.525	0.140338	0.166743	0.018166	0.00921306	0.0181478	0	0	0	0	0	0	-1.652e+08	0.190428	0	0        0   2.46062e+06      0      17.5814    23.8296    0
28.0639	4275335	0	208.961	0.103611	0.126735	0.0134194	-0.00684566	0.0134019	0	0	0	0	0	0	-2.93163e+08	0.141087	0	0        0   4.36608e+06      0      23.8296    32.2982    0
38.0373	7575157	0	206.068	0.076753	0.109692	0.00993086	0.000552141	0.00991582	0	0	0	0	0	0	-5.19276e+08	0.104238	0	0        0   7.73604e+06      0      32.2982    43.7764    0
51.5551	13390966	0	203.98	0.0571365	0.0746885	0.00738721	0.0419903	0.00738652	0	0	0	0	0	0	-9.17825e+08	0.0773651	0	0        0   1.36745e+07      0      43.7764    59.3338    0
69.8769	23568695	0	202.771	0.0428162	0.0520805	0.00553539	0.0140104	0.0055344	0	0	0	0	0	0	-1.6153e+09	0.0579072	0	0        0   2.40664e+07      0      59.3338    80.42    0
94.7099	41134041	0	202.363	0.0323558	0.0578348	0.00418664	0.0226102	0.00418409	0	0	0	0	0	0	-2.81918e+09	0.0438863	0	0        0   4.20029e+07      0      80.42    109    0
