# 1bin_value	2data_points	3sqrt(data_points)	4W	5W_err	6e+	7e+_err	8eX 9eX_err	10e++ 	11e++_err		12eXX	13eXX_err		14e+X	15e+X_err 	16theta          17theta_err       17num_den	18num_err 19LS_err     20wt_num     21wt_num_err  22r_low   23r_high 24sig_crit
0.117769	792	inf	1719.53	89.3872	28.1027	8.0426	-6.52308	7.49529	0	0	0	0	0	0	-11426.7	372.946	0	inf        0   0      0      0.1    0.135538    0
0.159622	1051	20.5937	1132.67	50.5989	26.6473	5.28659	1.04303	5.30301	0	0	0	0	0	0	-7490.78	179.672	0	20.5937        0   0      0      0.135538    0.183706    0
0.216349	1493	14.3109	858.892	32.1064	11.8711	3.44605	-7.67071	3.43568	0	0	0	0	0	0	-5691.92	104.61	0	14.3109        0   0      0      0.183706    0.248992    0
0.293236	2466	9.08676	751.949	22.3932	12.6513	2.59813	-3.07453	2.45138	0	0	0	0	0	0	-4977.8	69.2792	0	9.08676        0   0      0      0.248992    0.33748    0
0.397447	3752	6.1259	594.617	14.6785	8.24691	1.71168	0.59388	1.65347	0	0	0	0	0	0	-3952.97	38.9661	0	6.1259        0   0      0      0.33748    0.457415    0
0.538693	4951	4.77542	376.028	9.18289	4.68616	1.11088	-0.154809	1.12179	0	0	0	0	0	0	-2477.52	20.5356	0	4.77542        0   0      0      0.457415    0.619972    0
0.730136	7016	3.57927	249.843	5.91547	1.68498	0.726089	-0.525061	0.716364	0	0	0	0	0	0	-1632.51	11.4707	0	3.57927        0   0      0      0.619972    0.8403    0
0.989614	10913	2.61443	184.866	4.04843	1.21605	0.49638	-0.0847225	0.505953	0	0	0	0	0	0	-1206.74	6.93765	0	2.61443        0   0      0      0.8403    1.13893    0
1.34131	17418	1.94382	135.866	2.80303	0.399999	0.344943	0.350008	0.349789	0	0	0	0	0	0	-880.947	4.38357	0	1.94382        0   0      0      1.13893    1.54368    0
1.81798	28799	1.45065	102.543	1.97606	0.5065	0.245931	0.0561476	0.242102	0	0	0	0	0	0	-657.717	2.93858	0	1.45065        0   0      0      1.54368    2.09228    0
2.46406	49529	1.07679	85.9726	1.42731	0.7005	0.176115	-0.0963907	0.176565	0	0	0	0	0	0	-549.266	2.04031	0	1.07679        0   0      0      2.09228    2.83584    0
3.33975	84438	0.800415	67.0416	1.02522	0.60785	0.126583	0.0865141	0.126738	0	0	0	0	0	0	-418.238	1.44172	0	0.800415        0   0      0      2.83584    3.84365    0
4.52664	145368	0.594841	51.4464	0.739371	0.40163	0.0912665	-0.058016	0.0913419	0	0	0	0	0	0	-316.698	1.00881	0	0.594841        0   0      0      3.84365    5.20962    0
6.13533	253964	0.440713	41.2521	0.536312	0.190428	0.066088	-0.0201149	0.0661616	0	0	0	0	0	0	-246.361	0.719515	0	0.440713        0   0      0      5.20962    7.06103    0
8.31572	444011	0.327429	31.2878	0.390602	0.307739	0.0481802	0.0358971	0.0481672	0	0	0	0	0	0	-178.405	0.521138	0	0.327429        0   0      0      7.06103    9.5704    0
11.271	776776	0.244246	22.4907	0.285153	0.179025	0.0352134	0.00388304	0.0352117	0	0	0	0	0	0	-118.935	0.379387	0	0.244246        0   0      0      9.5704    12.9716    0
15.2765	1371321	0.182055	16.0928	0.209114	0.0984276	0.0257811	0.0389015	0.0257843	0	0	0	0	0	0	-76.3073	0.278004	0	0.182055        0   0      0      12.9716    17.5814    0
20.7055	2424197	0.136011	10.8696	0.153929	0.144468	0.0189795	0.0173064	0.0189624	0	0	0	0	0	0	-40.9737	0.205035	0	0.136011        0   0      0      17.5814    23.8296    0
28.0639	4301030	0.101705	7.42465	0.113854	0.110989	0.0140359	0.000483993	0.0140196	0	0	0	0	0	0	-17.0935	0.152411	0	0.101705        0   0      0      23.8296    32.2982    0
38.0373	7614467	0.0762574	4.54181	0.0845031	0.0928503	0.0104017	0.00224409	0.0103875	0	0	0	0	0	0	2.30103	0.113936	0	0.0762574        0   0      0      32.2982    43.7764    0
51.5551	13443013	0.0573237	2.32322	0.0630294	0.0555109	0.00774954	0.0354757	0.00774877	0	0	0	0	0	0	16.3975	0.0860061	0	0.0573237        0   0      0      43.7764    59.3338    0
69.8769	23626105	0.0432112	1.07525	0.0473209	0.0238716	0.00581638	0.00242795	0.0058154	0	0	0	0	0	0	24.931	0.0655392	0	0.0432112        0   0      0      59.3338    80.42    0
94.7099	41179223	0.0327193	0.29524	0.0358145	0.0330888	0.00440515	0.0170148	0.00440258	0	0	0	0	0	0	29.8297	0.0504612	0	0.0327193        0   0      0      80.42    109    0
