# 1bin_value	2data_points	3sqrt(data_points)	4W	5W_err	6e+	7e+_err	8eX 9eX_err	10e++ 	11e++_err		12eXX	13eXX_err		14e+X	15e+X_err 	16theta          17theta_err       17num_den	18num_err 19LS_err     20wt_num     21wt_num_err  22r_low   23r_high 24sig_crit
0.117769	736	0	197.24	7.79607	0	0	0	0	0	0	0	0	0	0	-1316.8	81645.8	0	0        0   756      0      0.1    0.135538    0
0.159622	1359	0	202.193	5.86976	0	0	0	0	0	0	0	0	0	0	-1351.35	147674	0	0        0   1392      0      0.135538    0.183706    0
0.216349	2448	0	195.521	4.21427	0	0	0	0	0	0	0	0	0	0	-1309.63	266093	0	0        0   2503      0      0.183706    0.248992    0
0.293236	4513	0	202.177	3.21782	0	0	0	0	0	0	0	0	0	0	-1353.42	490083	0	0        0   4630      0      0.248992    0.33748    0
0.397447	8317	0	201.424	2.35851	0	0	0	0	0	0	0	0	0	0	-1353.36	904849	0	0        0   8503      0      0.33748    0.457415    0
0.538693	15061	0	200.127	1.73995	0	0	0	0	0	0	0	0	0	0	-1339.65	1.6291e+06	0	0        0   15411      0      0.457415    0.619972    0
0.730136	27474	0	199.284	1.28382	0	0	0	0	0	0	0	0	0	0	-1335.51	2.98147e+06	0	0        0   28132      0      0.619972    0.8403    0
0.989614	50368	0	200.374	0.953659	0	0	0	0	0	0	0	0	0	0	-1339.31	5.44485e+06	0	0        0   51613      0      0.8403    1.13893    0
1.34131	92206	0	200.333	0.704811	0	0	0	0	0	0	0	0	0	0	-1341.59	9.99527e+06	0	0        0   94448      0      1.13893    1.54368    0
1.81798	169221	0	201.419	0.523026	0	0	0	0	0	0	0	0	0	0	-1348.64	1.83251e+07	0	0        0   173355      0      1.54368    2.09228    0
2.46406	306937	0	199.37	0.384253	0	0	0	0	0	0	0	0	0	0	-1336.29	3.32768e+07	0	0        0   314190      0      2.09228    2.83584    0
3.33975	562341	0	200.242	0.285237	0	0	0	0	0	0	0	0	0	0	-1341.83	6.09793e+07	0	0        0   575702      0      2.83584    3.84365    0
4.52664	1026484	0	199.774	0.210618	0	0	0	0	0	0	0	0	0	0	-1338.26	1.11271e+08	0	0        0   1.05101e+06      0      3.84365    5.20962    0
6.13533	1879625	0	200.065	0.155881	0	0	0	0	0	0	0	0	0	0	-1340.34	2.0371e+08	0	0        0   1.92389e+06      0      5.20962    7.06103    0
8.31572	3424848	0	199.901	0.115423	0	0	0	0	0	0	0	0	0	0	-1339.03	3.71416e+08	0	0        0   3.50639e+06      0      7.06103    9.5704    0
11.271	6235140	0	199.978	0.0855917	0	0	0	0	0	0	0	0	0	0	-1339.8	6.7656e+08	0	0        0   6.3827e+06      0      9.5704    12.9716    0
15.2765	11343134	0	200.073	0.0635128	0	0	0	0	0	0	0	0	0	0	-1340.39	1.23171e+09	0	0        0   1.16119e+07      0      12.9716    17.5814    0
20.7055	20540345	0	200.013	0.047206	0	0	0	0	0	0	0	0	0	0	-1339.91	2.23218e+09	0	0        0   2.10265e+07      0      17.5814    23.8296    0
28.0639	37069825	0	199.961	0.0351509	0	0	0	0	0	0	0	0	0	0	-1339.46	4.03278e+09	0	0        0   3.7948e+07      0      23.8296    32.2982    0
38.0373	66533173	0	199.882	0.0262483	0	0	0	0	0	0	0	0	0	0	-1339.03	7.24982e+09	0	0        0   6.81032e+07      0      32.2982    43.7764    0
51.5551	118643306	0	199.839	0.019672	0	0	0	0	0	0	0	0	0	0	-1338.52	1.29513e+10	0	0        0   1.21447e+08      0      43.7764    59.3338    0
69.8769	209921567	0	199.993	0.014817	0	0	0	0	0	0	0	0	0	0	-1339.32	2.2954e+10	0	0        0   2.14885e+08      0      59.3338    80.42    0
94.7099	366827442	0	200.107	0.0112256	0	0	0	0	0	0	0	0	0	0	-1339.9	4.01701e+10	0	0        0   3.75505e+08      0      80.42    109    0
