# 1bin_value	2data_points	3sqrt(data_points)	4W	5W_err	6e+	7e+_err	8eX 9eX_err	10e++ 	11e++_err		12eXX	13eXX_err		14e+X	15e+X_err 	16theta          17theta_err       17num_den	18num_err 19LS_err     20wt_num     21wt_num_err  22r_low   23r_high 24sig_crit
0.117769	812	0	201.547	7.58052	0	0	0	0	0	0	0	0	0	0	-1361.88	91006.3	0	0        0   829      0      0.1    0.135538    0
0.159622	1557	0	212.866	5.78396	0	0	0	0	0	0	0	0	0	0	-1415.44	168506	0	0        0   1601      0      0.135538    0.183706    0
0.216349	2690	0	194.945	4.01572	0	0	0	0	0	0	0	0	0	0	-1307.43	294497	0	0        0   2753      0      0.183706    0.248992    0
0.293236	4910	0	198.884	3.02941	0	0	0	0	0	0	0	0	0	0	-1328.47	530407	0	0        0   5026      0      0.248992    0.33748    0
0.397447	9032	0	200.157	2.25245	0	0	0	0	0	0	0	0	0	0	-1341.5	982972	0	0        0   9251      0      0.33748    0.457415    0
0.538693	16549	0	202.375	1.68151	0	0	0	0	0	0	0	0	0	0	-1351.87	1.78959e+06	0	0        0   16985      0      0.457415    0.619972    0
0.730136	30132	0	199.419	1.22639	0	0	0	0	0	0	0	0	0	0	-1336.23	3.26333e+06	0	0        0   30836      0      0.619972    0.8403    0
0.989614	55321	0	200.692	0.911741	0	0	0	0	0	0	0	0	0	0	-1344.51	5.9985e+06	0	0        0   56657      0      0.8403    1.13893    0
1.34131	101078	0	200.143	0.672687	0	0	0	0	0	0	0	0	0	0	-1340.21	1.09609e+07	0	0        0   103514      0      1.13893    1.54368    0
1.81798	184734	0	200.06	0.497133	0	0	0	0	0	0	0	0	0	0	-1340.43	2.00271e+07	0	0        0   189110      0      1.54368    2.09228    0
2.46406	337324	0	200.09	0.368136	0	0	0	0	0	0	0	0	0	0	-1339.95	3.65332e+07	0	0        0   345252      0      2.09228    2.83584    0
3.33975	615923	0	199.848	0.272087	0	0	0	0	0	0	0	0	0	0	-1339.19	6.67914e+07	0	0        0   630424      0      2.83584    3.84365    0
4.52664	1128058	0	200.175	0.201397	0	0	0	0	0	0	0	0	0	0	-1341.24	1.22323e+08	0	0        0   1.15456e+06      0      3.84365    5.20962    0
6.13533	2060021	0	199.839	0.148765	0	0	0	0	0	0	0	0	0	0	-1339.47	2.23476e+08	0	0        0   2.10811e+06      0      5.20962    7.06103    0
8.31572	3755760	0	199.824	0.110198	0	0	0	0	0	0	0	0	0	0	-1338.71	4.0736e+08	0	0        0   3.84446e+06      0      7.06103    9.5704    0
11.271	6832887	0	199.751	0.0816837	0	0	0	0	0	0	0	0	0	0	-1338.16	7.41341e+08	0	0        0   6.99447e+06      0      9.5704    12.9716    0
15.2765	12428725	0	199.816	0.0606029	0	0	0	0	0	0	0	0	0	0	-1338.63	1.34904e+09	0	0        0   1.27216e+07      0      12.9716    17.5814    0
20.7055	22531791	0	199.905	0.0450462	0	0	0	0	0	0	0	0	0	0	-1339.4	2.44752e+09	0	0        0   2.3061e+07      0      17.5814    23.8296    0
28.0639	40657894	0	199.79	0.0335311	0	0	0	0	0	0	0	0	0	0	-1338.67	4.42063e+09	0	0        0   4.16102e+07      0      23.8296    32.2982    0
38.0373	73059227	0	199.827	0.0250363	0	0	0	0	0	0	0	0	0	0	-1338.88	7.95413e+09	0	0        0   7.47693e+07      0      32.2982    43.7764    0
51.5551	130435638	0	199.94	0.0187672	0	0	0	0	0	0	0	0	0	0	-1339.52	1.42249e+10	0	0        0   1.33485e+08      0      43.7764    59.3338    0
69.8769	230619184	0	199.941	0.0141311	0	0	0	0	0	0	0	0	0	0	-1339.3	2.51964e+10	0	0        0   2.36007e+08      0      59.3338    80.42    0
94.7099	402665129	0	199.961	0.0107108	0	0	0	0	0	0	0	0	0	0	-1339.33	4.41044e+10	0	0        0   4.12058e+08      0      80.42    109    0
