# 1bin_value	2data_points	3sqrt(data_points)	4W	5W_err	6e+	7e+_err	8eX 9eX_err	10e++ 	11e++_err		12eXX	13eXX_err		14e+X	15e+X_err 	16theta          17theta_err       17num_den	18num_err 19LS_err     20wt_num     21wt_num_err  22r_low   23r_high 24sig_crit
0.117769	734	0	196.359	7.77813	0	0	0	0	0	0	0	0	0	0	-1311.67	81645.8	0	0        0   754      0      0.1    0.135538    0
0.159622	1356	0	202.458	5.89196	0	0	0	0	0	0	0	0	0	0	-1352.31	147674	0	0        0   1389      0      0.135538    0.183706    0
0.216349	2451	0	196.207	4.22587	0	0	0	0	0	0	0	0	0	0	-1314.2	266093	0	0        0   2506      0      0.183706    0.248992    0
0.293236	4487	0	201.162	3.21943	0	0	0	0	0	0	0	0	0	0	-1347.15	490083	0	0        0   4602      0      0.248992    0.33748    0
0.397447	8316	0	201.51	2.3605	0	0	0	0	0	0	0	0	0	0	-1354.45	904849	0	0        0   8501      0      0.33748    0.457415    0
0.538693	15066	0	200.206	1.74036	0	0	0	0	0	0	0	0	0	0	-1340.17	1.6291e+06	0	0        0   15413      0      0.457415    0.619972    0
0.730136	27479	0	199.447	1.28493	0	0	0	0	0	0	0	0	0	0	-1337.3	2.98147e+06	0	0        0   28135      0      0.619972    0.8403    0
0.989614	50392	0	200.625	0.954697	0	0	0	0	0	0	0	0	0	0	-1341.3	5.44485e+06	0	0        0   51627      0      0.8403    1.13893    0
1.34131	92269	0	200.533	0.70518	0	0	0	0	0	0	0	0	0	0	-1343.15	9.99527e+06	0	0        0   94502      0      1.13893    1.54368    0
1.81798	169067	0	201.38	0.52347	0	0	0	0	0	0	0	0	0	0	-1348.49	1.83251e+07	0	0        0   173168      0      1.54368    2.09228    0
2.46406	306869	0	199.428	0.384525	0	0	0	0	0	0	0	0	0	0	-1336.84	3.32768e+07	0	0        0   314066      0      2.09228    2.83584    0
3.33975	562462	0	200.389	0.285449	0	0	0	0	0	0	0	0	0	0	-1343.06	6.09793e+07	0	0        0   575730      0      2.83584    3.84365    0
4.52664	1026625	0	199.855	0.210713	0	0	0	0	0	0	0	0	0	0	-1338.97	1.11271e+08	0	0        0   1.05098e+06      0      3.84365    5.20962    0
6.13533	1880611	0	200.2	0.155937	0	0	0	0	0	0	0	0	0	0	-1341.46	2.0371e+08	0	0        0   1.9246e+06      0      5.20962    7.06103    0
8.31572	3427293	0	200.025	0.115439	0	0	0	0	0	0	0	0	0	0	-1340.1	3.71416e+08	0	0        0   3.50826e+06      0      7.06103    9.5704    0
11.271	6240162	0	200.06	0.0855757	0	0	0	0	0	0	0	0	0	0	-1340.58	6.7656e+08	0	0        0   6.38677e+06      0      9.5704    12.9716    0
15.2765	11357662	0	200.169	0.0634736	0	0	0	0	0	0	0	0	0	0	-1341.25	1.23171e+09	0	0        0   1.16251e+07      0      12.9716    17.5814    0
20.7055	20579577	0	200.108	0.0471485	0	0	0	0	0	0	0	0	0	0	-1340.79	2.23218e+09	0	0        0   2.10631e+07      0      17.5814    23.8296    0
28.0639	37166439	0	200.031	0.0350792	0	0	0	0	0	0	0	0	0	0	-1340.2	4.03278e+09	0	0        0   3.80401e+07      0      23.8296    32.2982    0
38.0373	66781382	0	199.929	0.0261627	0	0	0	0	0	0	0	0	0	0	-1339.68	7.24982e+09	0	0        0   6.83439e+07      0      32.2982    43.7764    0
51.5551	119257055	0	199.864	0.0195782	0	0	0	0	0	0	0	0	0	0	-1339.1	1.29513e+10	0	0        0   1.22046e+08      0      43.7764    59.3338    0
69.8769	211292309	0	199.989	0.0147246	0	0	0	0	0	0	0	0	0	0	-1339.83	2.2954e+10	0	0        0   2.1623e+08      0      59.3338    80.42    0
94.7099	369539665	0	200.057	0.0111437	0	0	0	0	0	0	0	0	0	0	-1340.29	4.01701e+10	0	0        0   3.78162e+08      0      80.42    109    0
