# 1bin_value	2data_points	3sqrt(data_points)	4W	5W_err	6e+	7e+_err	8eX 9eX_err	10e++ 	11e++_err		12eXX	13eXX_err		14e+X	15e+X_err 	16theta          17theta_err       17num_den	18num_err 19LS_err     20wt_num     21wt_num_err  22r_low   23r_high 24sig_crit
0.117769	792	0	192.604	7.22236	-0.46092	1.10655	-0.360562	1.11347	0	0	0	0	0	0	-54308.6	16.5173	0	0        0   792      0      0.1    0.135538    0
0.159622	1449	0	195.302	5.40485	-0.820075	0.824704	-0.78811	0.811303	0	0	0	0	0	0	-99299.5	12.4333	0	0        0   1449      0      0.135538    0.183706    0
0.216349	2821	0	206.306	4.10894	0.570589	0.626588	-0.073443	0.614306	0	0	0	0	0	0	-193781	9.74002	0	0        0   2821      0      0.183706    0.248992    0
0.293236	5041	0	203.03	3.02238	-0.144407	0.449229	-0.632725	0.45254	0	0	0	0	0	0	-344355	7.12929	0	0        0   5041      0      0.248992    0.33748    0
0.397447	9218	0	203.807	2.24293	0.167053	0.336527	-0.206783	0.337591	0	0	0	0	0	0	-632104	5.27393	0	0        0   9218      0      0.33748    0.457415    0
0.538693	16854	0	202.947	1.65096	0.147753	0.24808	0.320124	0.246337	0	0	0	0	0	0	-1.1561e+06	3.87547	0	0        0   16854      0      0.457415    0.619972    0
0.730136	30505	0	200.268	1.20966	0.231839	0.180644	0.139867	0.182202	0	0	0	0	0	0	-2.09151e+06	2.82407	0	0        0   30505      0      0.619972    0.8403    0
0.989614	55740	0	199.953	0.893632	0.13767	0.134227	-0.0322044	0.134745	0	0	0	0	0	0	-3.82217e+06	2.08808	0	0        0   55740      0      0.8403    1.13893    0
1.34131	101996	0	200.086	0.661132	0.100503	0.0993668	-0.0485605	0.0990912	0	0	0	0	0	0	-6.994e+06	1.54679	0	0        0   101996      0      1.13893    1.54368    0
1.81798	187118	0	200.88	0.490171	-0.036544	0.0734584	0.0479012	0.0735606	0	0	0	0	0	0	-1.2834e+07	1.14915	0	0        0   187118      0      1.54368    2.09228    0
2.46406	342521	0	201.445	0.363307	-0.0141046	0.0544546	0.0307855	0.0544593	0	0	0	0	0	0	-2.34973e+07	0.851557	0	0        0   342521      0      2.09228    2.83584    0
3.33975	626432	0	201.772	0.269153	-0.00689642	0.0403667	0.0133928	0.0403036	0	0	0	0	0	0	-4.29744e+07	0.632084	0	0        0   626432      0      2.83584    3.84365    0
4.52664	1144924	0	201.631	0.198958	0.0375373	0.0298286	-0.0144768	0.0298234	0	0	0	0	0	0	-7.85304e+07	0.467488	0	0        0   1.14492e+06      0      3.84365    5.20962    0
6.13533	2095309	0	201.831	0.147231	0.0179722	0.0220684	-0.0404541	0.0220567	0	0	0	0	0	0	-1.43723e+08	0.346194	0	0        0   2.09531e+06      0      5.20962    7.06103    0
8.31572	3826560	0	201.986	0.10905	0.00640849	0.0163249	-0.0293643	0.0163396	0	0	0	0	0	0	-2.62402e+08	0.256693	0	0        0   3.82656e+06      0      7.06103    9.5704    0
11.271	6970625	0	202.171	0.080888	0.00832623	0.0121143	0.00311032	0.0121183	0	0	0	0	0	0	-4.78084e+08	0.190722	0	0        0   6.97062e+06      0      9.5704    12.9716    0
15.2765	12679157	0	202.265	0.0600228	0.0079925	0.00898949	0.00599124	0.00899411	0	0	0	0	0	0	-8.69455e+08	0.141835	0	0        0   1.26792e+07      0      12.9716    17.5814    0
20.7055	22987449	0	202.385	0.0446238	-0.0154504	0.00668315	-0.00755254	0.00668341	0	0	0	0	0	0	-1.5763e+09	0.105779	0	0        0   2.29874e+07      0      17.5814    23.8296    0
28.0639	41543514	0	202.599	0.0332482	0.0022326	0.00497713	-0.00174251	0.0049777	0	0	0	0	0	0	-2.84865e+09	0.0791333	0	0        0   4.15435e+07      0      23.8296    32.2982    0
38.0373	74646334	0	202.663	0.0248286	-0.00541957	0.00371521	5.23657e-05	0.00371641	0	0	0	0	0	0	-5.11806e+09	0.0593792	0	0        0   7.46463e+07      0      32.2982    43.7764    0
51.5551	133255807	0	202.72	0.0186044	-0.0209994	0.00278227	0.0167998	0.00278231	0	0	0	0	0	0	-9.13571e+09	0.0447575	0	0        0   1.33256e+08      0      43.7764    59.3338    0
69.8769	235854689	0	202.867	0.014007	-0.00834526	0.00209333	0.0317488	0.00209396	0	0	0	0	0	0	-1.61685e+10	0.0338936	0	0        0   2.35855e+08      0      59.3338    80.42    0
94.7099	413402642	0	203.333	0.0106093	0.0168592	0.00158393	0.0399596	0.00158525	0	0	0	0	0	0	-2.83386e+10	0.0257347	0	0        0   4.13403e+08      0      80.42    109    0
