# 1bin_value	2data_points	3sqrt(data_points)	4W	5W_err	6e+	7e+_err	8eX 9eX_err	10e++ 	11e++_err		12eXX	13eXX_err		14e+X	15e+X_err 	16theta          17theta_err       17num_den	18num_err 19LS_err     20wt_num     21wt_num_err  22r_low   23r_high 24sig_crit
0.117769	812	0	193.521	7.16466	-1.30369	0.991014	-0.195044	0.97116	0	0	0	0	0	0	-55696.2	16.6403	0	0        0   812      0      0.1    0.135538    0
0.159622	1563	0	203.14	5.43345	0.535107	0.728251	-1.18112	0.702661	0	0	0	0	0	0	-106877	12.7903	0	0        0   1563      0      0.135538    0.183706    0
0.216349	2679	0	193.568	3.94357	0.172043	0.512047	-0.858877	0.511322	0	0	0	0	0	0	-184425	9.1785	0	0        0   2679      0      0.183706    0.248992    0
0.293236	5068	0	198.888	2.94728	-0.116075	0.396816	-0.148698	0.397868	0	0	0	0	0	0	-346656	6.87792	0	0        0   5068      0      0.248992    0.33748    0
0.397447	9149	0	198.013	2.18612	-0.0337883	0.28981	-0.313843	0.290113	0	0	0	0	0	0	-628909	5.15124	0	0        0   9149      0      0.33748    0.457415    0
0.538693	16833	0	199.034	1.61895	0.137703	0.215693	0.144661	0.215536	0	0	0	0	0	0	-1.15399e+06	3.78189	0	0        0   16833      0      0.457415    0.619972    0
0.730136	30724	0	198.475	1.19467	-0.112765	0.159608	-0.0997034	0.157869	0	0	0	0	0	0	-2.10791e+06	2.7891	0	0        0   30724      0      0.619972    0.8403    0
0.989614	56612	0	200.777	0.890893	0.0228801	0.118326	0.00833282	0.11884	0	0	0	0	0	0	-3.88539e+06	2.09222	0	0        0   56612      0      0.8403    1.13893    0
1.34131	104117	0	201.282	0.658723	0.0329071	0.087248	0.134254	0.0873816	0	0	0	0	0	0	-7.14017e+06	1.54771	0	0        0   104117      0      1.13893    1.54368    0
1.81798	189248	0	200.375	0.486337	-0.0151276	0.0644394	-0.0251958	0.0644272	0	0	0	0	0	0	-1.2974e+07	1.14228	0	0        0   189248      0      1.54368    2.09228    0
2.46406	346493	0	200.691	0.359924	0.044974	0.0477905	0.0279264	0.047852	0	0	0	0	0	0	-2.3766e+07	0.844708	0	0        0   346493      0      2.09228    2.83584    0
3.33975	633021	0	200.576	0.266197	0.00196625	0.035352	0.0393765	0.0354004	0	0	0	0	0	0	-4.34127e+07	0.625733	0	0        0   633021      0      2.83584    3.84365    0
4.52664	1160006	0	201.27	0.197365	0.0108821	0.026219	-0.00649274	0.02619	0	0	0	0	0	0	-7.95514e+07	0.464752	0	0        0   1.16001e+06      0      3.84365    5.20962    0
6.13533	2121232	0	201.236	0.145953	-0.0172987	0.0193774	0.00363384	0.0193569	0	0	0	0	0	0	-1.45466e+08	0.344133	0	0        0   2.12123e+06      0      5.20962    7.06103    0
8.31572	3872192	0	201.28	0.108072	0.0482764	0.0143435	0.0230944	0.0143443	0	0	0	0	0	0	-2.65548e+08	0.255171	0	0        0   3.87219e+06      0      7.06103    9.5704    0
11.271	7057357	0	201.598	0.0802001	0.0146189	0.0106395	-0.00633888	0.0106507	0	0	0	0	0	0	-4.83998e+08	0.189754	0	0        0   7.05736e+06      0      9.5704    12.9716    0
15.2765	12837353	0	201.724	0.0595225	-0.00882951	0.00789834	0.00629369	0.00789467	0	0	0	0	0	0	-8.80308e+08	0.141175	0	0        0   1.28374e+07      0      12.9716    17.5814    0
20.7055	23274261	0	201.848	0.044251	-0.00315859	0.00587107	0.00276599	0.00587124	0	0	0	0	0	0	-1.5961e+09	0.105265	0	0        0   2.32743e+07      0      17.5814    23.8296    0
28.0639	42040649	0	201.975	0.0329657	0.0054366	0.00437438	0.0112866	0.00437604	0	0	0	0	0	0	-2.8826e+09	0.0787426	0	0        0   4.20406e+07      0      23.8296    32.2982    0
38.0373	75553217	0	202.07	0.0246207	0.00643059	0.0032662	0.0108509	0.00326751	0	0	0	0	0	0	-5.17994e+09	0.0591134	0	0        0   7.55532e+07      0      32.2982    43.7764    0
51.5551	134930303	0	202.25	0.0184575	0.00354375	0.00244755	0.00743019	0.00244834	0	0	0	0	0	0	-9.24995e+09	0.0445998	0	0        0   1.3493e+08      0      43.7764    59.3338    0
69.8769	238795882	0	202.374	0.0138966	0.00496143	0.00184232	0.0106136	0.00184257	0	0	0	0	0	0	-1.63684e+10	0.0337922	0	0        0   2.38796e+08      0      59.3338    80.42    0
94.7099	418088886	0	202.755	0.0105316	0.00582743	0.00139575	0.0164273	0.00139577	0	0	0	0	0	0	-2.86553e+10	0.0257507	0	0        0   4.18089e+08      0      80.42    109    0
