# 1bin_value	2data_points	3sqrt(data_points)	4W	5W_err	6e+	7e+_err	8eX 9eX_err	10e++ 	11e++_err		12eXX	13eXX_err		14e+X	15e+X_err 	16theta          17theta_err       17num_den	18num_err 19LS_err     20wt_num     21wt_num_err  22r_low   23r_high 24sig_crit
0.117769	8420	0	200	0	0	0	0	0	0	0	0	0	0	0	0	0	0	0        0   8420      0      0.1    0.135538    0
0.159622	15394	0	200	0	0	0	0	0	0	0	0	0	0	0	0	0	0	0        0   15394      0      0.135538    0.183706    0
0.216349	27733	0	200	0	0	0	0	0	0	0	0	0	0	0	0	0	0	0        0   27733      0      0.183706    0.248992    0
0.293236	50980	0	200	0	0	0	0	0	0	0	0	0	0	0	0	0	0	0        0   50980      0      0.248992    0.33748    0
0.397447	92356	0	200	0	0	0	0	0	0	0	0	0	0	0	0	0	0	0        0   92356      0      0.33748    0.457415    0
0.538693	169212	0	200	0	0	0	0	0	0	0	0	0	0	0	0	0	0	0        0   169212      0      0.457415    0.619972    0
0.730136	309766	0	200	0	0	0	0	0	0	0	0	0	0	0	0	0	0	0        0   309766      0      0.619972    0.8403    0
0.989614	564317	0	200	0	0	0	0	0	0	0	0	0	0	0	0	0	0	0        0   564317      0      0.8403    1.13893    0
1.34131	1034695	0	200	0	0	0	0	0	0	0	0	0	0	0	0	0	0	0        0   1.0347e+06      0      1.13893    1.54368    0
1.81798	1889114	0	200	0	0	0	0	0	0	0	0	0	0	0	0	0	0	0        0   1.88911e+06      0      1.54368    2.09228    0
2.46406	3452851	0	200	0	0	0	0	0	0	0	0	0	0	0	0	0	0	0        0   3.45285e+06      0      2.09228    2.83584    0
3.33975	6311735	0	200	0	0	0	0	0	0	0	0	0	0	0	0	0	0	0        0   6.31174e+06      0      2.83584    3.84365    0
4.52664	11527032	0	200	0	0	0	0	0	0	0	0	0	0	0	0	0	0	0        0   1.1527e+07      0      3.84365    5.20962    0
6.13533	21084461	0	200	0	0	0	0	0	0	0	0	0	0	0	0	0	0	0        0   2.10845e+07      0      5.20962    7.06103    0
8.31572	38485113	0	200	0	0	0	0	0	0	0	0	0	0	0	0	0	0	0        0   3.84851e+07      0      7.06103    9.5704    0
11.271	70033413	0	200	0	0	0	0	0	0	0	0	0	0	0	0	0	0	0        0   7.00334e+07      0      9.5704    12.9716    0
15.2765	127315765	0	200	0	0	0	0	0	0	0	0	0	0	0	0	0	0	0        0   1.27316e+08      0      12.9716    17.5814    0
20.7055	230716198	0	200	0	0	0	0	0	0	0	0	0	0	0	0	0	0	0        0   2.30716e+08      0      17.5814    23.8296    0
28.0639	416520163	0	200	0	0	0	0	0	0	0	0	0	0	0	0	0	0	0        0   4.1652e+08      0      23.8296    32.2982    0
38.0373	748226220	0	200	0	0	0	0	0	0	0	0	0	0	0	0	0	0	0        0   7.48226e+08      0      32.2982    43.7764    0
51.5551	1334878457	0	200	0	0	0	0	0	0	0	0	0	0	0	0	0	0	0        0   1.33488e+09      0      43.7764    59.3338    0
69.8769	2359711733	0	200	0	0	0	0	0	0	0	0	0	0	0	0	0	0	0        0   2.35971e+09      0      59.3338    80.42    0
94.7099	4118793446	0	200	0	0	0	0	0	0	0	0	0	0	0	0	0	0	0        0   4.11879e+09      0      80.42    109    0
