# 1bin_value	2data_points	3sqrt(data_points)	4W	5W_err	6e+	7e+_err	8eX 9eX_err	10e++ 	11e++_err		12eXX	13eXX_err		14e+X	15e+X_err 	16theta          17theta_err       17num_den	18num_err 19LS_err     20wt_num     21wt_num_err  22r_low   23r_high 24sig_crit
0.117769	8428	0	200	0	0	0	0	0	0	0	0	0	0	0	0	0	0	0        0   8428      0      0.1    0.135538    0
0.159622	15401	0	200	0	0	0	0	0	0	0	0	0	0	0	0	0	0	0        0   15401      0      0.135538    0.183706    0
0.216349	27717	0	200	0	0	0	0	0	0	0	0	0	0	0	0	0	0	0        0   27717      0      0.183706    0.248992    0
0.293236	50941	0	200	0	0	0	0	0	0	0	0	0	0	0	0	0	0	0        0   50941      0      0.248992    0.33748    0
0.397447	92353	0	200	0	0	0	0	0	0	0	0	0	0	0	0	0	0	0        0   92353      0      0.33748    0.457415    0
0.538693	169118	0	200	0	0	0	0	0	0	0	0	0	0	0	0	0	0	0        0   169118      0      0.457415    0.619972    0
0.730136	309603	0	200	0	0	0	0	0	0	0	0	0	0	0	0	0	0	0        0   309603      0      0.619972    0.8403    0
0.989614	563731	0	200	0	0	0	0	0	0	0	0	0	0	0	0	0	0	0        0   563731      0      0.8403    1.13893    0
1.34131	1033837	0	200	0	0	0	0	0	0	0	0	0	0	0	0	0	0	0        0   1.03384e+06      0      1.13893    1.54368    0
1.81798	1887928	0	200	0	0	0	0	0	0	0	0	0	0	0	0	0	0	0        0   1.88793e+06      0      1.54368    2.09228    0
2.46406	3450329	0	200	0	0	0	0	0	0	0	0	0	0	0	0	0	0	0        0   3.45033e+06      0      2.09228    2.83584    0
3.33975	6306394	0	200	0	0	0	0	0	0	0	0	0	0	0	0	0	0	0        0   6.30639e+06      0      2.83584    3.84365    0
4.52664	11516868	0	200	0	0	0	0	0	0	0	0	0	0	0	0	0	0	0        0   1.15169e+07      0      3.84365    5.20962    0
6.13533	21066586	0	200	0	0	0	0	0	0	0	0	0	0	0	0	0	0	0        0   2.10666e+07      0      5.20962    7.06103    0
8.31572	38445092	0	200	0	0	0	0	0	0	0	0	0	0	0	0	0	0	0        0   3.84451e+07      0      7.06103    9.5704    0
11.271	69956582	0	200	0	0	0	0	0	0	0	0	0	0	0	0	0	0	0        0   6.99566e+07      0      9.5704    12.9716    0
15.2765	127146876	0	200	0	0	0	0	0	0	0	0	0	0	0	0	0	0	0        0   1.27147e+08      0      12.9716    17.5814    0
20.7055	230349373	0	200	0	0	0	0	0	0	0	0	0	0	0	0	0	0	0        0   2.30349e+08      0      17.5814    23.8296    0
28.0639	415720785	0	200	0	0	0	0	0	0	0	0	0	0	0	0	0	0	0        0   4.15721e+08      0      23.8296    32.2982    0
38.0373	746550055	0	200	0	0	0	0	0	0	0	0	0	0	0	0	0	0	0        0   7.4655e+08      0      32.2982    43.7764    0
51.5551	1331650708	0	200	0	0	0	0	0	0	0	0	0	0	0	0	0	0	0        0   1.33165e+09      0      43.7764    59.3338    0
69.8769	2354353780	0	200	0	0	0	0	0	0	0	0	0	0	0	0	0	0	0        0   2.35435e+09      0      59.3338    80.42    0
94.7099	4112350495	0	200	0	0	0	0	0	0	0	0	0	0	0	0	0	0	0        0   4.11235e+09      0      80.42    109    0
