# 1bin_value	2data_points	3sqrt(data_points)	4W	5W_err	6e+	7e+_err	8eX 9eX_err	10e++ 	11e++_err		12eXX	13eXX_err		14e+X	15e+X_err 	16theta          17theta_err       17num_den	18num_err 19LS_err     20wt_num     21wt_num_err  22r_low   23r_high 24sig_crit
0.117769	852	0	203.799	7.50535	0	0	0	0	0	0	0	0	0	0	-1357.62	93571.6	0	0        0   875      0      0.1    0.135538    0
0.159622	1583	0	206.452	5.54949	0	0	0	0	0	0	0	0	0	0	-1380.2	171819	0	0        0   1626      0      0.135538    0.183706    0
0.216349	2739	0	197.008	4.01174	0	0	0	0	0	0	0	0	0	0	-1328.18	299000	0	0        0   2792      0      0.183706    0.248992    0
0.293236	5129	0	201.655	3.01416	0	0	0	0	0	0	0	0	0	0	-1354.11	560932	0	0        0   5261      0      0.248992    0.33748    0
0.397447	9208	0	199.368	2.21891	0	0	0	0	0	0	0	0	0	0	-1334.43	995852	0	0        0   9425      0      0.33748    0.457415    0
0.538693	17155	0	202.421	1.64967	0	0	0	0	0	0	0	0	0	0	-1357.6	1.85731e+06	0	0        0   17537      0      0.457415    0.619972    0
0.730136	30867	0	199.567	1.21277	0	0	0	0	0	0	0	0	0	0	-1333.78	3.33251e+06	0	0        0   31645      0      0.619972    0.8403    0
0.989614	56496	0	200.128	0.899406	0	0	0	0	0	0	0	0	0	0	-1341.04	6.12293e+06	0	0        0   57843      0      0.8403    1.13893    0
1.34131	104138	0	201.123	0.665465	0	0	0	0	0	0	0	0	0	0	-1347.91	1.12778e+07	0	0        0   106559      0      1.13893    1.54368    0
1.81798	189276	0	200.39	0.49179	0	0	0	0	0	0	0	0	0	0	-1342.32	2.0497e+07	0	0        0   193837      0      1.54368    2.09228    0
2.46406	345122	0	199.901	0.36336	0	0	0	0	0	0	0	0	0	0	-1338.82	3.73918e+07	0	0        0   353480      0      2.09228    2.83584    0
3.33975	631449	0	200.08	0.268865	0	0	0	0	0	0	0	0	0	0	-1340.2	6.84011e+07	0	0        0   646595      0      2.83584    3.84365    0
4.52664	1153219	0	200.043	0.198914	0	0	0	0	0	0	0	0	0	0	-1340.03	1.24936e+08	0	0        0   1.18074e+06      0      3.84365    5.20962    0
6.13533	2107883	0	199.879	0.147015	0	0	0	0	0	0	0	0	0	0	-1339.36	2.28491e+08	0	0        0   2.15786e+06      0      5.20962    7.06103    0
8.31572	3845397	0	199.816	0.108842	0	0	0	0	0	0	0	0	0	0	-1338.52	4.16824e+08	0	0        0   3.93691e+06      0      7.06103    9.5704    0
11.271	7004558	0	200.031	0.0807557	0	0	0	0	0	0	0	0	0	0	-1339.92	7.59557e+08	0	0        0   7.17111e+06      0      9.5704    12.9716    0
15.2765	12720000	0	199.834	0.0598871	0	0	0	0	0	0	0	0	0	0	-1338.5	1.38003e+09	0	0        0   1.3022e+07      0      12.9716    17.5814    0
20.7055	23034510	0	199.755	0.0445053	0	0	0	0	0	0	0	0	0	0	-1338.1	2.50196e+09	0	0        0   2.35823e+07      0      17.5814    23.8296    0
28.0639	41600317	0	199.854	0.0331525	0	0	0	0	0	0	0	0	0	0	-1338.76	4.5234e+09	0	0        0   4.25869e+07      0      23.8296    32.2982    0
38.0373	74700305	0	199.816	0.0247535	0	0	0	0	0	0	0	0	0	0	-1338.48	8.13342e+09	0	0        0   7.64674e+07      0      32.2982    43.7764    0
51.5551	133322099	0	199.894	0.0185529	0	0	0	0	0	0	0	0	0	0	-1338.82	1.45373e+10	0	0        0   1.36481e+08      0      43.7764    59.3338    0
69.8769	235900894	0	199.982	0.0139657	0	0	0	0	0	0	0	0	0	0	-1339.3	2.57564e+10	0	0        0   2.4148e+08      0      59.3338    80.42    0
94.7099	412241062	0	200.002	0.010573	0	0	0	0	0	0	0	0	0	0	-1339.24	4.50527e+10	0	0        0   4.21997e+08      0      80.42    109    0
