# 1bin_value	2data_points	3sqrt(data_points)	4W	5W_err	6e+	7e+_err	8eX 9eX_err	10e++ 	11e++_err		12eXX	13eXX_err		14e+X	15e+X_err 	16theta          17theta_err       17num_den	18num_err 19LS_err     20wt_num     21wt_num_err  22r_low   23r_high 24sig_crit
0.117769	728	0	193.58	7.60753	0.345535	1.03014	-1.64979	1.04221	0	0	0	0	0	0	-49541.3	18.21	0	0        0   728      0      0.1    0.135538    0
0.159622	1362	0	202.779	5.80706	0.233893	0.803764	-0.0860582	0.786501	0	0	0	0	0	0	-92954.1	13.6113	0	0        0   1362      0      0.135538    0.183706    0
0.216349	2483	0	198.635	4.20542	-0.497452	0.578764	-1.10894	0.586429	0	0	0	0	0	0	-169938	9.77532	0	0        0   2483      0      0.183706    0.248992    0
0.293236	4618	0	206.396	3.20798	0.235433	0.440021	0.170991	0.437883	0	0	0	0	0	0	-317033	7.54969	0	0        0   4618      0      0.248992    0.33748    0
0.397447	8270	0	200.694	2.33038	-0.24814	0.31991	-0.168503	0.325862	0	0	0	0	0	0	-567861	5.48899	0	0        0   8270      0      0.33748    0.457415    0
0.538693	14873	0	197.999	1.71113	-0.0623591	0.239368	0.0434469	0.241476	0	0	0	0	0	0	-1.02031e+06	3.96908	0	0        0   14873      0      0.457415    0.619972    0
0.730136	27807	0	201.61	1.27602	-0.121637	0.17857	0.251707	0.178691	0	0	0	0	0	0	-1.90686e+06	2.99186	0	0        0   27807      0      0.619972    0.8403    0
0.989614	50807	0	201.951	0.945752	-0.134907	0.132104	0.198028	0.131653	0	0	0	0	0	0	-3.48326e+06	2.21673	0	0        0   50807      0      0.8403    1.13893    0
1.34131	92813	0	201.568	0.69828	0.0794697	0.0969844	-0.049505	0.0972784	0	0	0	0	0	0	-6.36474e+06	1.63516	0	0        0   92813      0      1.13893    1.54368    0
1.81798	169631	0	201.779	0.51717	0.00350363	0.0719907	0.023614	0.0720456	0	0	0	0	0	0	-1.16291e+07	1.213	0	0        0   169631      0      1.54368    2.09228    0
2.46406	311051	0	202.07	0.382497	-0.011762	0.053301	0.0317702	0.0533431	0	0	0	0	0	0	-2.13388e+07	0.898061	0	0        0   311051      0      2.09228    2.83584    0
3.33975	568121	0	202.318	0.283394	-0.105375	0.0395326	0.0237526	0.0394288	0	0	0	0	0	0	-3.89692e+07	0.665732	0	0        0   568121      0      2.83584    3.84365    0
4.52664	1039318	0	202.233	0.209448	0.0026561	0.02919	0.00183996	0.0291617	0	0	0	0	0	0	-7.12812e+07	0.492179	0	0        0   1.03932e+06      0      3.84365    5.20962    0
6.13533	1902835	0	202.576	0.155103	0.0263491	0.0216034	-0.0211197	0.0215847	0	0	0	0	0	0	-1.30492e+08	0.365203	0	0        0   1.90284e+06      0      5.20962    7.06103    0
8.31572	3469692	0	202.507	0.11483	-0.00125776	0.0160153	0.000509649	0.0160054	0	0	0	0	0	0	-2.37975e+08	0.270565	0	0        0   3.46969e+06      0      7.06103    9.5704    0
11.271	6319058	0	202.654	0.0851717	-0.00143126	0.0118657	0.0159628	0.0118708	0	0	0	0	0	0	-4.33304e+08	0.201016	0	0        0   6.31906e+06      0      9.5704    12.9716    0
15.2765	11475153	0	202.345	0.063119	0.0135229	0.00879471	0.00302955	0.00879826	0	0	0	0	0	0	-7.8685e+08	0.149158	0	0        0   1.14752e+07      0      12.9716    17.5814    0
20.7055	20789327	0	202.332	0.0469072	-0.00138849	0.00653613	0.00196617	0.00653545	0	0	0	0	0	0	-1.42555e+09	0.111135	0	0        0   2.07893e+07      0      17.5814    23.8296    0
28.0639	37520344	0	202.214	0.0349112	-0.000220559	0.00486391	0.0119287	0.00486507	0	0	0	0	0	0	-2.57267e+09	0.0829703	0	0        0   3.75203e+07      0      23.8296    32.2982    0
38.0373	67269285	0	201.85	0.0260412	-0.00934088	0.00362543	0.00681491	0.00362674	0	0	0	0	0	0	-4.61225e+09	0.0621392	0	0        0   6.72693e+07      0      32.2982    43.7764    0
51.5551	119704777	0	201.309	0.019484	-0.000299144	0.00271205	0.00657069	0.00271269	0	0	0	0	0	0	-8.20679e+09	0.0467342	0	0        0   1.19705e+08      0      43.7764    59.3338    0
69.8769	211224717	0	200.901	0.014653	-0.00419687	0.00203918	0.019548	0.00203967	0	0	0	0	0	0	-1.44791e+10	0.0353912	0	0        0   2.11225e+08      0      59.3338    80.42    0
94.7099	368364793	0	200.662	0.0110961	0.00612908	0.00154406	0.042685	0.00154423	0	0	0	0	0	0	-2.52471e+10	0.0270179	0	0        0   3.68365e+08      0      80.42    109    0
