# 1bin_value	2data_points	3sqrt(data_points)	4W	5W_err	6e+	7e+_err	8eX 9eX_err	10e++ 	11e++_err		12eXX	13eXX_err		14e+X	15e+X_err 	16theta          17theta_err       17num_den	18num_err 19LS_err     20wt_num     21wt_num_err  22r_low   23r_high 24sig_crit
0.117769	741	inf	1796.82	98.1222	18.7044	11.8698	8.02514	11.0056	0	0	0	0	0	0	-11478.8	400.741	0	inf        0   0      0      0.1    0.135538    0
0.159622	1126	23.2095	1368.42	59.015	27.4326	7.8225	-3.99397	7.55635	0	0	0	0	0	0	-8697.87	213.817	0	23.2095        0   0      0      0.135538    0.183706    0
0.216349	1514	12.9082	1029.79	38.3329	9.25469	5.31917	2.94721	5.373	0	0	0	0	0	0	-6471.43	124.838	0	12.9082        0   0      0      0.183706    0.248992    0
0.293236	2452	9.03797	857.659	25.289	7.75547	5.71464	2.26597	4.78677	0	0	0	0	0	0	-5414.62	72.7111	0	9.03797        0   0      0      0.248992    0.33748    0
0.397447	3643	6.43863	665.906	16.5995	5.66948	2.46244	-2.39013	2.50609	0	0	0	0	0	0	-4156.91	42.5022	0	6.43863        0   0      0      0.33748    0.457415    0
0.538693	4870	4.9079	436.261	10.2557	3.47807	1.65573	-3.53167	1.61938	0	0	0	0	0	0	-2723.98	22.1383	0	4.9079        0   0      0      0.457415    0.619972    0
0.730136	7001	3.57282	297.719	6.66945	3.50294	1.05447	-0.106581	1.06167	0	0	0	0	0	0	-1860.77	12.3255	0	3.57282        0   0      0      0.619972    0.8403    0
0.989614	10380	2.71087	197.315	4.39787	1.03912	1.14246	-0.390627	0.792196	0	0	0	0	0	0	-1238.19	7.09005	0	2.71087        0   0      0      0.8403    1.13893    0
1.34131	16286	2.03084	142.491	3.02656	1.04527	0.506258	0.29823	0.500088	0	0	0	0	0	0	-888.165	4.47292	0	2.03084        0   0      0      1.13893    1.54368    0
1.81798	26936	1.5141	111.789	2.13711	0.00223348	0.355667	0.0728983	0.394517	0	0	0	0	0	0	-691.394	3.00558	0	1.5141        0   0      0      1.54368    2.09228    0
2.46406	45851	1.12121	90.5726	1.52272	0.261928	0.327649	0.286583	0.310734	0	0	0	0	0	0	-554.454	2.07186	0	1.12121        0   0      0      2.09228    2.83584    0
3.33975	78382	0.83197	71.7164	1.10254	0.495986	0.195078	-0.134	0.191083	0	0	0	0	0	0	-430.937	1.44187	0	0.83197        0   0      0      2.83584    3.84365    0
4.52664	134864	0.617691	55.6832	0.794819	0.439756	0.144078	0.0111118	0.137606	0	0	0	0	0	0	-330.903	1.01874	0	0.617691        0   0      0      3.84365    5.20962    0
6.13533	235092	0.458311	44.2912	0.575611	0.352452	0.100689	-0.295613	0.100925	0	0	0	0	0	0	-255.015	0.728181	0	0.458311        0   0      0      5.20962    7.06103    0
8.31572	409365	0.341459	32.6928	0.417095	0.353997	0.0750845	0.0335073	0.0778393	0	0	0	0	0	0	-181.73	0.52327	0	0.341459        0   0      0      7.06103    9.5704    0
11.271	715988	0.25456	24.1425	0.304341	0.24559	0.0594946	-0.108856	0.060834	0	0	0	0	0	0	-124.847	0.380761	0	0.25456        0   0      0      9.5704    12.9716    0
15.2765	1260161	0.190011	17.2816	0.222851	0.209577	0.0446208	-0.0570406	0.044798	0	0	0	0	0	0	-80.9034	0.278534	0	0.190011        0   0      0      12.9716    17.5814    0
20.7055	2230810	0.141854	12.2531	0.164072	0.174937	0.0330651	-0.0301961	0.0354982	0	0	0	0	0	0	-49.2793	0.205938	0	0.141854        0   0      0      17.5814    23.8296    0
28.0639	3945562	0.106243	8.41317	0.121204	0.109322	0.0238789	-0.00989087	0.024798	0	0	0	0	0	0	-23.0206	0.152671	0	0.106243        0   0      0      23.8296    32.2982    0
38.0373	6971272	0.0797164	5.3446	0.0898637	0.1309	0.0176231	0.0107671	0.017876	0	0	0	0	0	0	-2.92891	0.113951	0	0.0797164        0   0      0      32.2982    43.7764    0
51.5551	12284576	0.0599738	3.00242	0.0669027	0.126068	0.0133387	-0.00634731	0.0129042	0	0	0	0	0	0	12.0178	0.0855929	0	0.0599738        0   0      0      43.7764    59.3338    0
69.8769	21582412	0.0452171	1.8374	0.0501667	0.0544761	0.00976692	0.026939	0.00963783	0	0	0	0	0	0	18.6059	0.0647395	0	0.0452171        0   0      0      59.3338    80.42    0
94.7099	37552943	0.0342692	0.992718	0.0378965	0.0378745	0.00729039	-0.00806489	0.00737764	0	0	0	0	0	0	23.3578	0.0492919	0	0.0342692        0   0      0      80.42    109    0
