# 1bin_value	2data_points	3sqrt(data_points)	4W	5W_err	6e+	7e+_err	8eX 9eX_err	10e++ 	11e++_err		12eXX	13eXX_err		14e+X	15e+X_err 	16theta          17theta_err       17num_den	18num_err 19LS_err     20wt_num     21wt_num_err  22r_low   23r_high 24sig_crit
0.117769	743	inf	1795.62	97.8321	18.3974	11.8514	8.10808	10.9747	0	0	0	0	0	0	-11470.4	397.761	0	inf        0   0      0      0.1    0.135538    0
0.159622	1126	23.2091	1367.5	58.9819	27.369	7.82355	-4.00704	7.55654	0	0	0	0	0	0	-8692.1	213.695	0	23.2091        0   0      0      0.135538    0.183706    0
0.216349	1520	12.9056	1033.88	38.3869	9.25886	5.31804	2.74868	5.37107	0	0	0	0	0	0	-6501.69	124.84	0	12.9056        0   0      0      0.183706    0.248992    0
0.293236	2455	9.03747	858.933	25.2983	7.75121	5.70956	2.61826	4.78231	0	0	0	0	0	0	-5425.99	72.7036	0	9.03747        0   0      0      0.248992    0.33748    0
0.397447	3647	6.43576	664.5	16.5543	5.68379	2.45537	-2.30017	2.49922	0	0	0	0	0	0	-4150.83	42.2054	0	6.43576        0   0      0      0.33748    0.457415    0
0.538693	4875	4.90491	435.935	10.2306	3.33493	1.65179	-3.62606	1.61576	0	0	0	0	0	0	-2721.53	21.9372	0	4.90491        0   0      0      0.457415    0.619972    0
0.730136	7015	3.56652	297.463	6.65692	3.38258	1.0525	-0.43473	1.05976	0	0	0	0	0	0	-1860.77	12.1865	0	3.56652        0   0      0      0.619972    0.8403    0
0.989614	10388	2.70832	196.692	4.38969	1.04356	1.14048	-0.386088	0.790824	0	0	0	0	0	0	-1236.71	7.03344	0	2.70832        0   0      0      0.8403    1.13893    0
1.34131	16295	2.03091	141.932	3.02	1.09453	0.505197	0.32233	0.499008	0	0	0	0	0	0	-885.975	4.44396	0	2.03091        0   0      0      1.13893    1.54368    0
1.81798	26945	1.51407	111.004	2.13208	0.0162812	0.354849	0.0923743	0.393609	0	0	0	0	0	0	-688.716	2.99002	0	1.51407        0   0      0      1.54368    2.09228    0
2.46406	45947	1.12009	90.2839	1.51946	0.262371	0.326927	0.267528	0.310056	0	0	0	0	0	0	-555.012	2.02734	0	1.12009        0   0      0      2.09228    2.83584    0
3.33975	78530	0.831229	71.4064	1.09994	0.488192	0.194619	-0.133336	0.190628	0	0	0	0	0	0	-431.334	1.4098	0	0.831229        0   0      0      2.83584    3.84365    0
4.52664	135098	0.617184	55.3953	0.792755	0.443125	0.143701	-0.014808	0.13725	0	0	0	0	0	0	-330.658	0.998191	0	0.617184        0   0      0      3.84365    5.20962    0
6.13533	235611	0.457837	44.0621	0.574078	0.34726	0.10042	-0.281228	0.100655	0	0	0	0	0	0	-255.669	0.708158	0	0.457837        0   0      0      5.20962    7.06103    0
8.31572	410281	0.341086	32.4191	0.415893	0.347498	0.0748682	0.0546571	0.0776149	0	0	0	0	0	0	-182.183	0.508044	0	0.341086        0   0      0      7.06103    9.5704    0
11.271	718104	0.254191	23.979	0.3034	0.237204	0.0593099	-0.10732	0.0606453	0	0	0	0	0	0	-125.936	0.366514	0	0.254191        0   0      0      9.5704    12.9716    0
15.2765	1264171	0.18972	17.0859	0.222076	0.206839	0.0444647	-0.0551552	0.0446418	0	0	0	0	0	0	-81.8645	0.267343	0	0.18972        0   0      0      12.9716    17.5814    0
20.7055	2238850	0.141607	12.0223	0.163423	0.17292	0.032934	-0.0300609	0.0353572	0	0	0	0	0	0	-50.2269	0.196445	0	0.141607        0   0      0      17.5814    23.8296    0
28.0639	3961772	0.10603	8.19387	0.120655	0.107755	0.0237707	-0.0129424	0.0246857	0	0	0	0	0	0	-23.9468	0.14471	0	0.10603        0   0      0      23.8296    32.2982    0
38.0373	7004941	0.0795285	5.16316	0.0894026	0.133042	0.0175326	0.00961536	0.0177841	0	0	0	0	0	0	-4.08195	0.10708	0	0.0795285        0   0      0      32.2982    43.7764    0
51.5551	12352552	0.0598116	2.84789	0.0665215	0.123486	0.0132626	-0.0127451	0.0128306	0	0	0	0	0	0	10.7485	0.0797308	0	0.0598116        0   0      0      43.7764    59.3338    0
69.8769	21715566	0.0450806	1.70556	0.0498577	0.0527949	0.00970671	0.0212868	0.00957839	0	0	0	0	0	0	17.2983	0.0598078	0	0.0450806        0   0      0      59.3338    80.42    0
94.7099	37790493	0.0341626	0.866899	0.0376592	0.0367745	0.00724468	-0.0104935	0.00733137	0	0	0	0	0	0	22.1686	0.0454874	0	0.0341626        0   0      0      80.42    109    0
