# 1bin_value	2data_points	3sqrt(data_points)	4W	5W_err	6e+	7e+_err	8eX 9eX_err	10e++ 	11e++_err		12eXX	13eXX_err		14e+X	15e+X_err 	16theta          17theta_err       17num_den	18num_err 19LS_err     20wt_num     21wt_num_err  22r_low   23r_high 24sig_crit
0.117769	821	0	203.455	7.57571	0	0	0	0	0	0	0	0	0	0	-1375.17	91006.3	0	0        0   838      0      0.1    0.135538    0
0.159622	1551	0	211.531	5.76763	0	0	0	0	0	0	0	0	0	0	-1406.89	168506	0	0        0   1595      0      0.135538    0.183706    0
0.216349	2713	0	196.405	4.01245	0	0	0	0	0	0	0	0	0	0	-1316.13	294497	0	0        0   2777      0      0.183706    0.248992    0
0.293236	4930	0	199.697	3.03047	0	0	0	0	0	0	0	0	0	0	-1334.32	530407	0	0        0   5046      0      0.248992    0.33748    0
0.397447	9079	0	200.957	2.25068	0	0	0	0	0	0	0	0	0	0	-1347.04	982972	0	0        0   9299      0      0.33748    0.457415    0
0.538693	16582	0	202.534	1.67988	0	0	0	0	0	0	0	0	0	0	-1352.89	1.78959e+06	0	0        0   17017      0      0.457415    0.619972    0
0.730136	30193	0	199.715	1.2256	0	0	0	0	0	0	0	0	0	0	-1337.92	3.26333e+06	0	0        0   30904      0      0.619972    0.8403    0
0.989614	55395	0	200.796	0.911024	0	0	0	0	0	0	0	0	0	0	-1345.17	5.9985e+06	0	0        0   56734      0      0.8403    1.13893    0
1.34131	101360	0	200.563	0.672257	0	0	0	0	0	0	0	0	0	0	-1342.85	1.09609e+07	0	0        0   103819      0      1.13893    1.54368    0
1.81798	185079	0	200.27	0.496708	0	0	0	0	0	0	0	0	0	0	-1341.74	2.00271e+07	0	0        0   189484      0      1.54368    2.09228    0
2.46406	338302	0	200.554	0.367926	0	0	0	0	0	0	0	0	0	0	-1342.81	3.65332e+07	0	0        0   346324      0      2.09228    2.83584    0
3.33975	617410	0	200.213	0.271927	0	0	0	0	0	0	0	0	0	0	-1341.37	6.67914e+07	0	0        0   632046      0      2.83584    3.84365    0
4.52664	1130904	0	200.588	0.201298	0	0	0	0	0	0	0	0	0	0	-1343.7	1.22323e+08	0	0        0   1.15774e+06      0      3.84365    5.20962    0
6.13533	2065037	0	200.223	0.14869	0	0	0	0	0	0	0	0	0	0	-1341.83	2.23476e+08	0	0        0   2.11362e+06      0      5.20962    7.06103    0
8.31572	3764692	0	200.202	0.110144	0	0	0	0	0	0	0	0	0	0	-1341	4.0736e+08	0	0        0   3.85427e+06      0      7.06103    9.5704    0
11.271	6849895	0	200.146	0.0816426	0	0	0	0	0	0	0	0	0	0	-1340.56	7.41341e+08	0	0        0   7.01312e+06      0      9.5704    12.9716    0
15.2765	12459145	0	200.206	0.0605716	0	0	0	0	0	0	0	0	0	0	-1340.97	1.34904e+09	0	0        0   1.27553e+07      0      12.9716    17.5814    0
20.7055	22586462	0	200.282	0.0450198	0	0	0	0	0	0	0	0	0	0	-1341.6	2.44752e+09	0	0        0   2.3122e+07      0      17.5814    23.8296    0
28.0639	40767688	0	200.195	0.0335067	0	0	0	0	0	0	0	0	0	0	-1341.04	4.42063e+09	0	0        0   4.17326e+07      0      23.8296    32.2982    0
38.0373	73275869	0	200.256	0.0250146	0	0	0	0	0	0	0	0	0	0	-1341.41	7.95413e+09	0	0        0   7.50097e+07      0      32.2982    43.7764    0
51.5551	130875325	0	200.426	0.0187487	0	0	0	0	0	0	0	0	0	0	-1342.41	1.42249e+10	0	0        0   1.33972e+08      0      43.7764    59.3338    0
69.8769	231475114	0	200.448	0.0141134	0	0	0	0	0	0	0	0	0	0	-1342.27	2.51964e+10	0	0        0   2.36957e+08      0      59.3338    80.42    0
94.7099	404439268	0	200.497	0.0106912	0	0	0	0	0	0	0	0	0	0	-1342.45	4.41044e+10	0	0        0   4.14023e+08      0      80.42    109    0
