# 1bin_value	2data_points	3sqrt(data_points)	4W	5W_err	6e+	7e+_err	8eX 9eX_err	10e++ 	11e++_err		12eXX	13eXX_err		14e+X	15e+X_err 	16theta          17theta_err       17num_den	18num_err 19LS_err     20wt_num     21wt_num_err  22r_low   23r_high 24sig_crit
0.117769	790	inf	1711.65	88.9941	28.2159	8.02837	-5.8488	7.48105	0	0	0	0	0	0	-11376.7	370.588	0	inf        0   0      0      0.1    0.135538    0
0.159622	1045	20.8333	1117.5	50.2658	26.5513	5.26429	0.981007	5.28594	0	0	0	0	0	0	-7399.04	178.859	0	20.8333        0   0      0      0.135538    0.183706    0
0.216349	1481	14.318	851.285	31.9898	11.6258	3.44272	-7.1963	3.43292	0	0	0	0	0	0	-5631.08	104.716	0	14.318        0   0      0      0.183706    0.248992    0
0.293236	2457	9.10081	750.295	22.3328	12.2724	2.59454	-3.61782	2.4477	0	0	0	0	0	0	-4964.12	69.1554	0	9.10081        0   0      0      0.248992    0.33748    0
0.397447	3726	6.15302	589.451	14.6416	7.80845	1.70961	0.555253	1.65117	0	0	0	0	0	0	-3918.98	39.3444	0	6.15302        0   0      0      0.33748    0.457415    0
0.538693	4923	4.79899	373.222	9.1698	4.4599	1.10993	-0.228394	1.12086	0	0	0	0	0	0	-2460.16	20.8859	0	4.79899        0   0      0      0.457415    0.619972    0
0.730136	6961	3.5919	247.452	5.90639	1.72703	0.725377	-0.615062	0.715783	0	0	0	0	0	0	-1614.61	11.8517	0	3.5919        0   0      0      0.619972    0.8403    0
0.989614	10834	2.62062	182.848	4.04173	1.04559	0.495797	-0.0244881	0.505358	0	0	0	0	0	0	-1195.58	7.19075	0	2.62062        0   0      0      0.8403    1.13893    0
1.34131	17271	1.95283	134.075	2.79964	0.418	0.344623	0.45182	0.349474	0	0	0	0	0	0	-869.902	4.63808	0	1.95283        0   0      0      1.13893    1.54368    0
1.81798	28598	1.4562	101.496	1.97298	0.52512	0.245608	0.0676879	0.241787	0	0	0	0	0	0	-651.616	3.09862	0	1.4562        0   0      0      1.54368    2.09228    0
2.46406	49102	1.08202	84.3088	1.42507	0.649054	0.175881	-0.0489885	0.176325	0	0	0	0	0	0	-540.142	2.19227	0	1.08202        0   0      0      2.09228    2.83584    0
3.33975	83883	0.803511	66.2638	1.02363	0.59522	0.126406	0.114498	0.12656	0	0	0	0	0	0	-414.246	1.52623	0	0.803511        0   0      0      2.83584    3.84365    0
4.52664	144440	0.596918	50.5716	0.738189	0.402013	0.0911314	-0.0313867	0.0912081	0	0	0	0	0	0	-312.826	1.07184	0	0.596918        0   0      0      3.84365    5.20962    0
6.13533	252443	0.442106	40.5665	0.535333	0.179849	0.0659758	-0.0194285	0.0660492	0	0	0	0	0	0	-243.939	0.761937	0	0.442106        0   0      0      5.20962    7.06103    0
8.31572	441614	0.328385	30.8104	0.389785	0.316909	0.0480851	0.0235658	0.0480722	0	0	0	0	0	0	-177.129	0.549084	0	0.328385        0   0      0      7.06103    9.5704    0
11.271	773271	0.244838	22.1517	0.284464	0.189705	0.0351319	-0.000180918	0.0351304	0	0	0	0	0	0	-118.867	0.396531	0	0.244838        0   0      0      9.5704    12.9716    0
15.2765	1366029	0.182429	15.8037	0.208516	0.094358	0.0257099	0.0388947	0.025713	0	0	0	0	0	0	-76.6776	0.288601	0	0.182429        0   0      0      12.9716    17.5814    0
20.7055	2416209	0.136256	10.5708	0.15339	0.148505	0.0189149	0.0177054	0.0188979	0	0	0	0	0	0	-41.7968	0.2113	0	0.136256        0   0      0      17.5814    23.8296    0
28.0639	4289541	0.101852	7.10981	0.11336	0.113374	0.0139764	0.00238089	0.0139602	0	0	0	0	0	0	-18.1244	0.155794	0	0.101852        0   0      0      23.8296    32.2982    0
38.0373	7603581	0.0763183	4.2619	0.0840461	0.0975534	0.0103465	0.00468129	0.0103323	0	0	0	0	0	0	0.729539	0.114862	0	0.0763183        0   0      0      32.2982    43.7764    0
51.5551	13442468	0.0573297	2.0861	0.062606	0.0572923	0.00769823	0.0383554	0.00769746	0	0	0	0	0	0	14.2005	0.0852601	0	0.0573297        0   0      0      43.7764    59.3338    0
69.8769	23650153	0.0431929	0.836563	0.0469358	0.0164205	0.00576965	0.00247302	0.00576867	0	0	0	0	0	0	22.293	0.0641191	0	0.0431929        0   0      0      59.3338    80.42    0
94.7099	41235937	0.0326995	0.0839489	0.0354774	0.0287615	0.00436421	0.0184696	0.00436166	0	0	0	0	0	0	27.0776	0.0491397	0	0.0326995        0   0      0      80.42    109    0
