# 1bin_value	2data_points	3sqrt(data_points)	4W	5W_err	6e+	7e+_err	8eX 9eX_err	10e++ 	11e++_err		12eXX	13eXX_err		14e+X	15e+X_err 	16theta          17theta_err       17num_den	18num_err 19LS_err     20wt_num     21wt_num_err  22r_low   23r_high 24sig_crit
0.117769	792	0	1931.03	89.1656	26.9324	8.02261	-6.16764	7.46251	0	0	0	0	0	0	-54002.9	375.218	0	0        0   815      0      0.1    0.135538    0
0.159622	1050	0	1339.4	49.4819	26.5784	5.20139	2.26667	5.22665	0	0	0	0	0	0	-71617.4	176.243	0	0        0   1085      0      0.135538    0.183706    0
0.216349	1496	0	1053.65	31.5956	10.9401	3.40675	-7.42272	3.39865	0	0	0	0	0	0	-103530	104.026	0	0        0   1548      0      0.183706    0.248992    0
0.293236	2475	0	958.096	21.9545	12.8288	2.56808	-4.21961	2.41927	0	0	0	0	0	0	-170414	68.283	0	0        0   2552      0      0.248992    0.33748    0
0.397447	3739	0	791.507	14.2848	8.30709	1.68659	0.427652	1.62628	0	0	0	0	0	0	-257671	38.5726	0	0        0   3845      0      0.33748    0.457415    0
0.538693	4948	0	581.356	8.86678	4.48131	1.09051	-0.396684	1.10163	0	0	0	0	0	0	-339019	20.1789	0	0        0   5089      0      0.457415    0.619972    0
0.730136	7002	0	449.031	5.64883	2.014	0.709454	-0.932763	0.699618	0	0	0	0	0	0	-479976	11.1497	0	0        0   7172      0      0.619972    0.8403    0
0.989614	10918	0	385.268	3.83511	1.33097	0.482875	-0.0157649	0.492903	0	0	0	0	0	0	-749134	6.57484	0	0        0   11192      0      0.8403    1.13893    0
1.34131	17404	0	336.17	2.63494	0.353392	0.334549	0.236248	0.339457	0	0	0	0	0	0	-1.1951e+06	4.12129	0	0        0   17818      0      1.13893    1.54368    0
1.81798	28777	0	304.035	1.84447	0.544349	0.23784	0.114795	0.233855	0	0	0	0	0	0	-1.97395e+06	2.71878	0	0        0   29393      0      1.54368    2.09228    0
2.46406	49479	0	287.448	1.32763	0.710192	0.169938	-0.142039	0.170395	0	0	0	0	0	0	-3.39782e+06	1.87398	0	0        0   50588      0      2.09228    2.83584    0
3.33975	84448	0	268.826	0.94918	0.605831	0.12186	0.0899574	0.122032	0	0	0	0	0	0	-5.79399e+06	1.29409	0	0        0   86284      0      2.83584    3.84365    0
4.52664	145370	0	253.736	0.681561	0.420966	0.0876807	-0.0614711	0.087762	0	0	0	0	0	0	-9.97942e+06	0.894214	0	0        0   148597      0      3.84365    5.20962    0
6.13533	253895	0	242.714	0.492692	0.220928	0.063379	-0.0130414	0.0634528	0	0	0	0	0	0	-1.74253e+07	0.633435	0	0        0   259397      0      5.20962    7.06103    0
8.31572	444168	0	233.206	0.357671	0.333399	0.0461327	0.057385	0.0461206	0	0	0	0	0	0	-3.04591e+07	0.452092	0	0        0   453661      0      7.06103    9.5704    0
11.271	777214	0	224.564	0.260267	0.163634	0.0336674	-0.0247256	0.0336646	0	0	0	0	0	0	-5.3315e+07	0.326	0	0        0   793830      0      9.5704    12.9716    0
15.2765	1372151	0	218.292	0.190373	0.117316	0.0246127	0.0132358	0.0246161	0	0	0	0	0	0	-9.4119e+07	0.237722	0	0        0   1.40145e+06      0      12.9716    17.5814    0
20.7055	2426992	0	213.252	0.139801	0.165012	0.018096	0.0031382	0.0180778	0	0	0	0	0	0	-1.66386e+08	0.173342	0	0        0   2.47857e+06      0      17.5814    23.8296    0
28.0639	4308516	0	209.761	0.103204	0.119266	0.0133661	-0.00723287	0.0133487	0	0	0	0	0	0	-2.95428e+08	0.127506	0	0        0   4.40024e+06      0      23.8296    32.2982    0
38.0373	7632896	0	206.812	0.0764467	0.1096	0.00989088	-0.00222917	0.0098759	0	0	0	0	0	0	-5.23201e+08	0.094419	0	0        0   7.79532e+06      0      32.2982    43.7764    0
51.5551	13488805	0	204.668	0.0569105	0.0730967	0.00735774	0.0379979	0.00735705	0	0	0	0	0	0	-9.24457e+08	0.0703701	0	0        0   1.37754e+07      0      43.7764    59.3338    0
69.8769	23733995	0	203.445	0.0426563	0.0497901	0.00551454	0.00398468	0.00551355	0	0	0	0	0	0	-1.6265e+09	0.0528761	0	0        0   2.42373e+07      0      59.3338    80.42    0
94.7099	41416308	0	203.11	0.0322509	0.0614439	0.00417292	0.0143085	0.00417038	0	0	0	0	0	0	-2.8381e+09	0.0402771	0	0        0   4.22956e+07      0      80.42    109    0
