# 1bin_value	2data_points	3sqrt(data_points)	4W	5W_err	6e+	7e+_err	8eX 9eX_err	10e++ 	11e++_err		12eXX	13eXX_err		14e+X	15e+X_err 	16theta          17theta_err       17num_den	18num_err 19LS_err     20wt_num     21wt_num_err  22r_low   23r_high 24sig_crit
0.117769	595	31.5309	1073.91	63.8538	14.8119	7.29251	5.567	7.19107	0	0	0	0	0	0	-7176.92	236.633	0	31.5309        0   0      0      0.1    0.135538    0
0.159622	836	20.7858	806.576	41.213	11.2348	4.84127	5.40709	4.52775	0	0	0	0	0	0	-5391.41	132.791	0	20.7858        0   0      0      0.135538    0.183706    0
0.216349	1271	14.0917	685.138	28.4982	7.82782	3.4129	2.58785	3.28497	0	0	0	0	0	0	-4444.59	85.9567	0	14.0917        0   0      0      0.183706    0.248992    0
0.293236	2150	8.95311	615.343	20.2406	6.75327	2.56052	0.428551	2.47486	0	0	0	0	0	0	-4083.26	58.7577	0	8.95311        0   0      0      0.248992    0.33748    0
0.397447	3226	6.43176	471.885	13.2384	5.43007	1.68111	0.908202	1.63262	0	0	0	0	0	0	-3099.24	33.6675	0	6.43176        0   0      0      0.33748    0.457415    0
0.538693	4353	4.81387	299.37	8.43042	3.20731	1.11513	-2.71115	1.09508	0	0	0	0	0	0	-1960.76	18.1225	0	4.81387        0   0      0      0.457415    0.619972    0
0.730136	6572	3.55413	214.617	5.60224	1.75675	0.751897	-0.216515	0.74219	0	0	0	0	0	0	-1392.25	10.5331	0	3.55413        0   0      0      0.619972    0.8403    0
0.989614	10468	2.6122	160.707	3.88729	0.488826	0.511629	-0.439093	0.509089	0	0	0	0	0	0	-1034.32	6.66301	0	2.6122        0   0      0      0.8403    1.13893    0
1.34131	16576	1.96378	110.788	2.68244	0.962546	0.360234	-0.536394	0.353992	0	0	0	0	0	0	-717.969	4.33543	0	1.96378        0   0      0      1.13893    1.54368    0
1.81798	27887	1.4667	88.7836	1.91522	0.609601	0.253993	-0.0333415	0.252727	0	0	0	0	0	0	-567.482	2.97599	0	1.4667        0   0      0      1.54368    2.09228    0
2.46406	48646	1.07294	76.2777	1.38812	0.34539	0.184999	-0.00124876	0.184384	0	0	0	0	0	0	-480.035	2.10637	0	1.07294        0   0      0      2.09228    2.83584    0
3.33975	83843	0.796856	61.1841	1.00272	0.481761	0.132621	-0.0974256	0.133599	0	0	0	0	0	0	-378.996	1.48547	0	0.796856        0   0      0      2.83584    3.84365    0
4.52664	144231	0.5938	45.7956	0.723746	0.23457	0.0961019	-0.13336	0.0959721	0	0	0	0	0	0	-276.423	1.05618	0	0.5938        0   0      0      3.84365    5.20962    0
6.13533	251676	0.440387	35.0777	0.524575	0.239244	0.0695074	0.102503	0.0697889	0	0	0	0	0	0	-204.583	0.754551	0	0.440387        0   0      0      5.20962    7.06103    0
8.31572	442784	0.326651	26.9161	0.38272	0.142042	0.0507291	0.0640398	0.0507321	0	0	0	0	0	0	-149.398	0.54664	0	0.326651        0   0      0      7.06103    9.5704    0
11.271	779160	0.243281	19.3874	0.28026	0.147273	0.0371479	-0.0151229	0.037147	0	0	0	0	0	0	-100.14	0.399108	0	0.243281        0   0      0      9.5704    12.9716    0
15.2765	1381273	0.181123	14.2233	0.205855	0.143907	0.0272416	-0.0105339	0.0272029	0	0	0	0	0	0	-64.6188	0.293784	0	0.181123        0   0      0      12.9716    17.5814    0
20.7055	2442517	0.135368	9.20278	0.151507	0.143747	0.020003	-0.00914657	0.020013	0	0	0	0	0	0	-30.672	0.217546	0	0.135368        0   0      0      17.5814    23.8296    0
28.0639	4337228	0.101229	5.6378	0.112056	0.141367	0.0147848	-0.00698046	0.0147896	0	0	0	0	0	0	-7.47261	0.162371	0	0.101229        0   0      0      23.8296    32.2982    0
38.0373	7696584	0.0758255	3.16332	0.0832322	0.0848098	0.0109837	0.0212319	0.0109852	0	0	0	0	0	0	9.68488	0.121899	0	0.0758255        0   0      0      32.2982    43.7764    0
51.5551	13607577	0.0569555	1.06255	0.0621083	0.0587767	0.00817928	0.0189376	0.00819193	0	0	0	0	0	0	23.5994	0.0920822	0	0.0569555        0   0      0      43.7764    59.3338    0
69.8769	23971702	0.0428901	0.0259443	0.0466514	0.0367791	0.00614262	0.0171999	0.00614511	0	0	0	0	0	0	30.0866	0.0702024	0	0.0428901        0   0      0      59.3338    80.42    0
94.7099	41903160	0.0324325	-0.292512	0.0353261	0.03326	0.00464952	0.0138336	0.00465249	0	0	0	0	0	0	32.2669	0.0537687	0	0.0324325        0   0      0      80.42    109    0
