# 1bin_value	2data_points	3sqrt(data_points)	4W	5W_err	6e+	7e+_err	8eX 9eX_err	10e++ 	11e++_err		12eXX	13eXX_err		14e+X	15e+X_err 	16theta          17theta_err       17num_den	18num_err 19LS_err     20wt_num     21wt_num_err  22r_low   23r_high 24sig_crit
0.117769	813	0	195.752	7.24552	0.687318	0.898279	-1.04378	0.962873	0	0	0	0	0	0	-55699.5	16.8067	0	0        0   813      0      0.1    0.135538    0
0.159622	1519	0	203.474	5.50399	-0.281581	0.686727	0.596506	0.663223	0	0	0	0	0	0	-103872	12.6971	0	0        0   1519      0      0.135538    0.183706    0
0.216349	2882	0	208.234	4.09076	-0.582033	0.528615	-1.0454	0.518493	0	0	0	0	0	0	-197861	9.50538	0	0        0   2882      0      0.183706    0.248992    0
0.293236	5157	0	203.985	2.99182	-0.199927	0.380612	-0.632868	0.381468	0	0	0	0	0	0	-353345	6.91462	0	0        0   5157      0      0.248992    0.33748    0
0.397447	9113	0	198.361	2.18623	-0.218852	0.276481	0.319261	0.274041	0	0	0	0	0	0	-625468	4.98391	0	0        0   9113      0      0.33748    0.457415    0
0.538693	16857	0	200.124	1.6216	0.248502	0.205681	-0.217212	0.206171	0	0	0	0	0	0	-1.15714e+06	3.703	0	0        0   16857      0      0.457415    0.619972    0
0.730136	31106	0	201.567	1.20258	-0.146943	0.153489	-0.0659821	0.155141	0	0	0	0	0	0	-2.13323e+06	2.75073	0	0        0   31106      0      0.619972    0.8403    0
0.989614	56863	0	201.999	0.891688	0.0722111	0.112953	0.158596	0.113639	0	0	0	0	0	0	-3.90083e+06	2.04433	0	0        0   56863      0      0.8403    1.13893    0
1.34131	104144	0	201.776	0.658029	0.0452632	0.0834737	-0.022927	0.0836013	0	0	0	0	0	0	-7.14285e+06	1.507	0	0        0   104144      0      1.13893    1.54368    0
1.81798	190533	0	201.973	0.486978	0.0722123	0.0622034	0.101602	0.062038	0	0	0	0	0	0	-1.30667e+07	1.11598	0	0        0   190533      0      1.54368    2.09228    0
2.46406	348475	0	202.598	0.361279	-0.036065	0.0460685	-0.0147225	0.0460122	0	0	0	0	0	0	-2.39044e+07	0.8292	0	0        0   348475      0      2.09228    2.83584    0
3.33975	636783	0	202.586	0.267228	-0.000127188	0.034083	0.0164267	0.034123	0	0	0	0	0	0	-4.36741e+07	0.612725	0	0        0   636783      0      2.83584    3.84365    0
4.52664	1165663	0	202.664	0.197595	0.00979204	0.0252049	0.0194963	0.025154	0	0	0	0	0	0	-7.99407e+07	0.453349	0	0        0   1.16566e+06      0      3.84365    5.20962    0
6.13533	2130500	0	202.531	0.146059	0.00386543	0.0186324	-0.0046136	0.0186197	0	0	0	0	0	0	-1.4611e+08	0.335001	0	0        0   2.1305e+06      0      5.20962    7.06103    0
8.31572	3892599	0	202.83	0.108221	0.00933424	0.0137965	0.0129495	0.0137843	0	0	0	0	0	0	-2.66925e+08	0.248286	0	0        0   3.8926e+06      0      7.06103    9.5704    0
11.271	7097968	0	203.077	0.0802428	-0.0111072	0.010228	0.0168238	0.0102257	0	0	0	0	0	0	-4.86764e+08	0.184176	0	0        0   7.09797e+06      0      9.5704    12.9716    0
15.2765	12906304	0	203.007	0.0594887	-0.0205054	0.00758281	0.00593998	0.00757955	0	0	0	0	0	0	-8.85024e+08	0.136539	0	0        0   1.29063e+07      0      12.9716    17.5814    0
20.7055	23406220	0	203.092	0.0441935	-0.0150521	0.0056331	-0.0123337	0.00563098	0	0	0	0	0	0	-1.60507e+09	0.101426	0	0        0   2.34062e+07      0      17.5814    23.8296    0
28.0639	42343829	0	203.343	0.032898	-0.0170511	0.00419082	-0.00666721	0.00419084	0	0	0	0	0	0	-2.90362e+09	0.0754915	0	0        0   4.23438e+07      0      23.8296    32.2982    0
38.0373	76183787	0	203.409	0.024534	-0.0127772	0.00312524	-0.000129024	0.00312437	0	0	0	0	0	0	-5.22346e+09	0.0562738	0	0        0   7.61838e+07      0      32.2982    43.7764    0
51.5551	136240664	0	203.503	0.018354	-0.0127055	0.00233681	0.00519983	0.00233645	0	0	0	0	0	0	-9.34013e+09	0.0420668	0	0        0   1.36241e+08      0      43.7764    59.3338    0
69.8769	241543655	0	203.65	0.0137943	-0.00737347	0.00175534	0.00305435	0.00175512	0	0	0	0	0	0	-1.65567e+10	0.0315955	0	0        0   2.41544e+08      0      59.3338    80.42    0
94.7099	423321403	0	203.954	0.0104371	-0.00496349	0.00132723	0.00738884	0.00132702	0	0	0	0	0	0	-2.90116e+10	0.0239225	0	0        0   4.23321e+08      0      80.42    109    0
