# 1bin_value	2data_points	3sqrt(data_points)	4W	5W_err	6e+	7e+_err	8eX 9eX_err	10e++ 	11e++_err		12eXX	13eXX_err		14e+X	15e+X_err 	16theta          17theta_err       17num_den	18num_err 19LS_err     20wt_num     21wt_num_err  22r_low   23r_high 24sig_crit
0.117769	815	0	201.592	7.55871	0	0	0	0	0	0	0	0	0	0	-1363.69	91006.3	0	0        0   832      0      0.1    0.135538    0
0.159622	1559	0	212.317	5.76169	0	0	0	0	0	0	0	0	0	0	-1410.91	168506	0	0        0   1603      0      0.135538    0.183706    0
0.216349	2697	0	195.142	4.00753	0	0	0	0	0	0	0	0	0	0	-1307.86	294497	0	0        0   2761      0      0.183706    0.248992    0
0.293236	4928	0	199.431	3.02799	0	0	0	0	0	0	0	0	0	0	-1333.15	530407	0	0        0   5043      0      0.248992    0.33748    0
0.397447	9076	0	200.856	2.25038	0	0	0	0	0	0	0	0	0	0	-1346.06	982972	0	0        0   9295      0      0.33748    0.457415    0
0.538693	16567	0	202.424	1.68033	0	0	0	0	0	0	0	0	0	0	-1352.03	1.78959e+06	0	0        0   17002      0      0.457415    0.619972    0
0.730136	30173	0	199.572	1.22555	0	0	0	0	0	0	0	0	0	0	-1337.07	3.26333e+06	0	0        0   30882      0      0.619972    0.8403    0
0.989614	55384	0	200.768	0.910936	0	0	0	0	0	0	0	0	0	0	-1344.93	5.9985e+06	0	0        0   56728      0      0.8403    1.13893    0
1.34131	101298	0	200.402	0.672087	0	0	0	0	0	0	0	0	0	0	-1341.89	1.09609e+07	0	0        0   103751      0      1.13893    1.54368    0
1.81798	185032	0	200.153	0.496565	0	0	0	0	0	0	0	0	0	0	-1341.11	2.00271e+07	0	0        0   189420      0      1.54368    2.09228    0
2.46406	338063	0	200.349	0.367797	0	0	0	0	0	0	0	0	0	0	-1341.47	3.65332e+07	0	0        0   346060      0      2.09228    2.83584    0
3.33975	617340	0	200.09	0.271792	0	0	0	0	0	0	0	0	0	0	-1340.62	6.67914e+07	0	0        0   631944      0      2.83584    3.84365    0
4.52664	1130923	0	200.481	0.201189	0	0	0	0	0	0	0	0	0	0	-1343.08	1.22323e+08	0	0        0   1.1577e+06      0      3.84365    5.20962    0
6.13533	2064930	0	200.07	0.148575	0	0	0	0	0	0	0	0	0	0	-1340.78	2.23476e+08	0	0        0   2.11348e+06      0      5.20962    7.06103    0
8.31572	3765898	0	200.078	0.110035	0	0	0	0	0	0	0	0	0	0	-1340.2	4.0736e+08	0	0        0   3.85545e+06      0      7.06103    9.5704    0
11.271	6852419	0	199.993	0.0815459	0	0	0	0	0	0	0	0	0	0	-1339.56	7.41341e+08	0	0        0   7.01554e+06      0      9.5704    12.9716    0
15.2765	12467845	0	200.059	0.0604817	0	0	0	0	0	0	0	0	0	0	-1339.99	1.34904e+09	0	0        0   1.2764e+07      0      12.9716    17.5814    0
20.7055	22609775	0	200.13	0.0449381	0	0	0	0	0	0	0	0	0	0	-1340.62	2.44752e+09	0	0        0   2.31449e+07      0      17.5814    23.8296    0
28.0639	40826948	0	200.028	0.0334294	0	0	0	0	0	0	0	0	0	0	-1339.98	4.42063e+09	0	0        0   4.1791e+07      0      23.8296    32.2982    0
38.0373	73433911	0	200.075	0.0249377	0	0	0	0	0	0	0	0	0	0	-1340.25	7.95413e+09	0	0        0   7.51669e+07      0      32.2982    43.7764    0
51.5551	131291089	0	200.203	0.0186682	0	0	0	0	0	0	0	0	0	0	-1340.95	1.42249e+10	0	0        0   1.34387e+08      0      43.7764    59.3338    0
69.8769	232546031	0	200.19	0.0140301	0	0	0	0	0	0	0	0	0	0	-1340.53	2.51964e+10	0	0        0   2.38029e+08      0      59.3338    80.42    0
94.7099	407123725	0	200.279	0.0106093	0	0	0	0	0	0	0	0	0	0	-1340.85	4.41044e+10	0	0        0   4.16724e+08      0      80.42    109    0
