# 1bin_value	2data_points	3sqrt(data_points)	4W	5W_err	6e+	7e+_err	8eX 9eX_err	10e++ 	11e++_err		12eXX	13eXX_err		14e+X	15e+X_err 	16theta          17theta_err       17num_den	18num_err 19LS_err     20wt_num     21wt_num_err  22r_low   23r_high 24sig_crit
0.117769	444	0	1002.22	54.7185	6.69896	7.51146	1.32524	6.63286	0	0	0	0	0	0	-30536.5	183.384	0	0        0   451      0      0.1    0.135538    0
0.159622	655	0	880.419	38.9538	5.87879	5.46351	5.11586	5.49497	0	0	0	0	0	0	-44975.1	120.238	0	0        0   672      0      0.135538    0.183706    0
0.216349	1022	0	710.345	24.5067	6.12994	3.52377	2.15904	3.50393	0	0	0	0	0	0	-69697.1	68.1862	0	0        0   1044      0      0.183706    0.248992    0
0.293236	1742	0	670.806	17.6268	3.15143	2.52799	1.03086	2.54859	0	0	0	0	0	0	-119651	46.7375	0	0        0   1791      0      0.248992    0.33748    0
0.397447	2757	0	583.331	11.9406	2.50181	1.80067	-0.428614	1.77815	0	0	0	0	0	0	-188958	27.1983	0	0        0   2851      0      0.33748    0.457415    0
0.538693	3937	0	459.86	7.73638	1.80266	1.16188	0.380633	1.18027	0	0	0	0	0	0	-269688	15.4725	0	0        0   4051      0      0.457415    0.619972    0
0.730136	6162	0	393.163	5.23701	1.60269	0.802055	0.563799	0.792658	0	0	0	0	0	0	-422567	9.2741	0	0        0   6328      0      0.619972    0.8403    0
0.989614	9719	0	339.309	3.56134	0.629267	0.542184	-0.444288	0.56158	0	0	0	0	0	0	-666517	5.76345	0	0        0   9938      0      0.8403    1.13893    0
1.34131	15989	0	306.679	2.50287	0.452521	0.391504	-0.311395	0.38901	0	0	0	0	0	0	-1.09658e+06	3.83287	0	0        0   16355      0      1.13893    1.54368    0
1.81798	27006	0	283.528	1.77349	0.697782	0.275919	0.305604	0.27324	0	0	0	0	0	0	-1.85272e+06	2.58504	0	0        0   27567      0      1.54368    2.09228    0
2.46406	46803	0	269.728	1.279	0.396587	0.199406	-0.217263	0.199808	0	0	0	0	0	0	-3.20881e+06	1.81363	0	0        0   47741      0      2.09228    2.83584    0
3.33975	81032	0	256.319	0.923836	0.333984	0.144246	-0.142242	0.143155	0	0	0	0	0	0	-5.55447e+06	1.26987	0	0        0   82770      0      2.83584    3.84365    0
4.52664	141397	0	245.401	0.668927	0.225362	0.104601	0.146067	0.104068	0	0	0	0	0	0	-9.69649e+06	0.898958	0	0        0   144542      0      3.84365    5.20962    0
6.13533	247783	0	235.498	0.484396	0.232994	0.0755507	-0.117797	0.0756282	0	0	0	0	0	0	-1.69931e+07	0.643539	0	0        0   253086      0      5.20962    7.06103    0
8.31572	433804	0	226.228	0.351473	0.125698	0.0549109	0.171247	0.0549775	0	0	0	0	0	0	-2.97557e+07	0.461713	0	0        0   442986      0      7.06103    9.5704    0
11.271	765282	0	219.658	0.256953	0.136193	0.0401316	0.0400006	0.040198	0	0	0	0	0	0	-5.2498e+07	0.336325	0	0        0   781567      0      9.5704    12.9716    0
15.2765	1356481	0	214.399	0.188347	0.179662	0.0293855	0.0413363	0.0294246	0	0	0	0	0	0	-9.30033e+07	0.244635	0	0        0   1.38563e+06      0      12.9716    17.5814    0
20.7055	2413181	0	210.584	0.13865	0.0691734	0.0216712	0.0975193	0.0216796	0	0	0	0	0	0	-1.65498e+08	0.180023	0	0        0   2.46403e+06      0      17.5814    23.8296    0
28.0639	4295448	0	207.685	0.102498	0.00961486	0.0160139	0.0489436	0.0160176	0	0	0	0	0	0	-2.94575e+08	0.133454	0	0        0   4.38575e+06      0      23.8296    32.2982    0
38.0373	7633053	0	205.416	0.0760649	0.00966188	0.0118634	-0.0424069	0.0118862	0	0	0	0	0	0	-5.23281e+08	0.0996649	0	0        0   7.7921e+06      0      32.2982    43.7764    0
51.5551	13517680	0	203.746	0.056711	-0.0174273	0.00885244	0.0123599	0.00886369	0	0	0	0	0	0	-9.26572e+08	0.0747163	0	0        0   1.38012e+07      0      43.7764    59.3338    0
69.8769	23841551	0	203.079	0.0425795	0.0018021	0.00665273	0.00247857	0.00664922	0	0	0	0	0	0	-1.63397e+09	0.0565931	0	0        0   2.43418e+07      0      59.3338    80.42    0
94.7099	41669811	0	203.005	0.0322094	0.0173135	0.00502663	0.0181724	0.00502676	0	0	0	0	0	0	-2.85596e+09	0.0432116	0	0        0   4.2544e+07      0      80.42    109    0
