# 1bin_value	2data_points	3sqrt(data_points)	4W	5W_err	6e+	7e+_err	8eX 9eX_err	10e++ 	11e++_err		12eXX	13eXX_err		14e+X	15e+X_err 	16theta          17theta_err       17num_den	18num_err 19LS_err     20wt_num     21wt_num_err  22r_low   23r_high 24sig_crit
0.117769	785	inf	1702.84	89.1685	28.5414	8.05397	-5.63285	7.5123	0	0	0	0	0	0	-11331.9	372.853	0	inf        0   0      0      0.1    0.135538    0
0.159622	1044	20.5749	1117.91	50.1028	27.3955	5.25522	1.71581	5.27941	0	0	0	0	0	0	-7401.37	176.863	0	20.5749        0   0      0      0.135538    0.183706    0
0.216349	1495	14.2869	863.917	32.2053	11.4356	3.45354	-7.65189	3.44247	0	0	0	0	0	0	-5722.41	105.063	0	14.2869        0   0      0      0.183706    0.248992    0
0.293236	2457	9.11844	749.589	22.3891	12.0157	2.59878	-3.22454	2.4529	0	0	0	0	0	0	-4967.8	69.3398	0	9.11844        0   0      0      0.248992    0.33748    0
0.397447	3724	6.13857	589.998	14.6634	8.12343	1.71253	0.43381	1.65368	0	0	0	0	0	0	-3927.1	39.3991	0	6.13857        0   0      0      0.33748    0.457415    0
0.538693	4924	4.79827	373.996	9.18925	4.59852	1.11205	0.128898	1.12303	0	0	0	0	0	0	-2466.35	20.9499	0	4.79827        0   0      0      0.457415    0.619972    0
0.730136	6984	3.58222	249.274	5.91909	1.6323	0.726773	-0.605789	0.716997	0	0	0	0	0	0	-1631.21	11.6747	0	3.58222        0   0      0      0.619972    0.8403    0
0.989614	10864	2.61833	183.807	4.05114	1.20184	0.496793	-0.00703343	0.506389	0	0	0	0	0	0	-1203.78	7.13375	0	2.61833        0   0      0      0.8403    1.13893    0
1.34131	17315	1.94844	135.041	2.80433	0.397422	0.345178	0.364407	0.350029	0	0	0	0	0	0	-876.825	4.57817	0	1.94844        0   0      0      1.13893    1.54368    0
1.81798	28627	1.4536	101.495	1.97702	0.480692	0.246101	0.0499762	0.242265	0	0	0	0	0	0	-655.04	3.07658	0	1.4536        0   0      0      1.54368    2.09228    0
2.46406	49252	1.07981	85.1518	1.42817	0.653664	0.176246	-0.0846499	0.176692	0	0	0	0	0	0	-547.459	2.14774	0	1.07981        0   0      0      2.09228    2.83584    0
3.33975	84040	0.802396	66.7803	1.02588	0.603501	0.126672	0.110137	0.12683	0	0	0	0	0	0	-419.655	1.50722	0	0.802396        0   0      0      2.83584    3.84365    0
4.52664	144622	0.596413	50.9612	0.739852	0.400188	0.0913324	-0.0504559	0.0914089	0	0	0	0	0	0	-317.139	1.06257	0	0.596413        0   0      0      3.84365    5.20962    0
6.13533	252628	0.441896	40.8929	0.536642	0.198086	0.0661336	-0.0149935	0.0662074	0	0	0	0	0	0	-247.444	0.758765	0	0.441896        0   0      0      5.20962    7.06103    0
8.31572	441682	0.328311	31.0119	0.390837	0.32369	0.0482124	0.0370586	0.0481998	0	0	0	0	0	0	-180.198	0.54966	0	0.328311        0   0      0      7.06103    9.5704    0
11.271	772971	0.244867	22.3764	0.285318	0.177729	0.0352361	0.00680261	0.0352346	0	0	0	0	0	0	-121.597	0.400015	0	0.244867        0   0      0      9.5704    12.9716    0
15.2765	1364356	0.182543	15.9934	0.209219	0.0984813	0.0257959	0.0407676	0.0257991	0	0	0	0	0	0	-79.274	0.29357	0	0.182543        0   0      0      12.9716    17.5814    0
20.7055	2411206	0.136395	10.7221	0.153981	0.147563	0.0189873	0.0188482	0.0189702	0	0	0	0	0	0	-44.0259	0.216905	0	0.136395        0   0      0      17.5814    23.8296    0
28.0639	4277793	0.101993	7.27348	0.113855	0.10734	0.0140372	-0.0028337	0.0140209	0	0	0	0	0	0	-20.5135	0.160967	0	0.101993        0   0      0      23.8296    32.2982    0
38.0373	7569492	0.0764924	4.3326	0.0844693	0.0936227	0.0103985	0.00584973	0.0103843	0	0	0	0	0	0	-0.937998	0.120672	0	0.0764924        0   0      0      32.2982    43.7764    0
51.5551	13364231	0.0574997	2.15733	0.0629673	0.0590315	0.00774269	0.0373719	0.00774192	0	0	0	0	0	0	12.6713	0.090771	0	0.0574997        0   0      0      43.7764    59.3338    0
69.8769	23492746	0.0433396	0.899558	0.0472401	0.0194609	0.00580708	0.00128257	0.0058061	0	0	0	0	0	0	20.6945	0.0687981	0	0.0433396        0   0      0      59.3338    80.42    0
94.7099	40959968	0.0328118	0.163861	0.0357288	0.0286902	0.00439512	0.0161643	0.00439255	0	0	0	0	0	0	25.1517	0.0527168	0	0.0328118        0   0      0      80.42    109    0
