# 1bin_value	2data_points	3sqrt(data_points)	4W	5W_err	6e+	7e+_err	8eX 9eX_err	10e++ 	11e++_err		12eXX	13eXX_err		14e+X	15e+X_err 	16theta          17theta_err       17num_den	18num_err 19LS_err     20wt_num     21wt_num_err  22r_low   23r_high 24sig_crit
0.117769	601	31.5286	1086.86	63.9164	16.6489	7.28239	5.10256	7.18141	0	0	0	0	0	0	-7273.35	235.022	0	31.5286        0   0      0      0.1    0.135538    0
0.159622	833	21.2169	803.36	41.2846	11.0316	4.84295	5.77869	4.51937	0	0	0	0	0	0	-5365.39	133.885	0	21.2169        0   0      0      0.135538    0.183706    0
0.216349	1276	14.1218	686.621	28.4998	7.54351	3.41058	2.51098	3.28155	0	0	0	0	0	0	-4459.06	85.7029	0	14.1218        0   0      0      0.183706    0.248992    0
0.293236	2175	8.94856	622.858	20.2286	6.87931	2.55453	0.625051	2.4703	0	0	0	0	0	0	-4134.37	57.8227	0	8.94856        0   0      0      0.248992    0.33748    0
0.397447	3243	6.41175	473.806	13.2096	5.15328	1.67767	0.693726	1.62914	0	0	0	0	0	0	-3116.77	32.9698	0	6.41175        0   0      0      0.33748    0.457415    0
0.538693	4378	4.81297	301.513	8.43145	3.04086	1.11489	-2.31554	1.0948	0	0	0	0	0	0	-1980.21	17.7015	0	4.81297        0   0      0      0.457415    0.619972    0
0.730136	6594	3.54848	214.585	5.5942	1.78567	0.750779	-0.336453	0.741155	0	0	0	0	0	0	-1394.08	10.3369	0	3.54848        0   0      0      0.619972    0.8403    0
0.989614	10503	2.60855	161.152	3.88571	0.541308	0.511382	-0.432199	0.508817	0	0	0	0	0	0	-1039.39	6.50114	0	2.60855        0   0      0      0.8403    1.13893    0
1.34131	16663	1.95773	111.575	2.68036	0.95005	0.359925	-0.501671	0.353676	0	0	0	0	0	0	-725.946	4.15952	0	1.95773        0   0      0      1.13893    1.54368    0
1.81798	28002	1.46349	89.1492	1.91346	0.617682	0.253733	-0.0227847	0.252465	0	0	0	0	0	0	-572.043	2.87647	0	1.46349        0   0      0      1.54368    2.09228    0
2.46406	48880	1.07019	76.9077	1.38696	0.412591	0.18483	0.00856205	0.184215	0	0	0	0	0	0	-485.288	2.01629	0	1.07019        0   0      0      2.09228    2.83584    0
3.33975	84156	0.794895	61.4424	1.00192	0.452563	0.132512	-0.109767	0.133487	0	0	0	0	0	0	-381.909	1.43628	0	0.794895        0   0      0      2.83584    3.84365    0
4.52664	144829	0.592461	45.956	0.723103	0.253878	0.096011	-0.144397	0.0958814	0	0	0	0	0	0	-279.028	1.01585	0	0.592461        0   0      0      3.84365    5.20962    0
6.13533	252549	0.43961	34.9918	0.524023	0.259313	0.0694314	0.0949789	0.0697124	0	0	0	0	0	0	-205.727	0.729165	0	0.43961        0   0      0      5.20962    7.06103    0
8.31572	444404	0.326007	26.8926	0.382305	0.145471	0.0506717	0.0636433	0.0506751	0	0	0	0	0	0	-150.648	0.52735	0	0.326007        0   0      0      7.06103    9.5704    0
11.271	781963	0.242833	19.2921	0.279934	0.14765	0.037103	-0.0153667	0.0371021	0	0	0	0	0	0	-100.976	0.384938	0	0.242833        0   0      0      9.5704    12.9716    0
15.2765	1387001	0.180746	14.1776	0.205593	0.144665	0.0272054	-0.0135126	0.0271669	0	0	0	0	0	0	-65.8421	0.281859	0	0.180746        0   0      0      12.9716    17.5814    0
20.7055	2453641	0.135066	9.1811	0.151303	0.147705	0.019975	-0.0104002	0.019985	0	0	0	0	0	0	-32.0619	0.208194	0	0.135066        0   0      0      17.5814    23.8296    0
28.0639	4359903	0.100968	5.6516	0.111886	0.145316	0.0147615	-0.00569788	0.0147663	0	0	0	0	0	0	-9.17199	0.154458	0	0.100968        0   0      0      23.8296    32.2982    0
38.0373	7740137	0.0756146	3.15632	0.0830899	0.0900035	0.0109642	0.0248394	0.0109658	0	0	0	0	0	0	7.90101	0.115564	0	0.0756146        0   0      0      32.2982    43.7764    0
51.5551	13695580	0.056775	1.07806	0.0619859	0.057065	0.00816259	0.0187142	0.00817522	0	0	0	0	0	0	21.4578	0.0867408	0	0.056775        0   0      0      43.7764    59.3338    0
69.8769	24154809	0.042731	0.141908	0.0465463	0.0362652	0.00612829	0.0104964	0.00613078	0	0	0	0	0	0	27.0916	0.0655471	0	0.042731        0   0      0      59.3338    80.42    0
94.7099	42243774	0.0323044	-0.204958	0.0352418	0.0288093	0.00463802	0.00842087	0.00464098	0	0	0	0	0	0	29.2549	0.0500675	0	0.0323044        0   0      0      80.42    109    0
