# 1bin_value	2data_points	3sqrt(data_points)	4W	5W_err	6e+	7e+_err	8eX 9eX_err	10e++ 	11e++_err		12eXX	13eXX_err		14e+X	15e+X_err 	16theta          17theta_err       17num_den	18num_err 19LS_err     20wt_num     21wt_num_err  22r_low   23r_high 24sig_crit
0.117769	593	inf	1074.85	64.1443	17.7383	7.31588	5.78575	7.23684	0	0	0	0	0	0	-7260.34	239.057	0	inf        0   0      0      0.1    0.135538    0
0.159622	832	20.7613	805.686	41.4341	11.4455	4.86567	6.3816	4.54784	0	0	0	0	0	0	-5380.02	134.747	0	20.7613        0   0      0      0.135538    0.183706    0
0.216349	1273	14.0914	685.335	28.5458	7.86246	3.41531	2.25685	3.28813	0	0	0	0	0	0	-4455.44	86.0194	0	14.0914        0   0      0      0.183706    0.248992    0
0.293236	2167	8.94209	621.756	20.2876	6.52083	2.56236	0.194565	2.47727	0	0	0	0	0	0	-4126.7	58.5107	0	8.94209        0   0      0      0.248992    0.33748    0
0.397447	3230	6.42729	471.676	13.2302	4.93959	1.68018	0.753542	1.63149	0	0	0	0	0	0	-3102.54	33.4873	0	6.42729        0   0      0      0.33748    0.457415    0
0.538693	4398	4.7919	304.414	8.43375	3.074	1.11494	-2.72039	1.09476	0	0	0	0	0	0	-1998.45	17.3778	0	4.7919        0   0      0      0.457415    0.619972    0
0.730136	6586	3.54022	215.055	5.60607	1.65597	0.752572	-0.298485	0.742847	0	0	0	0	0	0	-1398.23	10.3885	0	3.54022        0   0      0      0.619972    0.8403    0
0.989614	10476	2.61166	160.541	3.88899	0.491244	0.511883	-0.531194	0.509239	0	0	0	0	0	0	-1036.33	6.60008	0	2.61166        0   0      0      0.8403    1.13893    0
1.34131	16601	1.9604	111.078	2.68344	0.990051	0.360342	-0.504832	0.354122	0	0	0	0	0	0	-723.441	4.27182	0	1.9604        0   0      0      1.13893    1.54368    0
1.81798	27949	1.46445	88.8366	1.91596	0.60123	0.254067	0.0110877	0.252802	0	0	0	0	0	0	-571.818	2.92549	0	1.46445        0   0      0      1.54368    2.09228    0
2.46406	48814	1.07044	76.7736	1.38855	0.379547	0.18505	0.0266722	0.18443	0	0	0	0	0	0	-486.329	2.04498	0	1.07044        0   0      0      2.09228    2.83584    0
3.33975	84092	0.795288	61.4893	1.00324	0.499867	0.132683	-0.0856103	0.133662	0	0	0	0	0	0	-383.747	1.45028	0	0.795288        0   0      0      2.83584    3.84365    0
4.52664	144674	0.59279	46.0685	0.724247	0.262279	0.0961617	-0.138644	0.0960317	0	0	0	0	0	0	-280.715	1.03002	0	0.59279        0   0      0      3.84365    5.20962    0
6.13533	252472	0.439672	35.2391	0.524916	0.249725	0.0695486	0.0980097	0.0698298	0	0	0	0	0	0	-209.056	0.733738	0	0.439672        0   0      0      5.20962    7.06103    0
8.31572	444024	0.326148	27.0457	0.383021	0.140642	0.0507661	0.0766865	0.0507691	0	0	0	0	0	0	-153.302	0.533385	0	0.326148        0   0      0      7.06103    9.5704    0
11.271	781262	0.242942	19.421	0.280549	0.147383	0.0371839	-0.0120363	0.0371829	0	0	0	0	0	0	-103.791	0.389694	0	0.242942        0   0      0      9.5704    12.9716    0
15.2765	1385366	0.180856	14.2972	0.20612	0.143125	0.0272747	-0.00769989	0.0272361	0	0	0	0	0	0	-68.5653	0.28641	0	0.180856        0   0      0      12.9716    17.5814    0
20.7055	2450307	0.135161	9.29782	0.151754	0.14344	0.0200342	-0.00323098	0.0200443	0	0	0	0	0	0	-34.9871	0.212157	0	0.135161        0   0      0      17.5814    23.8296    0
28.0639	4350408	0.101085	5.73631	0.112291	0.146423	0.0148146	-0.0018665	0.0148194	0	0	0	0	0	0	-11.9525	0.158659	0	0.101085        0   0      0      23.8296    32.2982    0
38.0373	7721084	0.0757159	3.30632	0.0834578	0.0862149	0.0110125	0.0285296	0.011014	0	0	0	0	0	0	4.47444	0.119076	0	0.0757159        0   0      0      32.2982    43.7764    0
51.5551	13647009	0.0568824	1.2235	0.0623295	0.0606662	0.00820763	0.0130398	0.00822033	0	0	0	0	0	0	17.9789	0.0903944	0	0.0568824        0   0      0      43.7764    59.3338    0
69.8769	24019442	0.0428553	0.207919	0.0468682	0.0370689	0.00617056	0.0140464	0.00617306	0	0	0	0	0	0	24.0517	0.0695652	0	0.0428553        0   0      0      59.3338    80.42    0
94.7099	41922702	0.0324307	-0.152257	0.0355354	0.0317062	0.00467662	0.0117722	0.0046796	0	0	0	0	0	0	26.3475	0.0540052	0	0.0324307        0   0      0      80.42    109    0
