# 1bin_value	2data_points	3sqrt(data_points)	4W	5W_err	6e+	7e+_err	8eX 9eX_err	10e++ 	11e++_err		12eXX	13eXX_err		14e+X	15e+X_err 	16theta          17theta_err       17num_den	18num_err 19LS_err     20wt_num     21wt_num_err  22r_low   23r_high 24sig_crit
0.117769	667	0	1569.96	76.7094	25.576	7.15343	4.67633	7.75347	0	0	0	0	0	0	-45430.9	308.127	0	0        0   686      0      0.1    0.135538    0
0.159622	951	0	1249.9	48.7831	8.12324	5.22104	3.8694	5.38998	0	0	0	0	0	0	-64855.3	177.575	0	0        0   981      0      0.135538    0.183706    0
0.216349	1398	0	971.829	30.1772	17.7951	3.44555	0.488185	3.48744	0	0	0	0	0	0	-95859.4	99.2661	0	0        0   1438      0      0.183706    0.248992    0
0.293236	2284	0	870.886	20.5199	8.24794	2.51678	4.23944	2.41435	0	0	0	0	0	0	-156589	61.1855	0	0        0   2348      0      0.248992    0.33748    0
0.397447	3413	0	718.861	13.4961	5.30171	1.67072	1.09695	1.64108	0	0	0	0	0	0	-233953	34.9942	0	0        0   3524      0      0.33748    0.457415    0
0.538693	4703	0	545.049	8.51293	2.51457	1.08497	-1.00442	1.0665	0	0	0	0	0	0	-322881	18.9177	0	0        0   4842      0      0.457415    0.619972    0
0.730136	6870	0	433.015	5.49924	1.28437	0.71204	-0.174606	0.71436	0	0	0	0	0	0	-471563	10.6823	0	0        0   7043      0      0.619972    0.8403    0
0.989614	10812	0	373.756	3.74192	1.41875	0.502601	0.617855	0.491375	0	0	0	0	0	0	-740398	6.40085	0	0        0   11081      0      0.8403    1.13893    0
1.34131	17164	0	324.032	2.55583	0.630809	0.336268	0.502841	0.331727	0	0	0	0	0	0	-1.17682e+06	4.02792	0	0        0   17541      0      1.13893    1.54368    0
1.81798	28716	0	298.522	1.81523	0.474276	0.242191	-0.428683	0.238679	0	0	0	0	0	0	-1.96882e+06	2.71479	0	0        0   29368      0      1.54368    2.09228    0
2.46406	49432	0	282.231	1.30683	0.677036	0.172892	-0.134442	0.172898	0	0	0	0	0	0	-3.38922e+06	1.9122	0	0        0   50542      0      2.09228    2.83584    0
3.33975	84086	0	263.214	0.932717	0.275156	0.123435	0.055263	0.123451	0	0	0	0	0	0	-5.76444e+06	1.3166	0	0        0   85947      0      2.83584    3.84365    0
4.52664	145162	0	248.9	0.669702	0.358649	0.0887284	0.0408379	0.0888009	0	0	0	0	0	0	-9.95115e+06	0.914154	0	0        0   148264      0      3.84365    5.20962    0
6.13533	254104	0	238.981	0.48605	0.381919	0.0645658	0.0153283	0.06442	0	0	0	0	0	0	-1.74286e+07	0.654266	0	0        0   259718      0      5.20962    7.06103    0
8.31572	443938	0	229.132	0.352206	0.258777	0.046837	0.032885	0.0467097	0	0	0	0	0	0	-3.04457e+07	0.46758	0	0        0   453518      0      7.06103    9.5704    0
11.271	782658	0	222.214	0.25711	0.144577	0.0341932	0.026322	0.0341338	0	0	0	0	0	0	-5.36983e+07	0.337279	0	0        0   799550      0      9.5704    12.9716    0
15.2765	1379408	0	215.602	0.187828	0.168792	0.0250052	0.00665904	0.0249856	0	0	0	0	0	0	-9.46021e+07	0.244804	0	0        0   1.40888e+06      0      12.9716    17.5814    0
20.7055	2449726	0	211.401	0.138183	0.154608	0.018379	-0.00077246	0.0183919	0	0	0	0	0	0	-1.67999e+08	0.180766	0	0        0   2.50109e+06      0      17.5814    23.8296    0
28.0639	4357454	0	208.333	0.102128	0.0366613	0.0135734	0.0371176	0.0135763	0	0	0	0	0	0	-2.98788e+08	0.13384	0	0        0   4.44939e+06      0      23.8296    32.2982    0
38.0373	7724549	0	205.492	0.0756493	0.064975	0.0100748	0.0542898	0.0100695	0	0	0	0	0	0	-5.29583e+08	0.0990328	0	0        0   7.88624e+06      0      32.2982    43.7764    0
51.5551	13648410	0	203.323	0.0563269	0.0359698	0.00749729	0.0266444	0.007502	0	0	0	0	0	0	-9.35414e+08	0.0740552	0	0        0   1.39365e+07      0      43.7764    59.3338    0
69.8769	24044977	0	202.29	0.0422284	0.0364272	0.00561572	0.0179097	0.00561643	0	0	0	0	0	0	-1.64789e+09	0.0556458	0	0        0   2.45512e+07      0      59.3338    80.42    0
94.7099	42044396	0	202.22	0.0319334	0.00964522	0.00424397	0.0149133	0.00424525	0	0	0	0	0	0	-2.88136e+09	0.0423447	0	0        0   4.29295e+07      0      80.42    109    0
