# 1bin_value	2data_points	3sqrt(data_points)	4W	5W_err	6e+	7e+_err	8eX 9eX_err	10e++ 	11e++_err		12eXX	13eXX_err		14e+X	15e+X_err 	16theta          17theta_err       17num_den	18num_err 19LS_err     20wt_num     21wt_num_err  22r_low   23r_high 24sig_crit
0.117769	435	0	983.567	54.6211	5.32198	7.51077	0.388427	6.65197	0	0	0	0	0	0	-29959.4	186.616	0	0        0   442      0      0.1    0.135538    0
0.159622	658	0	882.485	38.8765	6.79027	5.44791	5.8059	5.4796	0	0	0	0	0	0	-45220.3	118.937	0	0        0   675      0      0.135538    0.183706    0
0.216349	1015	0	705.273	24.4514	5.88355	3.52229	1.68606	3.50144	0	0	0	0	0	0	-69265.7	68.3767	0	0        0   1037      0      0.183706    0.248992    0
0.293236	1732	0	669.342	17.6805	3.13443	2.53602	1.42225	2.5566	0	0	0	0	0	0	-118943	47.5343	0	0        0   1781      0      0.248992    0.33748    0
0.397447	2747	0	581.16	11.9414	2.48388	1.80201	-0.620405	1.77851	0	0	0	0	0	0	-188338	27.3929	0	0        0   2839      0      0.33748    0.457415    0
0.538693	3927	0	458.892	7.74287	1.88546	1.16325	0.212467	1.1817	0	0	0	0	0	0	-268983	15.6497	0	0        0   4038      0      0.457415    0.619972    0
0.730136	6153	0	393.24	5.24682	1.51257	0.803462	0.517305	0.793982	0	0	0	0	0	0	-421799	9.45659	0	0        0   6319      0      0.619972    0.8403    0
0.989614	9701	0	339.233	3.56695	0.720719	0.543017	-0.451188	0.562506	0	0	0	0	0	0	-665392	5.83995	0	0        0   9920      0      0.8403    1.13893    0
1.34131	15990	0	306.983	2.50543	0.449231	0.391869	-0.375138	0.389379	0	0	0	0	0	0	-1.09656e+06	3.83783	0	0        0   16354      0      1.13893    1.54368    0
1.81798	26939	0	283.133	1.77523	0.679257	0.276215	0.2926	0.27352	0	0	0	0	0	0	-1.84801e+06	2.65257	0	0        0   27500      0      1.54368    2.09228    0
2.46406	46671	0	269.273	1.28044	0.392106	0.199638	-0.283169	0.200037	0	0	0	0	0	0	-3.19954e+06	1.86883	0	0        0   47603      0      2.09228    2.83584    0
3.33975	80886	0	256.145	0.924815	0.355965	0.144401	-0.118335	0.143306	0	0	0	0	0	0	-5.54404e+06	1.29966	0	0        0   82628      0      2.83584    3.84365    0
4.52664	141062	0	245.136	0.669694	0.237801	0.104724	0.109825	0.10419	0	0	0	0	0	0	-9.67327e+06	0.924322	0	0        0   144211      0      3.84365    5.20962    0
6.13533	247323	0	235.346	0.484965	0.241345	0.0756398	-0.128488	0.0757177	0	0	0	0	0	0	-1.69623e+07	0.658262	0	0        0   252629      0      5.20962    7.06103    0
8.31572	433102	0	226.17	0.351918	0.124545	0.0549809	0.178532	0.0550472	0	0	0	0	0	0	-2.97085e+07	0.470912	0	0        0   442298      0      7.06103    9.5704    0
11.271	764264	0	219.682	0.257311	0.121096	0.0401875	0.0384512	0.040254	0	0	0	0	0	0	-5.24274e+07	0.342484	0	0        0   780558      0      9.5704    12.9716    0
15.2765	1353689	0	214.296	0.18864	0.180903	0.0294313	0.0521781	0.0294704	0	0	0	0	0	0	-9.28143e+07	0.251189	0	0        0   1.38281e+06      0      12.9716    17.5814    0
20.7055	2407413	0	210.449	0.138885	0.064788	0.021708	0.0927543	0.0217165	0	0	0	0	0	0	-1.65107e+08	0.185527	0	0        0   2.45823e+06      0      17.5814    23.8296    0
28.0639	4284242	0	207.543	0.102693	0.0139278	0.0160445	0.0421249	0.0160482	0	0	0	0	0	0	-2.9382e+08	0.137886	0	0        0   4.37438e+06      0      23.8296    32.2982    0
38.0373	7611861	0	205.303	0.0762331	0.0187382	0.0118897	-0.0437493	0.0119126	0	0	0	0	0	0	-5.21857e+08	0.103156	0	0        0   7.77054e+06      0      32.2982    43.7764    0
51.5551	13467140	0	203.527	0.0568625	-0.0151925	0.00887617	0.00941477	0.00888746	0	0	0	0	0	0	-9.23135e+08	0.0782406	0	0        0   1.37495e+07      0      43.7764    59.3338    0
69.8769	23733336	0	202.801	0.0427146	0.00382943	0.00667393	-0.00449402	0.0066704	0	0	0	0	0	0	-1.62666e+09	0.059717	0	0        0   2.42311e+07      0      59.3338    80.42    0
94.7099	41455870	0	202.698	0.0323256	0.0160104	0.00504483	0.00826635	0.00504496	0	0	0	0	0	0	-2.84178e+09	0.045773	0	0        0   4.2326e+07      0      80.42    109    0
