# 1bin_value	2data_points	3sqrt(data_points)	4W	5W_err	6e+	7e+_err	8eX 9eX_err	10e++ 	11e++_err		12eXX	13eXX_err		14e+X	15e+X_err 	16theta          17theta_err       17num_den	18num_err 19LS_err     20wt_num     21wt_num_err  22r_low   23r_high 24sig_crit
0.117769	435	inf	794.221	55.5693	6.10127	7.58732	1.92371	6.72862	0	0	0	0	0	0	-5500.18	186.573	0	inf        0   0      0      0.1    0.135538    0
0.159622	658	18.4678	686.602	39.8403	6.86987	5.52884	6.22556	5.55575	0	0	0	0	0	0	-4598.34	120.741	0	18.4678        0   0      0      0.135538    0.183706    0
0.216349	1021	13.1678	504.696	25.1017	5.81463	3.57083	2.19292	3.55001	0	0	0	0	0	0	-3310.65	68.4343	0	13.1678        0   0      0      0.183706    0.248992    0
0.293236	1731	9.48645	465.594	18.1996	3.52429	2.57649	1.5239	2.59806	0	0	0	0	0	0	-3084.34	48.158	0	9.48645        0   0      0      0.248992    0.33748    0
0.397447	2749	6.53512	375.271	12.3616	2.57496	1.83369	-0.030173	1.81125	0	0	0	0	0	0	-2466.23	27.8073	0	6.53512        0   0      0      0.33748    0.457415    0
0.538693	3919	4.84084	253.216	8.08336	1.91349	1.18848	0.171767	1.20623	0	0	0	0	0	0	-1658.36	16.2096	0	4.84084        0   0      0      0.457415    0.619972    0
0.730136	6134	3.5702	192.028	5.51615	1.29393	0.823006	0.351704	0.813969	0	0	0	0	0	0	-1245.76	9.98746	0	3.5702        0   0      0      0.619972    0.8403    0
0.989614	9698	2.63966	138.916	3.78345	0.466826	0.558908	-0.262574	0.577952	0	0	0	0	0	0	-905.032	6.2025	0	2.63966        0   0      0      0.8403    1.13893    0
1.34131	16000	1.96447	106.849	2.67575	0.396651	0.404252	-0.291074	0.401771	0	0	0	0	0	0	-689.451	4.12436	0	1.96447        0   0      0      1.13893    1.54368    0
1.81798	27019	1.46152	83.0241	1.90633	0.752272	0.285733	0.274596	0.283169	0	0	0	0	0	0	-533.122	2.81112	0	1.46152        0   0      0      1.54368    2.09228    0
2.46406	46770	1.08125	68.6625	1.37976	0.401668	0.206848	-0.277161	0.207236	0	0	0	0	0	0	-434.559	2.01003	0	1.08125        0   0      0      2.09228    2.83584    0
3.33975	80995	0.80231	55.0941	1.00013	0.350922	0.149889	-0.146516	0.148823	0	0	0	0	0	0	-338.998	1.42973	0	0.80231        0   0      0      2.83584    3.84365    0
4.52664	141294	0.59591	43.8195	0.72648	0.194337	0.10885	0.171688	0.108333	0	0	0	0	0	0	-265.962	1.02017	0	0.59591        0   0      0      3.84365    5.20962    0
6.13533	247655	0.441427	33.7963	0.527842	0.220782	0.0787668	-0.0759853	0.0788383	0	0	0	0	0	0	-200.426	0.734348	0	0.441427        0   0      0      5.20962    7.06103    0
8.31572	433427	0.328989	24.1238	0.384279	0.111664	0.0573331	0.191054	0.057401	0	0	0	0	0	0	-137.627	0.533167	0	0.328989        0   0      0      7.06103    9.5704    0
11.271	764892	0.244973	17.698	0.281589	0.121912	0.0419567	0.0444568	0.0420213	0	0	0	0	0	0	-92.7353	0.389173	0	0.244973        0   0      0      9.5704    12.9716    0
15.2765	1354978	0.182591	12.1889	0.206849	0.173518	0.0307606	0.0346497	0.0307993	0	0	0	0	0	0	-55.2765	0.285959	0	0.182591        0   0      0      12.9716    17.5814    0
20.7055	2410195	0.136181	8.33859	0.152528	0.0907766	0.0227034	0.10256	0.0227116	0	0	0	0	0	0	-29.7629	0.211336	0	0.136181        0   0      0      17.5814    23.8296    0
28.0639	4288924	0.101764	5.29594	0.112912	0.0159254	0.0167906	0.0488798	0.0167942	0	0	0	0	0	0	-8.99193	0.157286	0	0.101764        0   0      0      23.8296    32.2982    0
38.0373	7618366	0.0762057	2.87998	0.0838985	0.0278941	0.0124499	-0.0428907	0.0124721	0	0	0	0	0	0	6.70645	0.117981	0	0.0762057        0   0      0      32.2982    43.7764    0
51.5551	13482296	0.0572289	1.10991	0.0626217	0.0142194	0.00929619	-0.00326372	0.00930697	0	0	0	0	0	0	18.5946	0.0890424	0	0.0572289        0   0      0      43.7764    59.3338    0
69.8769	23749280	0.0430973	0.241377	0.0470587	0.0220619	0.0069905	-0.0298627	0.00698733	0	0	0	0	0	0	24.4759	0.0680886	0	0.0430973        0   0      0      59.3338    80.42    0
94.7099	41453152	0.0326118	-0.34719	0.0356283	0.0126462	0.00528634	-0.0196548	0.00528686	0	0	0	0	0	0	27.9449	0.0525069	0	0.0326118        0   0      0      80.42    109    0
