# 1bin_value	2data_points	3sqrt(data_points)	4W	5W_err	6e+	7e+_err	8eX 9eX_err	10e++ 	11e++_err		12eXX	13eXX_err		14e+X	15e+X_err 	16theta          17theta_err       17num_den	18num_err 19LS_err     20wt_num     21wt_num_err  22r_low   23r_high 24sig_crit
0.117769	691	0	191.723	7.796	0	0	0	0	0	0	0	0	0	0	-1283	77051.2	0	0        0   711      0      0.1    0.135538    0
0.159622	1385	0	201.815	5.7845	0	0	0	0	0	0	0	0	0	0	-1354.28	149583	0	0        0   1414      0      0.135538    0.183706    0
0.216349	2357	0	191.829	4.21163	0	0	0	0	0	0	0	0	0	0	-1287.08	256554	0	0        0   2414      0      0.183706    0.248992    0
0.293236	4373	0	195.034	3.14765	0	0	0	0	0	0	0	0	0	0	-1307.86	475489	0	0        0   4478      0      0.248992    0.33748    0
0.397447	8092	0	195.201	2.31348	0	0	0	0	0	0	0	0	0	0	-1310.9	877309	0	0        0   8264      0      0.33748    0.457415    0
0.538693	14910	0	197.643	1.72728	0	0	0	0	0	0	0	0	0	0	-1324.73	1.61535e+06	0	0        0   15254      0      0.457415    0.619972    0
0.730136	27225	0	197.266	1.27578	0	0	0	0	0	0	0	0	0	0	-1322.12	2.95038e+06	0	0        0   27892      0      0.619972    0.8403    0
0.989614	50558	0	200.406	0.951355	0	0	0	0	0	0	0	0	0	0	-1339.63	5.45509e+06	0	0        0   51800      0      0.8403    1.13893    0
1.34131	92359	0	200.607	0.70471	0	0	0	0	0	0	0	0	0	0	-1342.88	9.97881e+06	0	0        0   94564      0      1.13893    1.54368    0
1.81798	167990	0	199.346	0.518834	0	0	0	0	0	0	0	0	0	0	-1335.88	1.81634e+07	0	0        0   171878      0      1.54368    2.09228    0
2.46406	307022	0	199.357	0.383849	0	0	0	0	0	0	0	0	0	0	-1335.77	3.31947e+07	0	0        0   314220      0      2.09228    2.83584    0
3.33975	562086	0	199.925	0.284595	0	0	0	0	0	0	0	0	0	0	-1339.2	6.08058e+07	0	0        0   575477      0      2.83584    3.84365    0
4.52664	1031198	0	200.675	0.210922	0	0	0	0	0	0	0	0	0	0	-1344.54	1.11572e+08	0	0        0   1.05554e+06      0      3.84365    5.20962    0
6.13533	1882381	0	200.241	0.155778	0	0	0	0	0	0	0	0	0	0	-1341.76	2.03701e+08	0	0        0   1.9266e+06      0      5.20962    7.06103    0
8.31572	3436127	0	200.283	0.115344	0	0	0	0	0	0	0	0	0	0	-1341.88	3.71984e+08	0	0        0   3.51771e+06      0      7.06103    9.5704    0
11.271	6248823	0	200.116	0.0854744	0	0	0	0	0	0	0	0	0	0	-1340.59	6.76574e+08	0	0        0   6.39708e+06      0      9.5704    12.9716    0
15.2765	11359267	0	200.098	0.0634046	0	0	0	0	0	0	0	0	0	0	-1340.34	1.23031e+09	0	0        0   1.16292e+07      0      12.9716    17.5814    0
20.7055	20588392	0	200.169	0.0471317	0	0	0	0	0	0	0	0	0	0	-1340.92	2.23158e+09	0	0        0   2.10766e+07      0      17.5814    23.8296    0
28.0639	37139473	0	200.027	0.0350813	0	0	0	0	0	0	0	0	0	0	-1339.99	4.02879e+09	0	0        0   3.80179e+07      0      23.8296    32.2982    0
38.0373	66715847	0	200.024	0.0261912	0	0	0	0	0	0	0	0	0	0	-1340.01	7.24583e+09	0	0        0   6.82886e+07      0      32.2982    43.7764    0
51.5551	119064836	0	200.026	0.0196216	0	0	0	0	0	0	0	0	0	0	-1339.78	1.29474e+10	0	0        0   1.21874e+08      0      43.7764    59.3338    0
69.8769	210718197	0	200.128	0.01477	0	0	0	0	0	0	0	0	0	0	-1340.43	2.29462e+10	0	0        0   2.15687e+08      0      59.3338    80.42    0
94.7099	368724540	0	200.261	0.0111777	0	0	0	0	0	0	0	0	0	0	-1341.3	4.01683e+10	0	0        0   3.77417e+08      0      80.42    109    0
