# 1bin_value	2data_points	3sqrt(data_points)	4W	5W_err	6e+	7e+_err	8eX 9eX_err	10e++ 	11e++_err		12eXX	13eXX_err		14e+X	15e+X_err 	16theta          17theta_err       17num_den	18num_err 19LS_err     20wt_num     21wt_num_err  22r_low   23r_high 24sig_crit
0.117769	733	0	195.624	7.76228	0	0	0	0	0	0	0	0	0	0	-1306.78	81645.8	0	0        0   752      0      0.1    0.135538    0
0.159622	1360	0	202.454	5.88003	0	0	0	0	0	0	0	0	0	0	-1353.25	147674	0	0        0   1392      0      0.135538    0.183706    0
0.216349	2439	0	194.888	4.21447	0	0	0	0	0	0	0	0	0	0	-1305.96	266093	0	0        0   2494      0      0.183706    0.248992    0
0.293236	4517	0	202.186	3.21466	0	0	0	0	0	0	0	0	0	0	-1353.52	490083	0	0        0   4634      0      0.248992    0.33748    0
0.397447	8316	0	201.432	2.35954	0	0	0	0	0	0	0	0	0	0	-1353.68	904849	0	0        0   8501      0      0.33748    0.457415    0
0.538693	15057	0	200.066	1.73989	0	0	0	0	0	0	0	0	0	0	-1339.47	1.6291e+06	0	0        0   15406      0      0.457415    0.619972    0
0.730136	27498	0	199.416	1.28369	0	0	0	0	0	0	0	0	0	0	-1336.5	2.98147e+06	0	0        0   28158      0      0.619972    0.8403    0
0.989614	50453	0	200.665	0.953565	0	0	0	0	0	0	0	0	0	0	-1341.28	5.44485e+06	0	0        0   51698      0      0.8403    1.13893    0
1.34131	92260	0	200.425	0.704737	0	0	0	0	0	0	0	0	0	0	-1342.13	9.99527e+06	0	0        0   94503      0      1.13893    1.54368    0
1.81798	169276	0	201.491	0.523032	0	0	0	0	0	0	0	0	0	0	-1348.95	1.83251e+07	0	0        0   173420      0      1.54368    2.09228    0
2.46406	307287	0	199.582	0.384248	0	0	0	0	0	0	0	0	0	0	-1337.65	3.32768e+07	0	0        0   314552      0      2.09228    2.83584    0
3.33975	562987	0	200.475	0.285263	0	0	0	0	0	0	0	0	0	0	-1343.32	6.09793e+07	0	0        0   576375      0      2.83584    3.84365    0
4.52664	1027226	0	199.901	0.210601	0	0	0	0	0	0	0	0	0	0	-1339.07	1.11271e+08	0	0        0   1.0518e+06      0      3.84365    5.20962    0
6.13533	1880936	0	200.198	0.155876	0	0	0	0	0	0	0	0	0	0	-1341.15	2.0371e+08	0	0        0   1.92533e+06      0      5.20962    7.06103    0
8.31572	3427372	0	200.037	0.115417	0	0	0	0	0	0	0	0	0	0	-1339.88	3.71416e+08	0	0        0   3.50916e+06      0      7.06103    9.5704    0
11.271	6239832	0	200.104	0.0855811	0	0	0	0	0	0	0	0	0	0	-1340.57	6.7656e+08	0	0        0   6.38787e+06      0      9.5704    12.9716    0
15.2765	11354031	0	200.225	0.0635003	0	0	0	0	0	0	0	0	0	0	-1341.33	1.23171e+09	0	0        0   1.16237e+07      0      12.9716    17.5814    0
20.7055	20563100	0	200.171	0.0471922	0	0	0	0	0	0	0	0	0	0	-1340.88	2.23218e+09	0	0        0   2.10508e+07      0      17.5814    23.8296    0
28.0639	37117365	0	200.131	0.0351366	0	0	0	0	0	0	0	0	0	0	-1340.51	4.03278e+09	0	0        0   3.79986e+07      0      23.8296    32.2982    0
38.0373	66637738	0	200.078	0.0262336	0	0	0	0	0	0	0	0	0	0	-1340.24	7.24982e+09	0	0        0   6.82143e+07      0      32.2982    43.7764    0
51.5551	118858454	0	200.064	0.0196594	0	0	0	0	0	0	0	0	0	0	-1339.93	1.29513e+10	0	0        0   1.21674e+08      0      43.7764    59.3338    0
69.8769	210265628	0	200.239	0.0148115	0	0	0	0	0	0	0	0	0	0	-1340.86	2.2954e+10	0	0        0   2.15252e+08      0      59.3338    80.42    0
94.7099	367127778	0	200.351	0.0112304	0	0	0	0	0	0	0	0	0	0	-1341.43	4.01701e+10	0	0        0   3.75843e+08      0      80.42    109    0
