# 1bin_value	2data_points	3sqrt(data_points)	4W	5W_err	6e+	7e+_err	8eX 9eX_err	10e++ 	11e++_err		12eXX	13eXX_err		14e+X	15e+X_err 	16theta          17theta_err       17num_den	18num_err 19LS_err     20wt_num     21wt_num_err  22r_low   23r_high 24sig_crit
0.117769	739	inf	1741.48	94.6333	23.1998	9.94344	3.06162	9.3122	0	0	0	0	0	0	-11436.8	395.201	0	inf        0   0      0      0.1    0.135538    0
0.159622	1117	23.2204	1357.85	58.423	29.3846	6.66542	0.225294	6.44218	0	0	0	0	0	0	-8961.43	223.466	0	23.2204        0   0      0      0.135538    0.183706    0
0.216349	1511	12.9119	969.481	35.7276	10.045	4.27076	3.32936	4.25201	0	0	0	0	0	0	-6383.95	121.193	0	12.9119        0   0      0      0.183706    0.248992    0
0.293236	2434	9.07334	840.248	24.801	11.7155	3.07844	-1.67132	3.03583	0	0	0	0	0	0	-5566.67	77.3309	0	9.07334        0   0      0      0.248992    0.33748    0
0.397447	3624	6.4394	653.425	16.2047	5.59782	2.02022	-1.00466	2.06844	0	0	0	0	0	0	-4317.84	45.0637	0	6.4394        0   0      0      0.33748    0.457415    0
0.538693	4838	4.9301	427.625	9.99773	3.98239	1.34678	-2.06603	1.28161	0	0	0	0	0	0	-2806.59	23.3765	0	4.9301        0   0      0      0.457415    0.619972    0
0.730136	6968	3.5831	292.679	6.50646	3.17624	0.880436	-0.745892	0.872834	0	0	0	0	0	0	-1914.21	12.9992	0	3.5831        0   0      0      0.619972    0.8403    0
0.989614	10299	2.72334	196.317	4.31699	1.87501	0.588509	-0.0322923	0.579961	0	0	0	0	0	0	-1280.14	7.67542	0	2.72334        0   0      0      0.8403    1.13893    0
1.34131	16156	2.04003	141.371	2.97491	0.880321	0.407524	0.411621	0.402697	0	0	0	0	0	0	-913.944	4.90178	0	2.04003        0   0      0      1.13893    1.54368    0
1.81798	26758	1.51876	108.234	2.09671	-0.00574142	0.288324	-0.0755223	0.290635	0	0	0	0	0	0	-708.892	3.2632	0	1.51876        0   0      0      1.54368    2.09228    0
2.46406	45471	1.12574	88.2692	1.5018	0.433469	0.208733	0.45079	0.208379	0	0	0	0	0	0	-559.408	2.28777	0	1.12574        0   0      0      2.09228    2.83584    0
3.33975	77778	0.835269	70.1047	1.0824	0.622093	0.150055	-0.128452	0.149935	0	0	0	0	0	0	-442.676	1.59215	0	0.835269        0   0      0      2.83584    3.84365    0
4.52664	133996	0.6198	55.4864	0.780806	0.509622	0.107603	0.0801857	0.108052	0	0	0	0	0	0	-340.047	1.11406	0	0.6198        0   0      0      3.84365    5.20962    0
6.13533	233323	0.460076	43.0837	0.566659	0.34848	0.0782461	-0.167193	0.0786295	0	0	0	0	0	0	-259.536	0.808396	0	0.460076        0   0      0      5.20962    7.06103    0
8.31572	406285	0.342836	32.4176	0.411315	0.315798	0.0568599	-0.0191839	0.0570122	0	0	0	0	0	0	-187.286	0.581331	0	0.342836        0   0      0      7.06103    9.5704    0
11.271	710611	0.255556	23.5435	0.300218	0.260893	0.0416188	-0.129013	0.0416099	0	0	0	0	0	0	-129.247	0.423366	0	0.255556        0   0      0      9.5704    12.9716    0
15.2765	1250741	0.190762	16.8713	0.219985	0.220945	0.0305073	-0.0829968	0.0305027	0	0	0	0	0	0	-85.2714	0.309994	0	0.190762        0   0      0      12.9716    17.5814    0
20.7055	2213627	0.142427	12.114	0.162024	0.152089	0.0224393	0.0023224	0.0224519	0	0	0	0	0	0	-53.5493	0.229187	0	0.142427        0   0      0      17.5814    23.8296    0
28.0639	3914199	0.106677	7.99272	0.119615	0.11408	0.016559	-0.0246888	0.0165553	0	0	0	0	0	0	-25.8021	0.170156	0	0.106677        0   0      0      23.8296    32.2982    0
38.0373	6913214	0.0800577	5.06219	0.088727	0.116675	0.0122729	-0.0175425	0.0122727	0	0	0	0	0	0	-5.75696	0.127302	0	0.0800577        0   0      0      32.2982    43.7764    0
51.5551	12170505	0.0602615	2.9722	0.0661248	0.0963747	0.00913115	-0.0390118	0.00913504	0	0	0	0	0	0	8.44085	0.0961907	0	0.0602615        0   0      0      43.7764    59.3338    0
69.8769	21344486	0.0454728	1.64531	0.0496114	0.0429681	0.00684787	-0.00894118	0.00685119	0	0	0	0	0	0	16.1289	0.0736887	0	0.0454728        0   0      0      59.3338    80.42    0
94.7099	37079298	0.0344898	0.71807	0.0374978	0.0269358	0.00517795	-0.0267688	0.0051795	0	0	0	0	0	0	21.4989	0.056714	0	0.0344898        0   0      0      80.42    109    0
