# 1bin_value	2data_points	3sqrt(data_points)	4W	5W_err	6e+	7e+_err	8eX 9eX_err	10e++ 	11e++_err		12eXX	13eXX_err		14e+X	15e+X_err 	16theta          17theta_err       17num_den	18num_err 19LS_err     20wt_num     21wt_num_err  22r_low   23r_high 24sig_crit
0.117769	8259	0	200	0	0	0	0	0	0	0	0	0	0	0	0	0	0	0        0   8259      0      0.1    0.135538    0
0.159622	14872	0	200	0	0	0	0	0	0	0	0	0	0	0	0	0	0	0        0   14872      0      0.135538    0.183706    0
0.216349	27451	0	200	0	0	0	0	0	0	0	0	0	0	0	0	0	0	0        0   27451      0      0.183706    0.248992    0
0.293236	49738	0	200	0	0	0	0	0	0	0	0	0	0	0	0	0	0	0        0   49738      0      0.248992    0.33748    0
0.397447	90636	0	200	0	0	0	0	0	0	0	0	0	0	0	0	0	0	0        0   90636      0      0.33748    0.457415    0
0.538693	166519	0	200	0	0	0	0	0	0	0	0	0	0	0	0	0	0	0        0   166519      0      0.457415    0.619972    0
0.730136	305022	0	200	0	0	0	0	0	0	0	0	0	0	0	0	0	0	0        0   305022      0      0.619972    0.8403    0
0.989614	558342	0	200	0	0	0	0	0	0	0	0	0	0	0	0	0	0	0        0   558342      0      0.8403    1.13893    0
1.34131	1020592	0	200	0	0	0	0	0	0	0	0	0	0	0	0	0	0	0        0   1.02059e+06      0      1.13893    1.54368    0
1.81798	1866029	0	200	0	0	0	0	0	0	0	0	0	0	0	0	0	0	0        0   1.86603e+06      0      1.54368    2.09228    0
2.46406	3405566	0	200	0	0	0	0	0	0	0	0	0	0	0	0	0	0	0        0   3.40557e+06      0      2.09228    2.83584    0
3.33975	6219744	0	200	0	0	0	0	0	0	0	0	0	0	0	0	0	0	0        0   6.21974e+06      0      2.83584    3.84365    0
4.52664	11375898	0	200	0	0	0	0	0	0	0	0	0	0	0	0	0	0	0        0   1.13759e+07      0      3.84365    5.20962    0
6.13533	20805325	0	200	0	0	0	0	0	0	0	0	0	0	0	0	0	0	0        0   2.08053e+07      0      5.20962    7.06103    0
8.31572	37976738	0	200	0	0	0	0	0	0	0	0	0	0	0	0	0	0	0        0   3.79767e+07      0      7.06103    9.5704    0
11.271	69137344	0	200	0	0	0	0	0	0	0	0	0	0	0	0	0	0	0        0   6.91373e+07      0      9.5704    12.9716    0
15.2765	125762130	0	200	0	0	0	0	0	0	0	0	0	0	0	0	0	0	0        0   1.25762e+08      0      12.9716    17.5814    0
20.7055	228023755	0	200	0	0	0	0	0	0	0	0	0	0	0	0	0	0	0        0   2.28024e+08      0      17.5814    23.8296    0
28.0639	412025705	0	200	0	0	0	0	0	0	0	0	0	0	0	0	0	0	0        0   4.12026e+08      0      23.8296    32.2982    0
38.0373	740912295	0	200	0	0	0	0	0	0	0	0	0	0	0	0	0	0	0        0   7.40912e+08      0      32.2982    43.7764    0
51.5551	1324097307	0	200	0	0	0	0	0	0	0	0	0	0	0	0	0	0	0        0   1.3241e+09      0      43.7764    59.3338    0
69.8769	2345183334	0	200	0	0	0	0	0	0	0	0	0	0	0	0	0	0	0        0   2.34518e+09      0      59.3338    80.42    0
94.7099	4104735738	0	200	0	0	0	0	0	0	0	0	0	0	0	0	0	0	0        0   4.10474e+09      0      80.42    109    0
