# 1bin_value	2data_points	3sqrt(data_points)	4W	5W_err	6e+	7e+_err	8eX 9eX_err	10e++ 	11e++_err		12eXX	13eXX_err		14e+X	15e+X_err 	16theta          17theta_err       17num_den	18num_err 19LS_err     20wt_num     21wt_num_err  22r_low   23r_high 24sig_crit
0.117769	664	0	1561.69	76.6091	24.9953	7.1428	4.11029	7.74237	0	0	0	0	0	0	-45185.3	308.869	0	0        0   683      0      0.1    0.135538    0
0.159622	947	0	1243.99	48.6664	9.02453	5.21317	3.32554	5.39017	0	0	0	0	0	0	-64517.9	177.542	0	0        0   977      0      0.135538    0.183706    0
0.216349	1397	0	975.13	30.2888	17.3631	3.45859	0.263275	3.49413	0	0	0	0	0	0	-95758.2	99.7266	0	0        0   1438      0      0.183706    0.248992    0
0.293236	2272	0	868.321	20.5648	6.88736	2.52274	4.25479	2.42106	0	0	0	0	0	0	-155723	62.015	0	0        0   2336      0      0.248992    0.33748    0
0.397447	3398	0	716.485	13.5018	5.62655	1.67157	1.26048	1.64298	0	0	0	0	0	0	-232759	35.407	0	0        0   3509      0      0.33748    0.457415    0
0.538693	4678	0	543.366	8.52671	2.41618	1.08736	-0.764988	1.06875	0	0	0	0	0	0	-321092	19.3022	0	0        0   4817      0      0.457415    0.619972    0
0.730136	6834	0	431.488	5.50472	1.43367	0.71287	-0.102027	0.71536	0	0	0	0	0	0	-468877	10.9754	0	0        0   7007      0      0.619972    0.8403    0
0.989614	10760	0	372.539	3.74504	1.42637	0.503107	0.706738	0.491894	0	0	0	0	0	0	-737053	6.56094	0	0        0   11031      0      0.8403    1.13893    0
1.34131	17031	0	322	2.55935	0.713158	0.336765	0.485989	0.332211	0	0	0	0	0	0	-1.16745e+06	4.3021	0	0        0   17406      0      1.13893    1.54368    0
1.81798	28552	0	297.28	1.81792	0.478933	0.242545	-0.412869	0.239041	0	0	0	0	0	0	-1.95808e+06	2.85055	0	0        0   29202      0      1.54368    2.09228    0
2.46406	49208	0	281.342	1.3086	0.683011	0.173137	-0.1093	0.173139	0	0	0	0	0	0	-3.37444e+06	1.99383	0	0        0   50317      0      2.09228    2.83584    0
3.33975	83650	0	262.307	0.934222	0.268748	0.123644	0.0814431	0.123658	0	0	0	0	0	0	-5.73477e+06	1.38706	0	0        0   85508      0      2.83584    3.84365    0
4.52664	144265	0	247.818	0.670836	0.359785	0.0888845	0.0748269	0.0889569	0	0	0	0	0	0	-9.88995e+06	0.976702	0	0        0   147360      0      3.84365    5.20962    0
6.13533	252776	0	238.222	0.487022	0.382165	0.0646975	0.0122608	0.0645512	0	0	0	0	0	0	-1.73365e+07	0.695656	0	0        0   258376      0      5.20962    7.06103    0
8.31572	441248	0	228.307	0.353023	0.257468	0.0469475	0.0236984	0.04682	0	0	0	0	0	0	-3.02656e+07	0.5002	0	0        0   450820      0      7.06103    9.5704    0
11.271	777679	0	221.438	0.257826	0.132683	0.0342898	0.0292422	0.0342303	0	0	0	0	0	0	-5.33574e+07	0.363677	0	0        0   794501      0      9.5704    12.9716    0
15.2765	1369306	0	214.778	0.188468	0.172108	0.0250916	-0.00908909	0.0250718	0	0	0	0	0	0	-9.39071e+07	0.267312	0	0        0   1.39864e+06      0      12.9716    17.5814    0
20.7055	2430293	0	210.638	0.138769	0.149838	0.0184577	-0.00472032	0.0184706	0	0	0	0	0	0	-1.66667e+08	0.198598	0	0        0   2.4814e+06      0      17.5814    23.8296    0
28.0639	4317633	0	207.553	0.102669	0.0338217	0.0136458	0.0383275	0.0136487	0	0	0	0	0	0	-2.96071e+08	0.148916	0	0        0   4.40913e+06      0      23.8296    32.2982    0
38.0373	7638401	0	204.574	0.0761491	0.0633555	0.0101418	0.0551169	0.0101364	0	0	0	0	0	0	-5.23691e+08	0.112652	0	0        0   7.79916e+06      0      32.2982    43.7764    0
51.5551	13473812	0	202.376	0.0567815	0.0283899	0.00755813	0.0282426	0.00756289	0	0	0	0	0	0	-9.23486e+08	0.0855938	0	0        0   1.376e+07      0      43.7764    59.3338    0
69.8769	23705411	0	201.307	0.0426186	0.0282712	0.00566788	0.0209032	0.0056686	0	0	0	0	0	0	-1.62476e+09	0.065103	0	0        0   2.42073e+07      0      59.3338    80.42    0
94.7099	41437586	0	201.265	0.0322428	0.00425142	0.00428529	0.0147791	0.00428659	0	0	0	0	0	0	-2.84008e+09	0.0496052	0	0        0   4.2315e+07      0      80.42    109    0
