# 1bin_value	2data_points	3sqrt(data_points)	4W	5W_err	6e+	7e+_err	8eX 9eX_err	10e++ 	11e++_err		12eXX	13eXX_err		14e+X	15e+X_err 	16theta          17theta_err       17num_den	18num_err 19LS_err     20wt_num     21wt_num_err  22r_low   23r_high 24sig_crit
0.117769	686	0	190.019	7.77821	0	0	0	0	0	0	0	0	0	0	-1274.58	77051.2	0	0        0   706      0      0.1    0.135538    0
0.159622	1383	0	201.651	5.78562	0	0	0	0	0	0	0	0	0	0	-1352.6	149583	0	0        0   1412      0      0.135538    0.183706    0
0.216349	2346	0	190.705	4.20926	0	0	0	0	0	0	0	0	0	0	-1280.9	256554	0	0        0   2400      0      0.183706    0.248992    0
0.293236	4363	0	194.531	3.14678	0	0	0	0	0	0	0	0	0	0	-1305.28	475489	0	0        0   4466      0      0.248992    0.33748    0
0.397447	8080	0	194.932	2.31395	0	0	0	0	0	0	0	0	0	0	-1309.57	877309	0	0        0   8250      0      0.33748    0.457415    0
0.538693	14904	0	197.493	1.72692	0	0	0	0	0	0	0	0	0	0	-1324.23	1.61535e+06	0	0        0   15245      0      0.457415    0.619972    0
0.730136	27139	0	196.565	1.27513	0	0	0	0	0	0	0	0	0	0	-1317.53	2.95038e+06	0	0        0   27799      0      0.619972    0.8403    0
0.989614	50445	0	199.902	0.950959	0	0	0	0	0	0	0	0	0	0	-1336.38	5.45509e+06	0	0        0   51679      0      0.8403    1.13893    0
1.34131	92178	0	200.169	0.704625	0	0	0	0	0	0	0	0	0	0	-1340.37	9.97881e+06	0	0        0   94353      0      1.13893    1.54368    0
1.81798	167685	0	198.907	0.518654	0	0	0	0	0	0	0	0	0	0	-1333.18	1.81634e+07	0	0        0   171523      0      1.54368    2.09228    0
2.46406	306612	0	198.994	0.383714	0	0	0	0	0	0	0	0	0	0	-1333.71	3.31947e+07	0	0        0   313710      0      2.09228    2.83584    0
3.33975	561201	0	199.528	0.284489	0	0	0	0	0	0	0	0	0	0	-1336.77	6.08058e+07	0	0        0   574451      0      2.83584    3.84365    0
4.52664	1030091	0	200.388	0.210872	0	0	0	0	0	0	0	0	0	0	-1342.88	1.11572e+08	0	0        0   1.05415e+06      0      3.84365    5.20962    0
6.13533	1879795	0	199.88	0.155729	0	0	0	0	0	0	0	0	0	0	-1339.68	2.03701e+08	0	0        0   1.92344e+06      0      5.20962    7.06103    0
8.31572	3431204	0	199.907	0.115306	0	0	0	0	0	0	0	0	0	0	-1339.73	3.71984e+08	0	0        0   3.5117e+06      0      7.06103    9.5704    0
11.271	6240457	0	199.739	0.0854409	0	0	0	0	0	0	0	0	0	0	-1338.5	6.76574e+08	0	0        0   6.38652e+06      0      9.5704    12.9716    0
15.2765	11344472	0	199.72	0.0633781	0	0	0	0	0	0	0	0	0	0	-1338.25	1.23031e+09	0	0        0   1.16102e+07      0      12.9716    17.5814    0
20.7055	20559932	0	199.764	0.0471091	0	0	0	0	0	0	0	0	0	0	-1338.65	2.23158e+09	0	0        0   2.10403e+07      0      17.5814    23.8296    0
28.0639	37085336	0	199.603	0.0350632	0	0	0	0	0	0	0	0	0	0	-1337.58	4.02879e+09	0	0        0   3.795e+07      0      23.8296    32.2982    0
38.0373	66622520	0	199.587	0.0261747	0	0	0	0	0	0	0	0	0	0	-1337.55	7.24583e+09	0	0        0   6.81696e+07      0      32.2982    43.7764    0
51.5551	118908522	0	199.581	0.0196071	0	0	0	0	0	0	0	0	0	0	-1337.3	1.29474e+10	0	0        0   1.2167e+08      0      43.7764    59.3338    0
69.8769	210339393	0	199.637	0.0147628	0	0	0	0	0	0	0	0	0	0	-1337.63	2.29462e+10	0	0        0   2.15215e+08      0      59.3338    80.42    0
94.7099	367509824	0	199.685	0.0111842	0	0	0	0	0	0	0	0	0	0	-1337.88	4.01683e+10	0	0        0   3.76018e+08      0      80.42    109    0
