# 1bin_value	2data_points	3sqrt(data_points)	4W	5W_err	6e+	7e+_err	8eX 9eX_err	10e++ 	11e++_err		12eXX	13eXX_err		14e+X	15e+X_err 	16theta          17theta_err       17num_den	18num_err 19LS_err     20wt_num     21wt_num_err  22r_low   23r_high 24sig_crit
0.117769	790	0	1916.05	88.3472	27.8334	7.9763	-6.64632	7.42207	0	0	0	0	0	0	-53857.9	370.352	0	0        0   813      0      0.1    0.135538    0
0.159622	1049	0	1337.16	49.5394	26.6078	5.2024	2.36921	5.22423	0	0	0	0	0	0	-71551.4	177.215	0	0        0   1083      0      0.135538    0.183706    0
0.216349	1490	0	1051.67	31.6653	10.6908	3.41604	-7.60345	3.40732	0	0	0	0	0	0	-103167	104.73	0	0        0   1541      0      0.183706    0.248992    0
0.293236	2463	0	954.889	21.976	12.5356	2.5717	-4.09503	2.42231	0	0	0	0	0	0	-169565	68.8625	0	0        0   2540      0      0.248992    0.33748    0
0.397447	3741	0	792.655	14.2934	8.13931	1.68741	0.486925	1.62724	0	0	0	0	0	0	-257783	38.5877	0	0        0   3849      0      0.33748    0.457415    0
0.538693	4933	0	580.7	8.8813	4.47432	1.09264	-0.10179	1.10362	0	0	0	0	0	0	-337894	20.4824	0	0        0   5075      0      0.457415    0.619972    0
0.730136	6998	0	449.466	5.65739	1.92249	0.710516	-0.929265	0.700646	0	0	0	0	0	0	-479483	11.262	0	0        0   7169      0      0.619972    0.8403    0
0.989614	10907	0	385.499	3.84097	1.33637	0.483632	-0.0323613	0.493672	0	0	0	0	0	0	-748391	6.62622	0	0        0   11181      0      0.8403    1.13893    0
1.34131	17359	0	335.987	2.63993	0.373799	0.335172	0.279569	0.340077	0	0	0	0	0	0	-1.19232e+06	4.20766	0	0        0   17776      0      1.13893    1.54368    0
1.81798	28692	0	303.627	1.84748	0.500396	0.238224	0.0999267	0.234245	0	0	0	0	0	0	-1.96794e+06	2.80762	0	0        0   29307      0      1.54368    2.09228    0
2.46406	49364	0	287.311	1.32996	0.687021	0.170239	-0.127591	0.170695	0	0	0	0	0	0	-3.38998e+06	1.92215	0	0        0   50476      0      2.09228    2.83584    0
3.33975	84195	0	268.601	0.950952	0.610104	0.122091	0.0883061	0.122262	0	0	0	0	0	0	-5.77753e+06	1.33681	0	0        0   86053      0      2.83584    3.84365    0
4.52664	144899	0	253.419	0.682897	0.42535	0.0878538	-0.0605999	0.0879353	0	0	0	0	0	0	-9.94753e+06	0.930668	0	0        0   148122      0      3.84365    5.20962    0
6.13533	253122	0	242.473	0.493668	0.236132	0.0635048	-0.0132977	0.0635791	0	0	0	0	0	0	-1.73716e+07	0.659877	0	0        0   258626      0      5.20962    7.06103    0
8.31572	442670	0	232.92	0.358389	0.344537	0.0462259	0.0611146	0.0462139	0	0	0	0	0	0	-3.03569e+07	0.472923	0	0        0   452192      0      7.06103    9.5704    0
11.271	774722	0	224.371	0.260849	0.167992	0.0337429	-0.0222539	0.0337402	0	0	0	0	0	0	-5.3144e+07	0.340866	0	0        0   791375      0      9.5704    12.9716    0
15.2765	1367198	0	218.054	0.190833	0.117635	0.0246726	0.0166375	0.0246759	0	0	0	0	0	0	-9.3782e+07	0.249694	0	0        0   1.39653e+06      0      12.9716    17.5814    0
20.7055	2417610	0	213.017	0.140174	0.16972	0.0181443	0.00523939	0.0181262	0	0	0	0	0	0	-1.65752e+08	0.182765	0	0        0   2.46926e+06      0      17.5814    23.8296    0
28.0639	4288795	0	209.463	0.103515	0.122472	0.0134066	-0.00743458	0.0133892	0	0	0	0	0	0	-2.94088e+08	0.135739	0	0        0   4.38069e+06      0      23.8296    32.2982    0
38.0373	7591881	0	206.459	0.0767154	0.107897	0.00992582	-0.00489625	0.00991078	0	0	0	0	0	0	-5.20414e+08	0.10153	0	0        0   7.75452e+06      0      32.2982    43.7764    0
51.5551	13404848	0	204.261	0.0571432	0.0776273	0.00738797	0.0380724	0.00738728	0	0	0	0	0	0	-9.18768e+08	0.0764467	0	0        0   1.36917e+07      0      43.7764    59.3338    0
69.8769	23560635	0	202.924	0.0428522	0.055859	0.00554001	-0.00181438	0.00553902	0	0	0	0	0	0	-1.61474e+09	0.0581915	0	0        0   2.40642e+07      0      59.3338    80.42    0
94.7099	41097822	0	202.528	0.0324009	0.0643596	0.00419245	0.00595668	0.0041899	0	0	0	0	0	0	-2.81648e+09	0.0444692	0	0        0   4.19784e+07      0      80.42    109    0
