# 1bin_value	2data_points	3sqrt(data_points)	4W	5W_err	6e+	7e+_err	8eX 9eX_err	10e++ 	11e++_err		12eXX	13eXX_err		14e+X	15e+X_err 	16theta          17theta_err       17num_den	18num_err 19LS_err     20wt_num     21wt_num_err  22r_low   23r_high 24sig_crit
0.117769	814	0	197.338	7.43373	0	0	0	0	0	0	0	0	0	0	-1321.97	89806.9	0	0        0   836      0      0.1    0.135538    0
0.159622	1513	0	204.497	5.63334	0	0	0	0	0	0	0	0	0	0	-1365.08	163491	0	0        0   1553      0      0.135538    0.183706    0
0.216349	2707	0	197.367	4.05876	0	0	0	0	0	0	0	0	0	0	-1326.65	295480	0	0        0   2769      0      0.183706    0.248992    0
0.293236	4975	0	199.583	3.02428	0	0	0	0	0	0	0	0	0	0	-1339.09	540492	0	0        0   5078      0      0.248992    0.33748    0
0.397447	9149	0	201.77	2.25619	0	0	0	0	0	0	0	0	0	0	-1353.07	992197	0	0        0   9359      0      0.33748    0.457415    0
0.538693	16681	0	200.786	1.66386	0	0	0	0	0	0	0	0	0	0	-1343.36	1.80879e+06	0	0        0   17086      0      0.457415    0.619972    0
0.730136	30347	0	199.223	1.22126	0	0	0	0	0	0	0	0	0	0	-1334.52	3.29091e+06	0	0        0   31077      0      0.619972    0.8403    0
0.989614	55749	0	199.85	0.90402	0	0	0	0	0	0	0	0	0	0	-1338.23	6.04215e+06	0	0        0   57100      0      0.8403    1.13893    0
1.34131	101986	0	199.823	0.668408	0	0	0	0	0	0	0	0	0	0	-1339.88	1.10659e+07	0	0        0   104357      0      1.13893    1.54368    0
1.81798	186330	0	199.662	0.494081	0	0	0	0	0	0	0	0	0	0	-1338.01	2.01926e+07	0	0        0   190645      0      1.54368    2.09228    0
2.46406	339630	0	199.488	0.365571	0	0	0	0	0	0	0	0	0	0	-1336.53	3.67822e+07	0	0        0   347599      0      2.09228    2.83584    0
3.33975	620237	0	199.406	0.270388	0	0	0	0	0	0	0	0	0	0	-1336.67	6.71846e+07	0	0        0   634549      0      2.83584    3.84365    0
4.52664	1136321	0	199.789	0.200192	0	0	0	0	0	0	0	0	0	0	-1338.92	1.23113e+08	0	0        0   1.1628e+06      0      3.84365    5.20962    0
6.13533	2078118	0	199.87	0.148132	0	0	0	0	0	0	0	0	0	0	-1339.32	2.25207e+08	0	0        0   2.12678e+06      0      5.20962    7.06103    0
8.31572	3795005	0	200.015	0.109721	0	0	0	0	0	0	0	0	0	0	-1340.18	4.11386e+08	0	0        0   3.88437e+06      0      7.06103    9.5704    0
11.271	6902745	0	199.844	0.0812843	0	0	0	0	0	0	0	0	0	0	-1339.14	7.4829e+08	0	0        0   7.06367e+06      0      9.5704    12.9716    0
15.2765	12550784	0	199.871	0.0603091	0	0	0	0	0	0	0	0	0	0	-1339.29	1.36133e+09	0	0        0   1.28442e+07      0      12.9716    17.5814    0
20.7055	22729699	0	199.748	0.0448013	0	0	0	0	0	0	0	0	0	0	-1338.63	2.4675e+09	0	0        0   2.32603e+07      0      17.5814    23.8296    0
28.0639	41026908	0	199.667	0.0333474	0	0	0	0	0	0	0	0	0	0	-1338.04	4.45682e+09	0	0        0   4.19812e+07      0      23.8296    32.2982    0
38.0373	73718131	0	199.718	0.0249015	0	0	0	0	0	0	0	0	0	0	-1338.37	8.01825e+09	0	0        0   7.54314e+07      0      32.2982    43.7764    0
51.5551	131573681	0	199.719	0.0186552	0	0	0	0	0	0	0	0	0	0	-1338.22	1.43301e+10	0	0        0   1.34632e+08      0      43.7764    59.3338    0
69.8769	232605094	0	199.682	0.0140431	0	0	0	0	0	0	0	0	0	0	-1337.85	2.5378e+10	0	0        0   2.38004e+08      0      59.3338    80.42    0
94.7099	406311572	0	199.689	0.0106383	0	0	0	0	0	0	0	0	0	0	-1337.82	4.4417e+10	0	0        0   4.15729e+08      0      80.42    109    0
