# 1bin_value	2data_points	3sqrt(data_points)	4W	5W_err	6e+	7e+_err	8eX 9eX_err	10e++ 	11e++_err		12eXX	13eXX_err		14e+X	15e+X_err 	16theta          17theta_err       17num_den	18num_err 19LS_err     20wt_num     21wt_num_err  22r_low   23r_high 24sig_crit
0.117769	819	0	203.466	7.52673	-1.08282	0.904735	-0.564155	0.930229	0	0	0	0	0	0	-56514.5	17.8872	0	0        0   819      0      0.1    0.135538    0
0.159622	1514	0	205.869	5.59962	-0.810606	0.700822	0.812856	0.691696	0	0	0	0	0	0	-103879	13.2837	0	0        0   1514      0      0.135538    0.183706    0
0.216349	2695	0	195.486	3.97681	-0.298864	0.508808	-0.0613273	0.489377	0	0	0	0	0	0	-184222	9.38347	0	0        0   2695      0      0.183706    0.248992    0
0.293236	5008	0	203.116	3.03333	0.356825	0.370437	-0.886038	0.37455	0	0	0	0	0	0	-343671	7.13692	0	0        0   5008      0      0.248992    0.33748    0
0.397447	9051	0	200.526	2.22491	0.236949	0.272814	-0.181972	0.277084	0	0	0	0	0	0	-620413	5.20591	0	0        0   9051      0      0.33748    0.457415    0
0.538693	16687	0	203.572	1.66407	-0.14828	0.206301	-0.0930594	0.207058	0	0	0	0	0	0	-1.14433e+06	3.91364	0	0        0   16687      0      0.457415    0.619972    0
0.730136	30322	0	200.849	1.21672	0.215854	0.149827	-0.346998	0.150123	0	0	0	0	0	0	-2.08084e+06	2.83736	0	0        0   30322      0      0.619972    0.8403    0
0.989614	55074	0	199.735	0.89782	0.065918	0.111759	0.0347269	0.110941	0	0	0	0	0	0	-3.77604e+06	2.09179	0	0        0   55074      0      0.8403    1.13893    0
1.34131	101252	0	200.447	0.664477	-0.0748829	0.0821258	-0.102774	0.0824784	0	0	0	0	0	0	-6.94352e+06	1.54945	0	0        0   101252      0      1.13893    1.54368    0
1.81798	186222	0	201.635	0.493081	0.0272583	0.0609605	0.039827	0.0610683	0	0	0	0	0	0	-1.27754e+07	1.1552	0	0        0   186222      0      1.54368    2.09228    0
2.46406	339800	0	201.582	0.364862	0.0184668	0.0451878	-0.0667726	0.0451999	0	0	0	0	0	0	-2.32933e+07	0.852535	0	0        0   339800      0      2.09228    2.83584    0
3.33975	621910	0	201.827	0.270089	0.00641524	0.0334606	-0.0370633	0.033428	0	0	0	0	0	0	-4.26612e+07	0.632516	0	0        0   621910      0      2.83584    3.84365    0
4.52664	1138053	0	201.982	0.199848	0.0166989	0.0247691	-0.0210343	0.0247628	0	0	0	0	0	0	-7.80417e+07	0.468512	0	0        0   1.13805e+06      0      3.84365    5.20962    0
6.13533	2077197	0	201.567	0.147622	0.0294316	0.0182859	0.0122364	0.0182954	0	0	0	0	0	0	-1.42438e+08	0.346054	0	0        0   2.0772e+06      0      5.20962    7.06103    0
8.31572	3794220	0	201.858	0.109402	0.0244199	0.0135656	0.0194564	0.0135603	0	0	0	0	0	0	-2.60185e+08	0.256768	0	0        0   3.79422e+06      0      7.06103    9.5704    0
11.271	6913244	0	202.075	0.0811548	-0.0170739	0.0100523	-0.0246066	0.0100558	0	0	0	0	0	0	-4.74111e+08	0.190813	0	0        0   6.91324e+06      0      9.5704    12.9716    0
15.2765	12576962	0	202.174	0.0602138	0.0132255	0.00745808	-0.0186158	0.00745796	0	0	0	0	0	0	-8.62484e+08	0.141837	0	0        0   1.2577e+07      0      12.9716    17.5814    0
20.7055	22797006	0	202.219	0.0447488	0.0202221	0.0055419	-0.00686394	0.0055429	0	0	0	0	0	0	-1.56326e+09	0.10566	0	0        0   2.2797e+07      0      17.5814    23.8296    0
28.0639	41171239	0	202.239	0.0333157	0.014089	0.00412487	-0.0067349	0.00412609	0	0	0	0	0	0	-2.82305e+09	0.0788998	0	0        0   4.11712e+07      0      23.8296    32.2982    0
38.0373	73919954	0	202.039	0.0248524	0.0180916	0.00307695	-0.00264554	0.00307739	0	0	0	0	0	0	-5.06794e+09	0.0590712	0	0        0   7.392e+07      0      32.2982    43.7764    0
51.5551	131842517	0	201.873	0.0186066	0.0202644	0.00230432	0.0121423	0.00230394	0	0	0	0	0	0	-9.03819e+09	0.0444374	0	0        0   1.31843e+08      0      43.7764    59.3338    0
69.8769	233140213	0	201.779	0.0139987	0.0368193	0.0017342	0.0107174	0.00173406	0	0	0	0	0	0	-1.59794e+10	0.0336423	0	0        0   2.3314e+08      0      59.3338    80.42    0
94.7099	407663576	0	201.882	0.0106032	0.0357115	0.00131378	0.00602983	0.00131334	0	0	0	0	0	0	-2.7936e+10	0.0256663	0	0        0   4.07664e+08      0      80.42    109    0
