# 1bin_value	2data_points	3sqrt(data_points)	4W	5W_err	6e+	7e+_err	8eX 9eX_err	10e++ 	11e++_err		12eXX	13eXX_err		14e+X	15e+X_err 	16theta          17theta_err       17num_den	18num_err 19LS_err     20wt_num     21wt_num_err  22r_low   23r_high 24sig_crit
0.117769	734	inf	1712.12	93.2345	23.7398	9.85782	2.33894	9.23512	0	0	0	0	0	0	-11245.3	386.928	0	inf        0   0      0      0.1    0.135538    0
0.159622	1113	23.221	1357.93	58.6708	29.3957	6.69074	-1.49163	6.46657	0	0	0	0	0	0	-8974.53	225.483	0	23.221        0   0      0      0.135538    0.183706    0
0.216349	1508	13.0874	965.87	35.6055	10.2901	4.25796	2.74213	4.24245	0	0	0	0	0	0	-6351.56	120.884	0	13.0874        0   0      0      0.183706    0.248992    0
0.293236	2424	9.08922	833.52	24.7365	12.5004	3.07351	-1.42801	3.03161	0	0	0	0	0	0	-5529.88	77.2592	0	9.08922        0   0      0      0.248992    0.33748    0
0.397447	3607	6.44887	649.621	16.2101	5.44575	2.02214	-1.27933	2.07039	0	0	0	0	0	0	-4290	45.5185	0	6.44887        0   0      0      0.33748    0.457415    0
0.538693	4834	4.9242	426.566	9.98596	3.79062	1.34606	-1.7974	1.28098	0	0	0	0	0	0	-2802.17	23.3199	0	4.9242        0   0      0      0.457415    0.619972    0
0.730136	6966	3.57579	291.811	6.49859	3.14618	0.879551	-0.834962	0.872135	0	0	0	0	0	0	-1909.47	12.9221	0	3.57579        0   0      0      0.619972    0.8403    0
0.989614	10297	2.7218	195.703	4.31458	1.78075	0.588219	0.00517002	0.579595	0	0	0	0	0	0	-1276.11	7.65911	0	2.7218        0   0      0      0.8403    1.13893    0
1.34131	16177	2.03648	141.616	2.97353	0.890267	0.407363	0.339166	0.402543	0	0	0	0	0	0	-916.336	4.83215	0	2.03648        0   0      0      1.13893    1.54368    0
1.81798	26712	1.51965	107.589	2.09586	-0.00762956	0.288225	-0.121534	0.290542	0	0	0	0	0	0	-704.473	3.29288	0	1.51965        0   0      0      1.54368    2.09228    0
2.46406	45564	1.1244	88.7393	1.5014	0.402513	0.208672	0.469945	0.20832	0	0	0	0	0	0	-562.031	2.246	0	1.1244        0   0      0      2.09228    2.83584    0
3.33975	77779	0.835124	69.9037	1.08213	0.633692	0.150019	-0.117141	0.149899	0	0	0	0	0	0	-440.743	1.59065	0	0.835124        0   0      0      2.83584    3.84365    0
4.52664	133917	0.61966	55.1732	0.780514	0.531305	0.107565	0.090422	0.108014	0	0	0	0	0	0	-337.297	1.11905	0	0.61966        0   0      0      3.84365    5.20962    0
6.13533	233524	0.459778	43.0776	0.566454	0.34636	0.0782175	-0.154713	0.0786003	0	0	0	0	0	0	-259.164	0.800695	0	0.459778        0   0      0      5.20962    7.06103    0
8.31572	406366	0.342725	32.3285	0.411178	0.32591	0.0568415	-0.0354091	0.0569932	0	0	0	0	0	0	-186.085	0.579719	0	0.342725        0   0      0      7.06103    9.5704    0
11.271	710897	0.255477	23.4421	0.300129	0.264705	0.0416061	-0.128446	0.0415974	0	0	0	0	0	0	-128.13	0.421217	0	0.255477        0   0      0      9.5704    12.9716    0
15.2765	1250628	0.190744	16.7091	0.219927	0.204447	0.0304993	-0.0688769	0.0304947	0	0	0	0	0	0	-83.6915	0.309366	0	0.190744        0   0      0      12.9716    17.5814    0
20.7055	2213297	0.142422	11.9532	0.161994	0.145528	0.0224353	0.0026278	0.0224478	0	0	0	0	0	0	-51.7936	0.229418	0	0.142422        0   0      0      17.5814    23.8296    0
28.0639	3913288	0.106684	7.85589	0.119612	0.115201	0.0165587	-0.0228218	0.0165549	0	0	0	0	0	0	-24.2246	0.170532	0	0.106684        0   0      0      23.8296    32.2982    0
38.0373	6910909	0.0800699	4.99248	0.0887535	0.126183	0.0122765	-0.0148845	0.0122764	0	0	0	0	0	0	-4.69575	0.127738	0	0.0800699        0   0      0      32.2982    43.7764    0
51.5551	12161621	0.0602829	2.96218	0.0661756	0.0926198	0.00913815	-0.0368692	0.00914204	0	0	0	0	0	0	9.40475	0.0970542	0	0.0602829        0   0      0      43.7764    59.3338    0
69.8769	21336697	0.0454813	1.70607	0.0496875	0.0384191	0.00685827	-0.00586333	0.00686159	0	0	0	0	0	0	16.4204	0.0742631	0	0.0454813        0   0      0      59.3338    80.42    0
94.7099	37045252	0.0345061	0.794245	0.0375969	0.026396	0.00519151	-0.029985	0.00519307	0	0	0	0	0	0	21.5404	0.0575226	0	0.0345061        0   0      0      80.42    109    0
