# 1bin_value	2data_points	3sqrt(data_points)	4W	5W_err	6e+	7e+_err	8eX 9eX_err	10e++ 	11e++_err		12eXX	13eXX_err		14e+X	15e+X_err 	16theta          17theta_err       17num_den	18num_err 19LS_err     20wt_num     21wt_num_err  22r_low   23r_high 24sig_crit
0.117769	858	0	205.175	7.49997	0	0	0	0	0	0	0	0	0	0	-1365.25	93571.6	0	0        0   882      0      0.1    0.135538    0
0.159622	1585	0	206.785	5.55774	0	0	0	0	0	0	0	0	0	0	-1381.93	171819	0	0        0   1627      0      0.135538    0.183706    0
0.216349	2741	0	196.702	4.00259	0	0	0	0	0	0	0	0	0	0	-1325.09	299000	0	0        0   2794      0      0.183706    0.248992    0
0.293236	5154	0	202.17	3.00815	0	0	0	0	0	0	0	0	0	0	-1357.54	560932	0	0        0   5286      0      0.248992    0.33748    0
0.397447	9219	0	199.146	2.21535	0	0	0	0	0	0	0	0	0	0	-1334.26	995852	0	0        0   9428      0      0.33748    0.457415    0
0.538693	17180	0	202.413	1.64729	0	0	0	0	0	0	0	0	0	0	-1357.59	1.85731e+06	0	0        0   17561      0      0.457415    0.619972    0
0.730136	30861	0	199.154	1.21074	0	0	0	0	0	0	0	0	0	0	-1331.7	3.33251e+06	0	0        0   31627      0      0.619972    0.8403    0
0.989614	56666	0	200.397	0.898235	0	0	0	0	0	0	0	0	0	0	-1343.37	6.12293e+06	0	0        0   57999      0      0.8403    1.13893    0
1.34131	104369	0	201.213	0.664447	0	0	0	0	0	0	0	0	0	0	-1348.67	1.12778e+07	0	0        0   106776      0      1.13893    1.54368    0
1.81798	189534	0	200.201	0.490791	0	0	0	0	0	0	0	0	0	0	-1341.45	2.0497e+07	0	0        0   194033      0      1.54368    2.09228    0
2.46406	345919	0	199.95	0.362697	0	0	0	0	0	0	0	0	0	0	-1339.36	3.73918e+07	0	0        0   354223      0      2.09228    2.83584    0
3.33975	632917	0	200.101	0.26833	0	0	0	0	0	0	0	0	0	0	-1340.65	6.84011e+07	0	0        0   647963      0      2.83584    3.84365    0
4.52664	1156303	0	200.097	0.198488	0	0	0	0	0	0	0	0	0	0	-1340.67	1.24936e+08	0	0        0   1.18361e+06      0      3.84365    5.20962    0
6.13533	2114052	0	199.946	0.146676	0	0	0	0	0	0	0	0	0	0	-1340.14	2.28491e+08	0	0        0   2.16363e+06      0      5.20962    7.06103    0
8.31572	3857831	0	199.885	0.108557	0	0	0	0	0	0	0	0	0	0	-1339.28	4.16824e+08	0	0        0   3.94873e+06      0      7.06103    9.5704    0
11.271	7030488	0	200.11	0.0805135	0	0	0	0	0	0	0	0	0	0	-1340.79	7.59557e+08	0	0        0   7.19578e+06      0      9.5704    12.9716    0
15.2765	12774075	0	199.929	0.0596792	0	0	0	0	0	0	0	0	0	0	-1339.49	1.38003e+09	0	0        0   1.30741e+07      0      12.9716    17.5814    0
20.7055	23148890	0	199.857	0.044322	0	0	0	0	0	0	0	0	0	0	-1339.17	2.50196e+09	0	0        0   2.36929e+07      0      17.5814    23.8296    0
28.0639	41845417	0	199.972	0.0329892	0	0	0	0	0	0	0	0	0	0	-1339.95	4.5234e+09	0	0        0   4.28253e+07      0      23.8296    32.2982    0
38.0373	75215717	0	199.915	0.024605	0	0	0	0	0	0	0	0	0	0	-1339.59	8.13342e+09	0	0        0   7.69705e+07      0      32.2982    43.7764    0
51.5551	134378453	0	199.983	0.0184221	0	0	0	0	0	0	0	0	0	0	-1339.85	1.45373e+10	0	0        0   1.37516e+08      0      43.7764    59.3338    0
69.8769	237950888	0	200.054	0.0138556	0	0	0	0	0	0	0	0	0	0	-1340.22	2.57564e+10	0	0        0   2.43493e+08      0      59.3338    80.42    0
94.7099	415881674	0	200.053	0.0104871	0	0	0	0	0	0	0	0	0	0	-1340	4.50527e+10	0	0        0   4.25569e+08      0      80.42    109    0
