# 1bin_value	2data_points	3sqrt(data_points)	4W	5W_err	6e+	7e+_err	8eX 9eX_err	10e++ 	11e++_err		12eXX	13eXX_err		14e+X	15e+X_err 	16theta          17theta_err       17num_den	18num_err 19LS_err     20wt_num     21wt_num_err  22r_low   23r_high 24sig_crit
0.117769	667	0	1570.73	76.8524	25.6159	7.16015	5.01721	7.75894	0	0	0	0	0	0	-45370.7	309.58	0	0        0   686      0      0.1    0.135538    0
0.159622	946	0	1244.62	48.7415	9.15927	5.22261	3.52066	5.39761	0	0	0	0	0	0	-64500.6	177.794	0	0        0   976      0      0.135538    0.183706    0
0.216349	1404	0	975.216	30.1766	16.8182	3.44614	0.656998	3.48251	0	0	0	0	0	0	-96268.8	98.8292	0	0        0   1444      0      0.183706    0.248992    0
0.293236	2286	0	870.293	20.5236	7.23933	2.51679	3.79797	2.41472	0	0	0	0	0	0	-156723	61.2042	0	0        0   2347      0      0.248992    0.33748    0
0.397447	3402	0	717.184	13.5021	5.51877	1.67177	1.18723	1.64228	0	0	0	0	0	0	-233148	35.2544	0	0        0   3513      0      0.33748    0.457415    0
0.538693	4698	0	545.081	8.519	2.5381	1.08622	-0.988081	1.0675	0	0	0	0	0	0	-322611	18.9311	0	0        0   4837      0      0.457415    0.619972    0
0.730136	6857	0	432.647	5.50384	1.26363	0.712603	-0.0817365	0.714856	0	0	0	0	0	0	-470420	10.8553	0	0        0   7031      0      0.619972    0.8403    0
0.989614	10817	0	374.135	3.74351	1.44585	0.502772	0.59339	0.491569	0	0	0	0	0	0	-741089	6.35026	0	0        0   11088      0      0.8403    1.13893    0
1.34131	17153	0	324.066	2.55777	0.634969	0.336531	0.500184	0.331973	0	0	0	0	0	0	-1.17616e+06	4.0474	0	0        0   17529      0      1.13893    1.54368    0
1.81798	28659	0	298.143	1.81633	0.442864	0.242339	-0.400834	0.238833	0	0	0	0	0	0	-1.96514e+06	2.76105	0	0        0   29313      0      1.54368    2.09228    0
2.46406	49431	0	282.439	1.30761	0.718373	0.172992	-0.10959	0.173	0	0	0	0	0	0	-3.38887e+06	1.91638	0	0        0   50549      0      2.09228    2.83584    0
3.33975	84084	0	263.428	0.933349	0.279454	0.123521	0.084672	0.123535	0	0	0	0	0	0	-5.76371e+06	1.31907	0	0        0   85955      0      2.83584    3.84365    0
4.52664	144944	0	248.698	0.670134	0.334489	0.0887881	0.0637988	0.0888601	0	0	0	0	0	0	-9.93592e+06	0.930161	0	0        0   148043      0      3.84365    5.20962    0
6.13533	253920	0	239.055	0.486482	0.38526	0.0646225	0.0158665	0.0644772	0	0	0	0	0	0	-1.74132e+07	0.662558	0	0        0   259565      0      5.20962    7.06103    0
8.31572	443560	0	229.201	0.352574	0.253838	0.0468861	0.0411593	0.0467585	0	0	0	0	0	0	-3.04192e+07	0.472777	0	0        0   453167      0      7.06103    9.5704    0
11.271	781483	0	222.167	0.25742	0.146059	0.0342345	0.0252729	0.034175	0	0	0	0	0	0	-5.36187e+07	0.343747	0	0        0   798412      0      9.5704    12.9716    0
15.2765	1377427	0	215.62	0.188108	0.16548	0.0250426	-0.00580353	0.0250229	0	0	0	0	0	0	-9.44639e+07	0.249756	0	0        0   1.4069e+06      0      12.9716    17.5814    0
20.7055	2446631	0	211.541	0.138441	0.14922	0.0184132	-0.00759202	0.0184261	0	0	0	0	0	0	-1.67791e+08	0.183809	0	0        0   2.49808e+06      0      17.5814    23.8296    0
28.0639	4350855	0	208.502	0.102361	0.0340045	0.0136042	0.0352107	0.0136071	0	0	0	0	0	0	-2.98336e+08	0.136702	0	0        0   4.44294e+06      0      23.8296    32.2982    0
38.0373	7708344	0	205.64	0.0758574	0.0631036	0.0101024	0.0572467	0.0100971	0	0	0	0	0	0	-5.28471e+08	0.101925	0	0        0   7.87039e+06      0      32.2982    43.7764    0
51.5551	13618001	0	203.548	0.056511	0.0338951	0.0075217	0.0271104	0.00752643	0	0	0	0	0	0	-9.3335e+08	0.0763187	0	0        0   1.39068e+07      0      43.7764    59.3338    0
69.8769	23969195	0	202.445	0.0423909	0.033953	0.00563728	0.013892	0.005638	0	0	0	0	0	0	-1.64264e+09	0.0580526	0	0        0   2.44762e+07      0      59.3338    80.42    0
94.7099	41865719	0	202.276	0.0320746	0.00408498	0.00426273	0.00421388	0.00426402	0	0	0	0	0	0	-2.8691e+09	0.0446928	0	0        0   4.27522e+07      0      80.42    109    0
