# 1bin_value	2data_points	3sqrt(data_points)	4W	5W_err	6e+	7e+_err	8eX 9eX_err	10e++ 	11e++_err		12eXX	13eXX_err		14e+X	15e+X_err 	16theta          17theta_err       17num_den	18num_err 19LS_err     20wt_num     21wt_num_err  22r_low   23r_high 24sig_crit
0.117769	676	0	1583.78	76.6181	26.0368	7.12278	4.6254	7.72129	0	0	0	0	0	0	-46009.6	306.082	0	0        0   695      0      0.1    0.135538    0
0.159622	951	0	1244.63	48.4876	8.60568	5.19483	3.84932	5.36804	0	0	0	0	0	0	-64821.9	175.881	0	0        0   981      0      0.135538    0.183706    0
0.216349	1410	0	979.155	30.1772	17.6089	3.43975	1.08387	3.47744	0	0	0	0	0	0	-96707	98.2666	0	0        0   1451      0      0.183706    0.248992    0
0.293236	2297	0	876.432	20.5723	7.66615	2.51965	4.37752	2.41696	0	0	0	0	0	0	-157467	61.1257	0	0        0   2361      0      0.248992    0.33748    0
0.397447	3410	0	717.213	13.4831	5.08703	1.67015	1.25973	1.63988	0	0	0	0	0	0	-233699	35.0213	0	0        0   3518      0      0.33748    0.457415    0
0.538693	4706	0	545.399	8.5169	2.42261	1.08555	-0.878312	1.06718	0	0	0	0	0	0	-322887	18.9923	0	0        0   4843      0      0.457415    0.619972    0
0.730136	6873	0	433.169	5.49928	1.29503	0.711961	-0.0728721	0.714281	0	0	0	0	0	0	-471681	10.6607	0	0        0   7044      0      0.619972    0.8403    0
0.989614	10826	0	373.975	3.73972	1.39219	0.502329	0.65278	0.491095	0	0	0	0	0	0	-741580	6.31129	0	0        0   11093      0      0.8403    1.13893    0
1.34131	17181	0	324.109	2.556	0.703561	0.336269	0.506315	0.331716	0	0	0	0	0	0	-1.1777e+06	4.01998	0	0        0   17546      0      1.13893    1.54368    0
1.81798	28718	0	298.282	1.81421	0.498183	0.242037	-0.374673	0.238547	0	0	0	0	0	0	-1.96915e+06	2.7077	0	0        0   29362      0      1.54368    2.09228    0
2.46406	49473	0	282.21	1.30571	0.68081	0.172746	-0.122026	0.172751	0	0	0	0	0	0	-3.39206e+06	1.8944	0	0        0   50582      0      2.09228    2.83584    0
3.33975	84180	0	263.317	0.932085	0.22931	0.123354	0.0856677	0.123367	0	0	0	0	0	0	-5.77123e+06	1.29711	0	0        0   86036      0      2.83584    3.84365    0
4.52664	145134	0	248.645	0.66919	0.359098	0.0886615	0.0619802	0.0887356	0	0	0	0	0	0	-9.94845e+06	0.916492	0	0        0   148221      0      3.84365    5.20962    0
6.13533	254221	0	238.931	0.485725	0.377831	0.0645227	0.0223805	0.0643771	0	0	0	0	0	0	-1.74354e+07	0.650778	0	0        0   259832      0      5.20962    7.06103    0
8.31572	444038	0	229.042	0.352001	0.266239	0.04681	0.0343455	0.0466828	0	0	0	0	0	0	-3.04531e+07	0.465347	0	0        0   453584      0      7.06103    9.5704    0
11.271	782764	0	222.091	0.256953	0.143883	0.0341728	0.0312354	0.0341131	0	0	0	0	0	0	-5.37045e+07	0.336531	0	0        0   799577      0      9.5704    12.9716    0
15.2765	1379511	0	215.474	0.187728	0.16659	0.0249922	0.00330729	0.0249725	0	0	0	0	0	0	-9.46042e+07	0.2447	0	0        0   1.40877e+06      0      12.9716    17.5814    0
20.7055	2450578	0	211.348	0.138115	0.149126	0.01837	-0.00475424	0.0183828	0	0	0	0	0	0	-1.68056e+08	0.179811	0	0        0   2.50165e+06      0      17.5814    23.8296    0
28.0639	4359437	0	208.315	0.102087	0.0338766	0.0135679	0.0320992	0.0135708	0	0	0	0	0	0	-2.98934e+08	0.132884	0	0        0   4.45077e+06      0      23.8296    32.2982    0
38.0373	7727498	0	205.464	0.0756203	0.0617528	0.0100709	0.0491723	0.0100656	0	0	0	0	0	0	-5.298e+08	0.0984554	0	0        0   7.88823e+06      0      32.2982    43.7764    0
51.5551	13655705	0	203.314	0.0563011	0.0301165	0.00749385	0.0252085	0.00749856	0	0	0	0	0	0	-9.35939e+08	0.073486	0	0        0   1.39424e+07      0      43.7764    59.3338    0
69.8769	24061391	0	202.262	0.0421986	0.0322781	0.00561176	0.0139414	0.00561247	0	0	0	0	0	0	-1.64899e+09	0.0551567	0	0        0   2.45652e+07      0      59.3338    80.42    0
94.7099	42084489	0	202.186	0.0318996	0.00565164	0.00423949	0.012987	0.00424077	0	0	0	0	0	0	-2.88422e+09	0.0417616	0	0        0   4.29675e+07      0      80.42    109    0
