# 1bin_value	2data_points	3sqrt(data_points)	4W	5W_err	6e+	7e+_err	8eX 9eX_err	10e++ 	11e++_err		12eXX	13eXX_err		14e+X	15e+X_err 	16theta          17theta_err       17num_den	18num_err 19LS_err     20wt_num     21wt_num_err  22r_low   23r_high 24sig_crit
0.117769	804	0	191.519	7.15529	-1.22205	0.990563	0.0165198	0.971355	0	0	0	0	0	0	-55174.9	17.0732	0	0        0   804      0      0.1    0.135538    0
0.159622	1562	0	203.264	5.43939	0.476689	0.729025	-1.11534	0.703422	0	0	0	0	0	0	-106872	12.7654	0	0        0   1562      0      0.135538    0.183706    0
0.216349	2675	0	193.184	3.941	0.0263209	0.511747	-0.798083	0.511019	0	0	0	0	0	0	-184244	9.18746	0	0        0   2675      0      0.183706    0.248992    0
0.293236	5061	0	198.619	2.9468	-0.130232	0.396789	-0.193693	0.397848	0	0	0	0	0	0	-346277	6.8919	0	0        0   5061      0      0.248992    0.33748    0
0.397447	9157	0	198.032	2.18443	0.0108636	0.28956	-0.33522	0.289891	0	0	0	0	0	0	-629303	5.13907	0	0        0   9157      0      0.33748    0.457415    0
0.538693	16788	0	198.275	1.61674	0.144049	0.215478	0.0944921	0.215329	0	0	0	0	0	0	-1.15086e+06	3.80973	0	0        0   16788      0      0.457415    0.619972    0
0.730136	30635	0	197.809	1.1937	-0.144261	0.159525	-0.106723	0.157785	0	0	0	0	0	0	-2.10182e+06	2.8104	0	0        0   30635      0      0.619972    0.8403    0
0.989614	56449	0	200.123	0.890257	0.030107	0.118277	-0.00662438	0.118788	0	0	0	0	0	0	-3.8739e+06	2.10961	0	0        0   56449      0      0.8403    1.13893    0
1.34131	103857	0	200.652	0.658141	0.0276428	0.0871955	0.12894	0.0873294	0	0	0	0	0	0	-7.12164e+06	1.5592	0	0        0   103857      0      1.13893    1.54368    0
1.81798	188839	0	199.84	0.485956	-0.0168815	0.0644041	-0.0168741	0.0643922	0	0	0	0	0	0	-1.29463e+07	1.14822	0	0        0   188839      0      1.54368    2.09228    0
2.46406	345516	0	200.043	0.359673	0.0457005	0.047771	0.0312668	0.0478327	0	0	0	0	0	0	-2.36992e+07	0.851345	0	0        0   345516      0      2.09228    2.83584    0
3.33975	631545	0	200.025	0.266014	-0.00957579	0.0353366	0.0379961	0.035385	0	0	0	0	0	0	-4.331e+07	0.629757	0	0        0   631545      0      2.83584    3.84365    0
4.52664	1156989	0	200.638	0.197203	0.0166722	0.0262049	-0.00522635	0.026176	0	0	0	0	0	0	-7.93448e+07	0.467962	0	0        0   1.15699e+06      0      3.84365    5.20962    0
6.13533	2116849	0	200.673	0.145809	-0.0178063	0.0193632	0.0040268	0.0193427	0	0	0	0	0	0	-1.4517e+08	0.34575	0	0        0   2.11685e+06      0      5.20962    7.06103    0
8.31572	3865056	0	200.711	0.107937	0.0507066	0.0143293	0.020878	0.0143301	0	0	0	0	0	0	-2.65055e+08	0.256151	0	0        0   3.86506e+06      0      7.06103    9.5704    0
11.271	7044986	0	201.003	0.0800825	0.0139414	0.0106268	-0.00787766	0.010638	0	0	0	0	0	0	-4.83149e+08	0.190352	0	0        0   7.04499e+06      0      9.5704    12.9716    0
15.2765	12820487	0	201.168	0.0594218	-0.00446453	0.00788697	0.00358934	0.0078833	0	0	0	0	0	0	-8.79154e+08	0.141368	0	0        0   1.28205e+07      0      12.9716    17.5814    0
20.7055	23252531	0	201.276	0.0441556	0.00146185	0.00585993	-0.0013831	0.0058601	0	0	0	0	0	0	-1.59462e+09	0.105203	0	0        0   2.32525e+07      0      17.5814    23.8296    0
28.0639	42023109	0	201.388	0.032875	0.00910073	0.0043635	0.00864986	0.00436516	0	0	0	0	0	0	-2.88137e+09	0.0785003	0	0        0   4.20231e+07      0      23.8296    32.2982    0
38.0373	75586475	0	201.507	0.024535	0.00891619	0.00325566	0.00936013	0.00325697	0	0	0	0	0	0	-5.18214e+09	0.0587109	0	0        0   7.55865e+07      0      32.2982    43.7764    0
51.5551	135131395	0	201.726	0.0183778	0.00333128	0.00243756	0.0087839	0.00243835	0	0	0	0	0	0	-9.26348e+09	0.044102	0	0        0   1.35131e+08      0      43.7764    59.3338    0
69.8769	239357940	0	201.881	0.013827	-0.000259184	0.0018335	0.0133745	0.00183375	0	0	0	0	0	0	-1.64064e+10	0.0332964	0	0        0   2.39358e+08      0      59.3338    80.42    0
94.7099	419246156	0	202.307	0.0104772	8.4449e-05	0.00138882	0.0210091	0.00138884	0	0	0	0	0	0	-2.87324e+10	0.0253446	0	0        0   4.19246e+08      0      80.42    109    0
