# 1bin_value	2data_points	3sqrt(data_points)	4W	5W_err	6e+	7e+_err	8eX 9eX_err	10e++ 	11e++_err		12eXX	13eXX_err		14e+X	15e+X_err 	16theta          17theta_err       17num_den	18num_err 19LS_err     20wt_num     21wt_num_err  22r_low   23r_high 24sig_crit
0.117769	782	0	1905.53	89.0702	25.7169	8.03708	-5.76999	7.47766	0	0	0	0	0	0	-53326.9	376.903	0	0        0   803      0      0.1    0.135538    0
0.159622	1041	0	1331.6	49.6306	26.4548	5.21785	2.37167	5.24896	0	0	0	0	0	0	-71040.9	178.702	0	0        0   1076      0      0.135538    0.183706    0
0.216349	1481	0	1043.56	31.5822	10.9098	3.4082	-6.98017	3.40034	0	0	0	0	0	0	-102627	104.951	0	0        0   1532      0      0.183706    0.248992    0
0.293236	2446	0	947.427	21.9142	12.5783	2.56839	-4.76697	2.41919	0	0	0	0	0	0	-168506	68.9179	0	0        0   2523      0      0.248992    0.33748    0
0.397447	3721	0	789.712	14.3149	8.33952	1.68989	0.586975	1.62957	0	0	0	0	0	0	-256465	39.1212	0	0        0   3829      0      0.33748    0.457415    0
0.538693	4919	0	578.312	8.86326	4.33898	1.09117	-0.42981	1.10209	0	0	0	0	0	0	-336936	20.5314	0	0        0   5061      0      0.457415    0.619972    0
0.730136	6977	0	447.821	5.65199	1.95776	0.710087	-0.960095	0.69996	0	0	0	0	0	0	-478179	11.3658	0	0        0   7148      0      0.619972    0.8403    0
0.989614	10837	0	382.881	3.83975	1.35185	0.483573	0.0650698	0.493626	0	0	0	0	0	0	-743551	6.90649	0	0        0   11107      0      0.8403    1.13893    0
1.34131	17299	0	334.66	2.63834	0.345484	0.335007	0.212194	0.339909	0	0	0	0	0	0	-1.18769e+06	4.34542	0	0        0   17715      0      1.13893    1.54368    0
1.81798	28578	0	302.493	1.84721	0.532672	0.238222	0.062284	0.234244	0	0	0	0	0	0	-1.96057e+06	2.88564	0	0        0   29195      0      1.54368    2.09228    0
2.46406	49157	0	286.103	1.3297	0.683014	0.170219	-0.124151	0.170677	0	0	0	0	0	0	-3.376e+06	1.99659	0	0        0   50268      0      2.09228    2.83584    0
3.33975	83963	0	267.858	0.950887	0.608859	0.122087	0.0951396	0.122256	0	0	0	0	0	0	-5.76128e+06	1.37612	0	0        0   85816      0      2.83584    3.84365    0
4.52664	144347	0	252.494	0.682848	0.423721	0.0878531	-0.0585252	0.0879336	0	0	0	0	0	0	-9.90937e+06	0.969656	0	0        0   147580      0      3.84365    5.20962    0
6.13533	251948	0	241.412	0.493715	0.215027	0.0635151	-0.0181408	0.0635885	0	0	0	0	0	0	-1.7291e+07	0.694473	0	0        0   257443      0      5.20962    7.06103    0
8.31572	440732	0	231.981	0.358456	0.337483	0.0462364	0.0557222	0.0462247	0	0	0	0	0	0	-3.02246e+07	0.49719	0	0        0   450263      0      7.06103    9.5704    0
11.271	771507	0	223.53	0.260917	0.169406	0.0337531	-0.0311033	0.0337504	0	0	0	0	0	0	-5.29235e+07	0.357893	0	0        0   788160      0      9.5704    12.9716    0
15.2765	1360953	0	217.192	0.190919	0.118501	0.0246847	0.0105454	0.024688	0	0	0	0	0	0	-9.33518e+07	0.26353	0	0        0   1.3903e+06      0      12.9716    17.5814    0
20.7055	2406144	0	212.183	0.140269	0.172108	0.0181574	0.0130067	0.0181392	0	0	0	0	0	0	-1.64957e+08	0.193544	0	0        0   2.45779e+06      0      17.5814    23.8296    0
28.0639	4267465	0	208.654	0.103617	0.127281	0.0134203	-0.00865666	0.0134029	0	0	0	0	0	0	-2.92601e+08	0.144204	0	0        0   4.35927e+06      0      23.8296    32.2982    0
38.0373	7554109	0	205.742	0.0768202	0.113485	0.00993973	0.00319021	0.00992467	0	0	0	0	0	0	-5.17808e+08	0.10769	0	0        0   7.71678e+06      0      32.2982    43.7764    0
51.5551	13329700	0	203.55	0.0572545	0.0728465	0.00740262	0.0436289	0.00740192	0	0	0	0	0	0	-9.13586e+08	0.0815541	0	0        0   1.36168e+07      0      43.7764    59.3338    0
69.8769	23410080	0	202.257	0.0429768	0.0499707	0.00555629	0.00339508	0.0055553	0	0	0	0	0	0	-1.60433e+09	0.0625391	0	0        0   2.39142e+07      0      59.3338    80.42    0
94.7099	40744673	0	201.728	0.0325452	0.0650372	0.00421128	0.0126647	0.00420872	0	0	0	0	0	0	-2.79196e+09	0.0488774	0	0        0   4.16245e+07      0      80.42    109    0
