# 1bin_value	2data_points	3sqrt(data_points)	4W	5W_err	6e+	7e+_err	8eX 9eX_err	10e++ 	11e++_err		12eXX	13eXX_err		14e+X	15e+X_err 	16theta          17theta_err       17num_den	18num_err 19LS_err     20wt_num     21wt_num_err  22r_low   23r_high 24sig_crit
0.117769	819	0	202.338	7.54728	0	0	0	0	0	0	0	0	0	0	-1368.93	91006.3	0	0        0   836      0      0.1    0.135538    0
0.159622	1556	0	212.072	5.76578	0	0	0	0	0	0	0	0	0	0	-1409.25	168506	0	0        0   1600      0      0.135538    0.183706    0
0.216349	2707	0	195.6	4.00471	0	0	0	0	0	0	0	0	0	0	-1312.05	294497	0	0        0   2770      0      0.183706    0.248992    0
0.293236	4923	0	198.914	3.02297	0	0	0	0	0	0	0	0	0	0	-1329.24	530407	0	0        0   5037      0      0.248992    0.33748    0
0.397447	9059	0	200.391	2.24903	0	0	0	0	0	0	0	0	0	0	-1343.33	982972	0	0        0   9278      0      0.33748    0.457415    0
0.538693	16572	0	202.21	1.67799	0	0	0	0	0	0	0	0	0	0	-1351.22	1.78959e+06	0	0        0   17005      0      0.457415    0.619972    0
0.730136	30161	0	199.209	1.22381	0	0	0	0	0	0	0	0	0	0	-1335.01	3.26333e+06	0	0        0   30864      0      0.619972    0.8403    0
0.989614	55370	0	200.423	0.909715	0	0	0	0	0	0	0	0	0	0	-1343.03	5.9985e+06	0	0        0   56701      0      0.8403    1.13893    0
1.34131	101272	0	200.094	0.671169	0	0	0	0	0	0	0	0	0	0	-1339.89	1.09609e+07	0	0        0   103723      0      1.13893    1.54368    0
1.81798	185000	0	199.859	0.495906	0	0	0	0	0	0	0	0	0	0	-1339.21	2.00271e+07	0	0        0   189371      0      1.54368    2.09228    0
2.46406	338174	0	200.133	0.367265	0	0	0	0	0	0	0	0	0	0	-1340.16	3.65332e+07	0	0        0   346152      0      2.09228    2.83584    0
3.33975	617331	0	199.796	0.27138	0	0	0	0	0	0	0	0	0	0	-1338.71	6.67914e+07	0	0        0   631896      0      2.83584    3.84365    0
4.52664	1131540	0	200.274	0.200872	0	0	0	0	0	0	0	0	0	0	-1341.78	1.22323e+08	0	0        0   1.15822e+06      0      3.84365    5.20962    0
6.13533	2066171	0	199.877	0.148342	0	0	0	0	0	0	0	0	0	0	-1339.61	2.23476e+08	0	0        0   2.1146e+06      0      5.20962    7.06103    0
8.31572	3768269	0	199.872	0.10985	0	0	0	0	0	0	0	0	0	0	-1338.9	4.0736e+08	0	0        0   3.85763e+06      0      7.06103    9.5704    0
11.271	6858279	0	199.798	0.0813949	0	0	0	0	0	0	0	0	0	0	-1338.34	7.41341e+08	0	0        0   7.02108e+06      0      9.5704    12.9716    0
15.2765	12482355	0	199.877	0.0603558	0	0	0	0	0	0	0	0	0	0	-1338.87	1.34904e+09	0	0        0   1.2778e+07      0      12.9716    17.5814    0
20.7055	22648013	0	199.989	0.0448299	0	0	0	0	0	0	0	0	0	0	-1339.74	2.44752e+09	0	0        0   2.3183e+07      0      17.5814    23.8296    0
28.0639	40909978	0	199.887	0.0333374	0	0	0	0	0	0	0	0	0	0	-1339.09	4.42063e+09	0	0        0   4.18742e+07      0      23.8296    32.2982    0
38.0373	73621946	0	199.971	0.0248608	0	0	0	0	0	0	0	0	0	0	-1339.62	7.95413e+09	0	0        0   7.53566e+07      0      32.2982    43.7764    0
51.5551	131682887	0	200.145	0.0186071	0	0	0	0	0	0	0	0	0	0	-1340.66	1.42249e+10	0	0        0   1.34785e+08      0      43.7764    59.3338    0
69.8769	233243828	0	200.161	0.0139861	0	0	0	0	0	0	0	0	0	0	-1340.53	2.51964e+10	0	0        0   2.3874e+08      0      59.3338    80.42    0
94.7099	408036619	0	200.198	0.0105811	0	0	0	0	0	0	0	0	0	0	-1340.68	4.41044e+10	0	0        0   4.17651e+08      0      80.42    109    0
