# 1bin_value	2data_points	3sqrt(data_points)	4W	5W_err	6e+	7e+_err	8eX 9eX_err	10e++ 	11e++_err		12eXX	13eXX_err		14e+X	15e+X_err 	16theta          17theta_err       17num_den	18num_err 19LS_err     20wt_num     21wt_num_err  22r_low   23r_high 24sig_crit
0.117769	603	0	1288.35	63.2837	15.6645	7.22381	4.98682	7.12186	0	0	0	0	0	0	-41148.1	234.916	0	0        0   614      0      0.1    0.135538    0
0.159622	839	0	1018.17	40.4947	11.1274	4.78662	4.08745	4.47054	0	0	0	0	0	0	-57573.7	131.653	0	0        0   863      0      0.135538    0.183706    0
0.216349	1280	0	880.168	27.9874	7.68731	3.37463	1.65608	3.24493	0	0	0	0	0	0	-87833	85.007	0	0        0   1330      0      0.183706    0.248992    0
0.293236	2181	0	827.959	19.8772	6.47968	2.53245	0.291235	2.44586	0	0	0	0	0	0	-149923	57.6698	0	0        0   2247      0      0.248992    0.33748    0
0.397447	3261	0	676.171	12.8793	5.27443	1.65604	0.335342	1.60651	0	0	0	0	0	0	-223877	32.3984	0	0        0   3356      0      0.33748    0.457415    0
0.538693	4421	0	508.641	8.12231	3.27774	1.09487	-2.43689	1.07425	0	0	0	0	0	0	-303303	16.7174	0	0        0   4565      0      0.457415    0.619972    0
0.730136	6641	0	416.232	5.34338	1.57381	0.735259	-0.439687	0.725754	0	0	0	0	0	0	-455619	9.60888	0	0        0   6821      0      0.619972    0.8403    0
0.989614	10582	0	365.345	3.68023	0.546731	0.498188	-0.521051	0.495402	0	0	0	0	0	0	-724366	5.84688	0	0        0   10853      0      0.8403    1.13893    0
1.34131	16749	0	316.162	2.51563	0.97888	0.349665	-0.392809	0.343191	0	0	0	0	0	0	-1.14815e+06	3.70939	0	0        0   17122      0      1.13893    1.54368    0
1.81798	28164	0	292.022	1.78742	0.599691	0.245802	-0.0273901	0.244497	0	0	0	0	0	0	-1.93262e+06	2.50761	0	0        0   28790      0      1.54368    2.09228    0
2.46406	49206	0	279.782	1.2917	0.428562	0.17884	0.0320298	0.178186	0	0	0	0	0	0	-3.37338e+06	1.71026	0	0        0   50281      0      2.09228    2.83584    0
3.33975	84799	0	264.531	0.929464	0.480049	0.127908	-0.0648989	0.128909	0	0	0	0	0	0	-5.81278e+06	1.1875	0	0        0   86679      0      2.83584    3.84365    0
4.52664	145878	0	249.621	0.667896	0.272585	0.0925157	-0.145484	0.0923882	0	0	0	0	0	0	-9.99792e+06	0.829912	0	0        0   149038      0      3.84365    5.20962    0
6.13533	254438	0	238.426	0.48238	0.226183	0.0667968	0.100605	0.067096	0	0	0	0	0	0	-1.74472e+07	0.587278	0	0        0   259822      0      5.20962    7.06103    0
8.31572	447785	0	230.292	0.350979	0.200771	0.0486933	0.0915338	0.0486966	0	0	0	0	0	0	-3.06906e+07	0.419469	0	0        0   457180      0      7.06103    9.5704    0
11.271	788056	0	223.176	0.256372	0.171228	0.0356178	-0.0203239	0.0356136	0	0	0	0	0	0	-5.4049e+07	0.303125	0	0        0   804977      0      9.5704    12.9716    0
15.2765	1397687	0	217.96	0.187949	0.146735	0.0260915	-0.00218959	0.0260523	0	0	0	0	0	0	-9.5854e+07	0.221052	0	0        0   1.42734e+06      0      12.9716    17.5814    0
20.7055	2473582	0	213.032	0.13806	0.147792	0.0191372	-0.00294225	0.0191476	0	0	0	0	0	0	-1.69647e+08	0.161851	0	0        0   2.52544e+06      0      17.5814    23.8296    0
28.0639	4397079	0	209.812	0.101964	0.15788	0.0141337	0.00448469	0.0141382	0	0	0	0	0	0	-3.01501e+08	0.11919	0	0        0   4.48834e+06      0      23.8296    32.2982    0
38.0373	7811427	0	207.496	0.0756548	0.0991648	0.0104943	0.0385006	0.0104956	0	0	0	0	0	0	-5.35494e+08	0.0884675	0	0        0   7.97284e+06      0      32.2982    43.7764    0
51.5551	13826866	0	205.791	0.0564041	0.0662634	0.00780989	0.0312319	0.00782291	0	0	0	0	0	0	-9.47676e+08	0.0662051	0	0        0   1.41136e+07      0      43.7764    59.3338    0
69.8769	24390321	0	205.158	0.0423482	0.041696	0.00586365	0.0290688	0.00586618	0	0	0	0	0	0	-1.67153e+09	0.0500315	0	0        0   2.48955e+07      0      59.3338    80.42    0
94.7099	42673404	0	205.442	0.0320705	0.0373053	0.00443851	0.0331098	0.00444162	0	0	0	0	0	0	-2.9242e+09	0.0381366	0	0        0   4.35608e+07      0      80.42    109    0
