# 1bin_value	2data_points	3sqrt(data_points)	4W	5W_err	6e+	7e+_err	8eX 9eX_err	10e++ 	11e++_err		12eXX	13eXX_err		14e+X	15e+X_err 	16theta          17theta_err       17num_den	18num_err 19LS_err     20wt_num     21wt_num_err  22r_low   23r_high 24sig_crit
0.117769	858	0	205.639	7.51903	0	0	0	0	0	0	0	0	0	0	-1368.9	93571.6	0	0        0   882      0      0.1    0.135538    0
0.159622	1580	0	206.092	5.5497	0	0	0	0	0	0	0	0	0	0	-1376.66	171819	0	0        0   1623      0      0.135538    0.183706    0
0.216349	2729	0	196.274	4.01014	0	0	0	0	0	0	0	0	0	0	-1322.63	299000	0	0        0   2782      0      0.183706    0.248992    0
0.293236	5138	0	201.866	3.01285	0	0	0	0	0	0	0	0	0	0	-1354.9	560932	0	0        0   5270      0      0.248992    0.33748    0
0.397447	9189	0	198.894	2.21825	0	0	0	0	0	0	0	0	0	0	-1331.95	995852	0	0        0   9404      0      0.33748    0.457415    0
0.538693	17165	0	202.553	1.65025	0	0	0	0	0	0	0	0	0	0	-1359	1.85731e+06	0	0        0   17543      0      0.457415    0.619972    0
0.730136	30834	0	199.385	1.21304	0	0	0	0	0	0	0	0	0	0	-1332.61	3.33251e+06	0	0        0   31609      0      0.619972    0.8403    0
0.989614	56508	0	200.248	0.899849	0	0	0	0	0	0	0	0	0	0	-1342.07	6.12293e+06	0	0        0   57849      0      0.8403    1.13893    0
1.34131	104158	0	201.182	0.66564	0	0	0	0	0	0	0	0	0	0	-1348.42	1.12778e+07	0	0        0   106565      0      1.13893    1.54368    0
1.81798	189118	0	200.203	0.49181	0	0	0	0	0	0	0	0	0	0	-1341.33	2.0497e+07	0	0        0   193633      0      1.54368    2.09228    0
2.46406	345155	0	199.927	0.363435	0	0	0	0	0	0	0	0	0	0	-1339.22	3.73918e+07	0	0        0   353460      0      2.09228    2.83584    0
3.33975	631067	0	199.925	0.26885	0	0	0	0	0	0	0	0	0	0	-1339.48	6.84011e+07	0	0        0   646084      0      2.83584    3.84365    0
4.52664	1153099	0	199.983	0.198906	0	0	0	0	0	0	0	0	0	0	-1339.86	1.24936e+08	0	0        0   1.18039e+06      0      3.84365    5.20962    0
6.13533	2107410	0	199.762	0.146983	0	0	0	0	0	0	0	0	0	0	-1338.85	2.28491e+08	0	0        0   2.15694e+06      0      5.20962    7.06103    0
8.31572	3846222	0	199.746	0.108796	0	0	0	0	0	0	0	0	0	0	-1338.29	4.16824e+08	0	0        0   3.93703e+06      0      7.06103    9.5704    0
11.271	7008298	0	199.954	0.0806951	0	0	0	0	0	0	0	0	0	0	-1339.67	7.59557e+08	0	0        0   7.17353e+06      0      9.5704    12.9716    0
15.2765	12731421	0	199.761	0.059821	0	0	0	0	0	0	0	0	0	0	-1338.28	1.38003e+09	0	0        0   1.30312e+07      0      12.9716    17.5814    0
20.7055	23065411	0	199.681	0.0444368	0	0	0	0	0	0	0	0	0	0	-1337.87	2.50196e+09	0	0        0   2.36091e+07      0      17.5814    23.8296    0
28.0639	41680161	0	199.772	0.0330814	0	0	0	0	0	0	0	0	0	0	-1338.49	4.5234e+09	0	0        0   4.26593e+07      0      23.8296    32.2982    0
38.0373	74901738	0	199.728	0.0246808	0	0	0	0	0	0	0	0	0	0	-1338.19	8.13342e+09	0	0        0   7.66561e+07      0      32.2982    43.7764    0
51.5551	133754636	0	199.764	0.0184843	0	0	0	0	0	0	0	0	0	0	-1338.25	1.45373e+10	0	0        0   1.36891e+08      0      43.7764    59.3338    0
69.8769	236744277	0	199.82	0.0139072	0	0	0	0	0	0	0	0	0	0	-1338.54	2.57564e+10	0	0        0   2.42282e+08      0      59.3338    80.42    0
94.7099	413667287	0	199.816	0.0105289	0	0	0	0	0	0	0	0	0	0	-1338.33	4.50527e+10	0	0        0   4.23334e+08      0      80.42    109    0
