# 1bin_value	2data_points	3sqrt(data_points)	4W	5W_err	6e+	7e+_err	8eX 9eX_err	10e++ 	11e++_err		12eXX	13eXX_err		14e+X	15e+X_err 	16theta          17theta_err       17num_den	18num_err 19LS_err     20wt_num     21wt_num_err  22r_low   23r_high 24sig_crit
0.117769	692	0	191.179	7.77543	0	0	0	0	0	0	0	0	0	0	-1283.01	77051.2	0	0        0   711      0      0.1    0.135538    0
0.159622	1382	0	200.843	5.77015	0	0	0	0	0	0	0	0	0	0	-1346.95	149583	0	0        0   1410      0      0.135538    0.183706    0
0.216349	2358	0	191.42	4.20134	0	0	0	0	0	0	0	0	0	0	-1285.04	256554	0	0        0   2414      0      0.183706    0.248992    0
0.293236	4380	0	195.173	3.14512	0	0	0	0	0	0	0	0	0	0	-1308.99	475489	0	0        0   4485      0      0.248992    0.33748    0
0.397447	8116	0	195.598	2.31154	0	0	0	0	0	0	0	0	0	0	-1314.12	877309	0	0        0   8289      0      0.33748    0.457415    0
0.538693	14928	0	197.547	1.72412	0	0	0	0	0	0	0	0	0	0	-1324.11	1.61535e+06	0	0        0   15273      0      0.457415    0.619972    0
0.730136	27183	0	196.765	1.27404	0	0	0	0	0	0	0	0	0	0	-1318.54	2.95038e+06	0	0        0   27853      0      0.619972    0.8403    0
0.989614	50569	0	200.143	0.950083	0	0	0	0	0	0	0	0	0	0	-1338.22	5.45509e+06	0	0        0   51795      0      0.8403    1.13893    0
1.34131	92437	0	200.435	0.70368	0	0	0	0	0	0	0	0	0	0	-1342.16	9.97881e+06	0	0        0   94617      0      1.13893    1.54368    0
1.81798	167964	0	199.006	0.518026	0	0	0	0	0	0	0	0	0	0	-1333.64	1.81634e+07	0	0        0   171830      0      1.54368    2.09228    0
2.46406	307056	0	198.989	0.383108	0	0	0	0	0	0	0	0	0	0	-1333.46	3.31947e+07	0	0        0   314194      0      2.09228    2.83584    0
3.33975	562100	0	199.544	0.284032	0	0	0	0	0	0	0	0	0	0	-1336.79	6.08058e+07	0	0        0   575427      0      2.83584    3.84365    0
4.52664	1031480	0	200.341	0.21052	0	0	0	0	0	0	0	0	0	0	-1342.53	1.11572e+08	0	0        0   1.05564e+06      0      3.84365    5.20962    0
6.13533	1883244	0	199.907	0.155448	0	0	0	0	0	0	0	0	0	0	-1339.75	2.03701e+08	0	0        0   1.9272e+06      0      5.20962    7.06103    0
8.31572	3438144	0	199.932	0.115079	0	0	0	0	0	0	0	0	0	0	-1339.8	3.71984e+08	0	0        0   3.51913e+06      0      7.06103    9.5704    0
11.271	6254599	0	199.762	0.0852473	0	0	0	0	0	0	0	0	0	0	-1338.51	6.76574e+08	0	0        0   6.40183e+06      0      9.5704    12.9716    0
15.2765	11376466	0	199.769	0.0632061	0	0	0	0	0	0	0	0	0	0	-1338.42	1.23031e+09	0	0        0   1.1645e+07      0      12.9716    17.5814    0
20.7055	20634678	0	199.857	0.0469541	0	0	0	0	0	0	0	0	0	0	-1339.13	2.23158e+09	0	0        0   2.11205e+07      0      17.5814    23.8296    0
28.0639	37252897	0	199.719	0.0349214	0	0	0	0	0	0	0	0	0	0	-1338.22	4.02879e+09	0	0        0   3.81283e+07      0      23.8296    32.2982    0
38.0373	66995912	0	199.752	0.0260472	0	0	0	0	0	0	0	0	0	0	-1338.47	7.24583e+09	0	0        0   6.85651e+07      0      32.2982    43.7764    0
51.5551	119692980	0	199.768	0.0194943	0	0	0	0	0	0	0	0	0	0	-1338.32	1.29474e+10	0	0        0   1.22499e+08      0      43.7764    59.3338    0
69.8769	212022249	0	199.873	0.014661	0	0	0	0	0	0	0	0	0	0	-1338.94	2.29462e+10	0	0        0   2.1699e+08      0      59.3338    80.42    0
94.7099	371028021	0	199.986	0.0110932	0	0	0	0	0	0	0	0	0	0	-1339.58	4.01683e+10	0	0        0   3.79724e+08      0      80.42    109    0
