# 1bin_value	2data_points	3sqrt(data_points)	4W	5W_err	6e+	7e+_err	8eX 9eX_err	10e++ 	11e++_err		12eXX	13eXX_err		14e+X	15e+X_err 	16theta          17theta_err       17num_den	18num_err 19LS_err     20wt_num     21wt_num_err  22r_low   23r_high 24sig_crit
0.117769	737	0	1979.08	97.4697	19.5558	11.8301	6.89794	10.9487	0	0	0	0	0	0	-50574.4	400.23	0	0        0   788      0      0.1    0.135538    0
0.159622	1117	0	1561.95	58.3185	30.2773	7.77379	-3.39326	7.50698	0	0	0	0	0	0	-76850.8	213.353	0	0        0   1202      0      0.135538    0.183706    0
0.216349	1501	0	1216.89	37.9102	8.39714	5.28504	2.58065	5.33694	0	0	0	0	0	0	-102961	125.697	0	0        0   1611      0      0.183706    0.248992    0
0.293236	2440	0	1048.67	24.8961	7.19727	5.68426	2.34031	4.75444	0	0	0	0	0	0	-168507	72.9255	0	0        0   2632      0      0.248992    0.33748    0
0.397447	3617	0	854.871	16.2774	5.79565	2.42574	-1.7313	2.46442	0	0	0	0	0	0	-248758	42.7298	0	0        0   3895      0      0.33748    0.457415    0
0.538693	4843	0	629.655	9.93151	3.12286	1.62283	-2.48505	1.53557	0	0	0	0	0	0	-331547	22.0266	0	0        0   5182      0      0.457415    0.619972    0
0.730136	6970	0	494.397	6.40579	3.20742	1.02937	-0.103214	1.03389	0	0	0	0	0	0	-478289	12.1807	0	0        0   7392      0      0.619972    0.8403    0
0.989614	10339	0	400.13	4.17972	0.897558	1.12885	-0.12902	0.773772	0	0	0	0	0	0	-707906	6.9258	0	0        0   10930      0      0.8403    1.13893    0
1.34131	16192	0	344.116	2.8519	1.03282	0.479397	0.506071	0.469914	0	0	0	0	0	0	-1.11e+06	4.36149	0	0        0   17092      0      1.13893    1.54368    0
1.81798	26775	0	311.699	2.00246	-0.00235134	0.33775	0.0740732	0.378161	0	0	0	0	0	0	-1.83788e+06	2.9197	0	0        0   28165      0      1.54368    2.09228    0
2.46406	45602	0	290.243	1.41957	0.291233	0.319806	0.242116	0.301305	0	0	0	0	0	0	-3.12752e+06	1.99294	0	0        0   47850      0      2.09228    2.83584    0
3.33975	77905	0	272.919	1.02416	0.537636	0.186511	-0.22263	0.18351	0	0	0	0	0	0	-5.34284e+06	1.38252	0	0        0   81923      0      2.83584    3.84365    0
4.52664	134024	0	257.748	0.735087	0.46746	0.137718	0.0586562	0.130706	0	0	0	0	0	0	-9.18725e+06	0.971047	0	0        0   140946      0      3.84365    5.20962    0
6.13533	233913	0	246.305	0.530578	0.354251	0.0954616	-0.261142	0.0955854	0	0	0	0	0	0	-1.60392e+07	0.680146	0	0        0   245862      0      5.20962    7.06103    0
8.31572	407189	0	234.881	0.382938	0.32103	0.0712022	0.0238293	0.0741732	0	0	0	0	0	0	-2.79047e+07	0.486251	0	0        0   427092      0      7.06103    9.5704    0
11.271	712144	0	226.205	0.278596	0.258665	0.0569247	-0.095891	0.0583269	0	0	0	0	0	0	-4.88203e+07	0.352685	0	0        0   747196      0      9.5704    12.9716    0
15.2765	1253287	0	219.202	0.203488	0.221273	0.0426458	-0.0408949	0.0428996	0	0	0	0	0	0	-8.59482e+07	0.25699	0	0        0   1.31438e+06      0      12.9716    17.5814    0
20.7055	2218547	0	214.355	0.149521	0.14707	0.0315918	-0.0274253	0.0341251	0	0	0	0	0	0	-1.52147e+08	0.189298	0	0        0   2.32548e+06      0      17.5814    23.8296    0
28.0639	3923955	0	210.225	0.110282	0.109423	0.0227471	0.0092022	0.0237153	0	0	0	0	0	0	-2.69086e+08	0.139944	0	0        0   4.113e+06      0      23.8296    32.2982    0
38.0373	6930032	0	206.854	0.0816737	0.130224	0.016782	0.00840136	0.0170497	0	0	0	0	0	0	-4.75164e+08	0.104788	0	0        0   7.26313e+06      0      32.2982    43.7764    0
51.5551	12206982	0	204.194	0.0607629	0.13133	0.0127231	-0.00118872	0.012269	0	0	0	0	0	0	-8.36837e+08	0.0789875	0	0        0   1.27894e+07      0      43.7764    59.3338    0
69.8769	21423506	0	202.647	0.0455576	0.054906	0.00930354	0.0396602	0.00916884	0	0	0	0	0	0	-1.46845e+09	0.0604186	0	0        0   2.24393e+07      0      59.3338    80.42    0
94.7099	37230457	0	201.576	0.0344149	0.048169	0.00695402	0.0277214	0.00703539	0	0	0	0	0	0	-2.55204e+09	0.0466184	0	0        0   3.90006e+07      0      80.42    109    0
