# 1bin_value	2data_points	3sqrt(data_points)	4W	5W_err	6e+	7e+_err	8eX 9eX_err	10e++ 	11e++_err		12eXX	13eXX_err		14e+X	15e+X_err 	16theta          17theta_err       17num_den	18num_err 19LS_err     20wt_num     21wt_num_err  22r_low   23r_high 24sig_crit
0.117769	796	0	194.031	7.24378	-0.262873	1.10992	-0.509746	1.11673	0	0	0	0	0	0	-54516	16.4776	0	0        0   796      0      0.1    0.135538    0
0.159622	1441	0	194.02	5.39626	-0.67668	0.823847	-0.794879	0.809625	0	0	0	0	0	0	-98669.2	12.6984	0	0        0   1441      0      0.135538    0.183706    0
0.216349	2830	0	206.533	4.10072	0.506288	0.62539	-0.219876	0.613303	0	0	0	0	0	0	-194420	9.60849	0	0        0   2830      0      0.183706    0.248992    0
0.293236	5061	0	203.691	3.02127	-0.152826	0.448939	-0.599411	0.452239	0	0	0	0	0	0	-345848	7.01803	0	0        0   5061      0      0.248992    0.33748    0
0.397447	9243	0	204.061	2.23975	0.114936	0.336011	-0.199037	0.337066	0	0	0	0	0	0	-633697	5.22096	0	0        0   9243      0      0.33748    0.457415    0
0.538693	16884	0	203.135	1.6497	0.143649	0.247881	0.272251	0.246149	0	0	0	0	0	0	-1.15797e+06	3.85309	0	0        0   16884      0      0.457415    0.619972    0
0.730136	30542	0	200.359	1.20878	0.200036	0.180507	0.133467	0.182063	0	0	0	0	0	0	-2.09445e+06	2.80539	0	0        0   30542      0      0.619972    0.8403    0
0.989614	55849	0	200.187	0.893043	0.131504	0.134128	-0.0439761	0.134642	0	0	0	0	0	0	-3.82976e+06	2.07252	0	0        0   55849      0      0.8403    1.13893    0
1.34131	102216	0	200.368	0.660726	0.0892845	0.0992929	-0.0534958	0.0990182	0	0	0	0	0	0	-7.00941e+06	1.53409	0	0        0   102216      0      1.13893    1.54368    0
1.81798	187457	0	201.055	0.489743	-0.0491886	0.0733885	0.0517995	0.0734904	0	0	0	0	0	0	-1.28575e+07	1.14057	0	0        0   187457      0      1.54368    2.09228    0
2.46406	343085	0	201.596	0.363008	-0.00778856	0.0544059	0.0257144	0.0544108	0	0	0	0	0	0	-2.35339e+07	0.846453	0	0        0   343085      0      2.09228    2.83584    0
3.33975	627649	0	201.931	0.268863	-0.00917233	0.0403206	0.0105832	0.0402576	0	0	0	0	0	0	-4.30567e+07	0.627202	0	0        0   627649      0      2.83584    3.84365    0
4.52664	1147522	0	201.877	0.198772	0.0358225	0.0297974	-0.0123745	0.0297923	0	0	0	0	0	0	-7.87078e+07	0.463419	0	0        0   1.14752e+06      0      3.84365    5.20962    0
6.13533	2100155	0	202.044	0.147061	0.018445	0.0220408	-0.036867	0.0220291	0	0	0	0	0	0	-1.44055e+08	0.342985	0	0        0   2.10016e+06      0      5.20962    7.06103    0
8.31572	3835749	0	202.185	0.108906	0.00496566	0.0163019	-0.0297814	0.0163165	0	0	0	0	0	0	-2.63034e+08	0.254167	0	0        0   3.83575e+06      0      7.06103    9.5704    0
11.271	6989045	0	202.366	0.0807598	0.00715977	0.012094	0.0054385	0.012098	0	0	0	0	0	0	-4.79343e+08	0.18864	0	0        0   6.98904e+06      0      9.5704    12.9716    0
15.2765	12717945	0	202.476	0.0599081	0.00832157	0.00897146	0.0101475	0.00897607	0	0	0	0	0	0	-8.72123e+08	0.140016	0	0        0   1.27179e+07      0      12.9716    17.5814    0
20.7055	23069285	0	202.593	0.0445157	-0.015804	0.00666634	-0.000973601	0.0066666	0	0	0	0	0	0	-1.58194e+09	0.104175	0	0        0   2.30693e+07      0      17.5814    23.8296    0
28.0639	41722217	0	202.806	0.0331428	0.000376336	0.00496089	0.00612548	0.00496147	0	0	0	0	0	0	-2.86094e+09	0.0776618	0	0        0   4.17222e+07      0      23.8296    32.2982    0
38.0373	75039326	0	202.861	0.0247251	-0.0108742	0.00369938	0.00684717	0.00370058	0	0	0	0	0	0	-5.14511e+09	0.0580093	0	0        0   7.50393e+07      0      32.2982    43.7764    0
51.5551	134134123	0	202.905	0.0185011	-0.0265556	0.00276659	0.0240884	0.00276662	0	0	0	0	0	0	-9.19613e+09	0.0434548	0	0        0   1.34134e+08      0      43.7764    59.3338    0
69.8769	237735962	0	203.033	0.0139086	-0.0155148	0.00207847	0.0362814	0.0020791	0	0	0	0	0	0	-1.62978e+10	0.0326968	0	0        0   2.37736e+08      0      59.3338    80.42    0
94.7099	416873346	0	203.416	0.0105257	0.00788291	0.00157138	0.0370109	0.00157269	0	0	0	0	0	0	-2.85758e+10	0.0247698	0	0        0   4.16873e+08      0      80.42    109    0
