# 1bin_value	2data_points	3sqrt(data_points)	4W	5W_err	6e+	7e+_err	8eX 9eX_err	10e++ 	11e++_err		12eXX	13eXX_err		14e+X	15e+X_err 	16theta          17theta_err       17num_den	18num_err 19LS_err     20wt_num     21wt_num_err  22r_low   23r_high 24sig_crit
0.117769	813	0	201.552	7.57132	0	0	0	0	0	0	0	0	0	0	-1363.32	91006.3	0	0        0   830      0      0.1    0.135538    0
0.159622	1550	0	211.49	5.77111	0	0	0	0	0	0	0	0	0	0	-1406.88	168506	0	0        0   1593      0      0.135538    0.183706    0
0.216349	2697	0	195.635	4.02005	0	0	0	0	0	0	0	0	0	0	-1312.38	294497	0	0        0   2760      0      0.183706    0.248992    0
0.293236	4917	0	199.37	3.03354	0	0	0	0	0	0	0	0	0	0	-1332.05	530407	0	0        0   5032      0      0.248992    0.33748    0
0.397447	9065	0	200.962	2.25379	0	0	0	0	0	0	0	0	0	0	-1346.74	982972	0	0        0   9286      0      0.33748    0.457415    0
0.538693	16528	0	202.234	1.68275	0	0	0	0	0	0	0	0	0	0	-1350.87	1.78959e+06	0	0        0   16959      0      0.457415    0.619972    0
0.730136	30138	0	199.507	1.2267	0	0	0	0	0	0	0	0	0	0	-1336.87	3.26333e+06	0	0        0   30841      0      0.619972    0.8403    0
0.989614	55261	0	200.555	0.912232	0	0	0	0	0	0	0	0	0	0	-1343.95	5.9985e+06	0	0        0   56586      0      0.8403    1.13893    0
1.34131	101145	0	200.365	0.673049	0	0	0	0	0	0	0	0	0	0	-1341.75	1.09609e+07	0	0        0   103585      0      1.13893    1.54368    0
1.81798	184790	0	200.221	0.497501	0	0	0	0	0	0	0	0	0	0	-1341.86	2.00271e+07	0	0        0   189136      0      1.54368    2.09228    0
2.46406	337560	0	200.316	0.368333	0	0	0	0	0	0	0	0	0	0	-1341.43	3.65332e+07	0	0        0   345493      0      2.09228    2.83584    0
3.33975	616236	0	200.022	0.272218	0	0	0	0	0	0	0	0	0	0	-1340.38	6.67914e+07	0	0        0   630719      0      2.83584    3.84365    0
4.52664	1129008	0	200.404	0.201479	0	0	0	0	0	0	0	0	0	0	-1342.75	1.22323e+08	0	0        0   1.15555e+06      0      3.84365    5.20962    0
6.13533	2061252	0	200.003	0.148812	0	0	0	0	0	0	0	0	0	0	-1340.58	2.23476e+08	0	0        0   2.10936e+06      0      5.20962    7.06103    0
8.31572	3758315	0	199.972	0.110214	0	0	0	0	0	0	0	0	0	0	-1339.73	4.0736e+08	0	0        0   3.847e+06      0      7.06103    9.5704    0
11.271	6838311	0	199.894	0.0816848	0	0	0	0	0	0	0	0	0	0	-1339.15	7.41341e+08	0	0        0   6.99989e+06      0      9.5704    12.9716    0
15.2765	12442010	0	199.973	0.060589	0	0	0	0	0	0	0	0	0	0	-1339.65	1.34904e+09	0	0        0   1.27355e+07      0      12.9716    17.5814    0
20.7055	22564095	0	200.051	0.0450168	0	0	0	0	0	0	0	0	0	0	-1340.35	2.44752e+09	0	0        0   2.30947e+07      0      17.5814    23.8296    0
28.0639	40740657	0	199.93	0.0334876	0	0	0	0	0	0	0	0	0	0	-1339.58	4.42063e+09	0	0        0   4.16966e+07      0      23.8296    32.2982    0
38.0373	73270185	0	199.944	0.0249799	0	0	0	0	0	0	0	0	0	0	-1339.7	7.95413e+09	0	0        0   7.49868e+07      0      32.2982    43.7764    0
51.5551	130986361	0	200.064	0.018701	0	0	0	0	0	0	0	0	0	0	-1340.44	1.42249e+10	0	0        0   1.3405e+08      0      43.7764    59.3338    0
69.8769	231964003	0	200.053	0.0140577	0	0	0	0	0	0	0	0	0	0	-1340.2	2.51964e+10	0	0        0   2.37385e+08      0      59.3338    80.42    0
94.7099	405764742	0	200.064	0.010635	0	0	0	0	0	0	0	0	0	0	-1340.3	4.41044e+10	0	0        0   4.15233e+08      0      80.42    109    0
