# 1bin_value	2data_points	3sqrt(data_points)	4W	5W_err	6e+	7e+_err	8eX 9eX_err	10e++ 	11e++_err		12eXX	13eXX_err		14e+X	15e+X_err 	16theta          17theta_err       17num_den	18num_err 19LS_err     20wt_num     21wt_num_err  22r_low   23r_high 24sig_crit
0.117769	442	0	1003.99	55.1379	7.31501	7.55985	1.77671	6.67801	0	0	0	0	0	0	-30432	186.443	0	0        0   449      0      0.1    0.135538    0
0.159622	652	0	876.356	38.8841	6.15793	5.45546	5.97521	5.48616	0	0	0	0	0	0	-44826.4	119.956	0	0        0   669      0      0.135538    0.183706    0
0.216349	1013	0	703.388	24.4208	5.49051	3.52021	1.8601	3.49816	0	0	0	0	0	0	-69129.6	68.4364	0	0        0   1035      0      0.183706    0.248992    0
0.293236	1731	0	668.032	17.6474	3.22612	2.53261	1.21953	2.55221	0	0	0	0	0	0	-118846	47.5504	0	0        0   1781      0      0.248992    0.33748    0
0.397447	2731	0	577.537	11.9272	2.94689	1.80054	-0.815031	1.7781	0	0	0	0	0	0	-187366	27.7261	0	0        0   2823      0      0.33748    0.457415    0
0.538693	3919	0	458.208	7.74074	1.90977	1.16302	0.497717	1.18126	0	0	0	0	0	0	-268310	15.8453	0	0        0   4033      0      0.457415    0.619972    0
0.730136	6118	0	390.782	5.24026	1.52501	0.802829	0.735756	0.793254	0	0	0	0	0	0	-419464	9.69037	0	0        0   6284      0      0.619972    0.8403    0
0.989614	9689	0	338.631	3.56531	0.662836	0.542749	-0.317008	0.562232	0	0	0	0	0	0	-664455	5.92664	0	0        0   9909      0      0.8403    1.13893    0
1.34131	15916	0	305.523	2.50459	0.464087	0.391822	-0.466123	0.389357	0	0	0	0	0	0	-1.09163e+06	3.96997	0	0        0   16278      0      1.13893    1.54368    0
1.81798	26827	0	281.98	1.77494	0.671509	0.276181	0.34156	0.273494	0	0	0	0	0	0	-1.84045e+06	2.74536	0	0        0   27389      0      1.54368    2.09228    0
2.46406	46568	0	268.659	1.28008	0.425937	0.199586	-0.282243	0.199989	0	0	0	0	0	0	-3.19246e+06	1.91037	0	0        0   47509      0      2.09228    2.83584    0
3.33975	80565	0	255.157	0.924862	0.324079	0.144414	-0.138213	0.143323	0	0	0	0	0	0	-5.52152e+06	1.35621	0	0        0   82303      0      2.83584    3.84365    0
4.52664	140475	0	244.102	0.669643	0.211519	0.104723	0.139748	0.104187	0	0	0	0	0	0	-9.63292e+06	0.965977	0	0        0   143609      0      3.84365    5.20962    0
6.13533	246221	0	234.291	0.484892	0.228576	0.0756331	-0.123497	0.0757107	0	0	0	0	0	0	-1.68866e+07	0.69055	0	0        0   251515      0      5.20962    7.06103    0
8.31572	431126	0	225.104	0.35184	0.118057	0.0549712	0.167651	0.055038	0	0	0	0	0	0	-2.95708e+07	0.496263	0	0        0   440293      0      7.06103    9.5704    0
11.271	760686	0	218.594	0.257221	0.145737	0.0401753	0.0349108	0.040242	0	0	0	0	0	0	-5.21808e+07	0.361103	0	0        0   776923      0      9.5704    12.9716    0
15.2765	1348101	0	213.31	0.18853	0.186206	0.0294156	0.0440264	0.0294547	0	0	0	0	0	0	-9.24256e+07	0.263518	0	0        0   1.37721e+06      0      12.9716    17.5814    0
20.7055	2398773	0	209.542	0.138771	0.0736022	0.0216912	0.086817	0.0216997	0	0	0	0	0	0	-1.64507e+08	0.193375	0	0        0   2.4496e+06      0      17.5814    23.8296    0
28.0639	4270876	0	206.668	0.102571	0.0135913	0.0160262	0.047323	0.0160299	0	0	0	0	0	0	-2.92904e+08	0.142679	0	0        0   4.36099e+06      0      23.8296    32.2982    0
38.0373	7593021	0	204.478	0.0761085	0.0126938	0.0118708	-0.0392139	0.0118936	0	0	0	0	0	0	-5.20576e+08	0.105827	0	0        0   7.75179e+06      0      32.2982    43.7764    0
51.5551	13447884	0	202.804	0.0567361	-0.0192552	0.00885676	0.0122695	0.00886803	0	0	0	0	0	0	-9.21912e+08	0.0790802	0	0        0   1.37306e+07      0      43.7764    59.3338    0
69.8769	23710475	0	202.051	0.0425929	0.00170978	0.00665516	-0.00704075	0.00665165	0	0	0	0	0	0	-1.62541e+09	0.0598761	0	0        0   2.42095e+07      0      59.3338    80.42    0
94.7099	41416584	0	201.9	0.0322256	0.0156265	0.00502943	0.00452937	0.00502956	0	0	0	0	0	0	-2.83962e+09	0.0458713	0	0        0   4.22886e+07      0      80.42    109    0
