# 1bin_value	2data_points	3sqrt(data_points)	4W	5W_err	6e+	7e+_err	8eX 9eX_err	10e++ 	11e++_err		12eXX	13eXX_err		14e+X	15e+X_err 	16theta          17theta_err       17num_den	18num_err 19LS_err     20wt_num     21wt_num_err  22r_low   23r_high 24sig_crit
0.117769	813	0	200.918	7.54651	0	0	0	0	0	0	0	0	0	0	-1359.31	91006.3	0	0        0   830      0      0.1    0.135538    0
0.159622	1557	0	212.255	5.76679	0	0	0	0	0	0	0	0	0	0	-1410.82	168506	0	0        0   1601      0      0.135538    0.183706    0
0.216349	2705	0	195.8	4.01228	0	0	0	0	0	0	0	0	0	0	-1313.23	294497	0	0        0   2768      0      0.183706    0.248992    0
0.293236	4929	0	199.419	3.02634	0	0	0	0	0	0	0	0	0	0	-1331.96	530407	0	0        0   5045      0      0.248992    0.33748    0
0.397447	9082	0	200.962	2.25039	0	0	0	0	0	0	0	0	0	0	-1346.88	982972	0	0        0   9300      0      0.33748    0.457415    0
0.538693	16552	0	202.157	1.67957	0	0	0	0	0	0	0	0	0	0	-1350.74	1.78959e+06	0	0        0   16985      0      0.457415    0.619972    0
0.730136	30152	0	199.314	1.22467	0	0	0	0	0	0	0	0	0	0	-1335.27	3.26333e+06	0	0        0   30859      0      0.619972    0.8403    0
0.989614	55323	0	200.434	0.910327	0	0	0	0	0	0	0	0	0	0	-1342.81	5.9985e+06	0	0        0   56666      0      0.8403    1.13893    0
1.34131	101194	0	200.102	0.671706	0	0	0	0	0	0	0	0	0	0	-1340.02	1.09609e+07	0	0        0   103639      0      1.13893    1.54368    0
1.81798	184837	0	199.911	0.496387	0	0	0	0	0	0	0	0	0	0	-1339.34	2.00271e+07	0	0        0   189239      0      1.54368    2.09228    0
2.46406	337772	0	200.1	0.367596	0	0	0	0	0	0	0	0	0	0	-1339.8	3.65332e+07	0	0        0   345779      0      2.09228    2.83584    0
3.33975	616697	0	199.83	0.271687	0	0	0	0	0	0	0	0	0	0	-1338.92	6.67914e+07	0	0        0   631287      0      2.83584    3.84365    0
4.52664	1129411	0	200.133	0.201078	0	0	0	0	0	0	0	0	0	0	-1340.71	1.22323e+08	0	0        0   1.15615e+06      0      3.84365    5.20962    0
6.13533	2062537	0	199.803	0.14853	0	0	0	0	0	0	0	0	0	0	-1338.98	2.23476e+08	0	0        0   2.11105e+06      0      5.20962    7.06103    0
8.31572	3760458	0	199.758	0.110003	0	0	0	0	0	0	0	0	0	0	-1338.05	4.0736e+08	0	0        0   3.84988e+06      0      7.06103    9.5704    0
11.271	6841880	0	199.664	0.0815247	0	0	0	0	0	0	0	0	0	0	-1337.35	7.41341e+08	0	0        0   7.00477e+06      0      9.5704    12.9716    0
15.2765	12446407	0	199.719	0.060473	0	0	0	0	0	0	0	0	0	0	-1337.72	1.34904e+09	0	0        0   1.27422e+07      0      12.9716    17.5814    0
20.7055	22569920	0	199.793	0.044934	0	0	0	0	0	0	0	0	0	0	-1338.36	2.44752e+09	0	0        0   2.31046e+07      0      17.5814    23.8296    0
28.0639	40746511	0	199.677	0.0334302	0	0	0	0	0	0	0	0	0	0	-1337.6	4.42063e+09	0	0        0   4.17102e+07      0      23.8296    32.2982    0
38.0373	73267167	0	199.708	0.0249435	0	0	0	0	0	0	0	0	0	0	-1337.79	7.95413e+09	0	0        0   7.49993e+07      0      32.2982    43.7764    0
51.5551	130936452	0	199.841	0.0186808	0	0	0	0	0	0	0	0	0	0	-1338.55	1.42249e+10	0	0        0   1.34031e+08      0      43.7764    59.3338    0
69.8769	231770139	0	199.845	0.0140496	0	0	0	0	0	0	0	0	0	0	-1338.3	2.51964e+10	0	0        0   2.37252e+08      0      59.3338    80.42    0
94.7099	405324727	0	199.897	0.0106335	0	0	0	0	0	0	0	0	0	0	-1338.52	4.41044e+10	0	0        0   4.14912e+08      0      80.42    109    0
