# 1bin_value	2data_points	3sqrt(data_points)	4W	5W_err	6e+	7e+_err	8eX 9eX_err	10e++ 	11e++_err		12eXX	13eXX_err		14e+X	15e+X_err 	16theta          17theta_err       17num_den	18num_err 19LS_err     20wt_num     21wt_num_err  22r_low   23r_high 24sig_crit
0.117769	740	inf	1739.44	94.5437	24.1267	9.91945	3.63391	9.29355	0	0	0	0	0	0	-11430.4	395.045	0	inf        0   0      0      0.1    0.135538    0
0.159622	1113	23.7506	1362.02	59.0068	27.4625	6.71222	0.199494	6.48458	0	0	0	0	0	0	-8999.3	227.688	0	23.7506        0   0      0      0.135538    0.183706    0
0.216349	1498	13.0554	958.721	35.5145	10.012	4.25556	2.78935	4.23759	0	0	0	0	0	0	-6298.9	120.743	0	13.0554        0   0      0      0.183706    0.248992    0
0.293236	2437	9.07591	842.117	24.8018	12.2567	3.07703	-1.32314	3.0345	0	0	0	0	0	0	-5575.59	77.2674	0	9.07591        0   0      0      0.248992    0.33748    0
0.397447	3607	6.48646	651.259	16.2525	5.4405	2.02613	-1.00505	2.07397	0	0	0	0	0	0	-4300.19	45.8482	0	6.48646        0   0      0      0.33748    0.457415    0
0.538693	4826	4.92825	426.013	9.99188	3.79788	1.34657	-1.99651	1.28124	0	0	0	0	0	0	-2793.62	23.5334	0	4.92825        0   0      0      0.457415    0.619972    0
0.730136	6969	3.58145	292.329	6.50306	2.98868	0.880001	-0.742321	0.872497	0	0	0	0	0	0	-1910.97	12.9503	0	3.58145        0   0      0      0.619972    0.8403    0
0.989614	10283	2.72563	196.154	4.31537	1.8203	0.588344	0.0663578	0.579768	0	0	0	0	0	0	-1275.73	7.75508	0	2.72563        0   0      0      0.8403    1.13893    0
1.34131	16127	2.04199	140.757	2.97355	0.865144	0.40737	0.43813	0.402563	0	0	0	0	0	0	-909.43	4.9381	0	2.04199        0   0      0      1.13893    1.54368    0
1.81798	26717	1.52085	107.719	2.09655	0.0468109	0.288304	-0.0593077	0.290628	0	0	0	0	0	0	-704.209	3.30078	0	1.52085        0   0      0      1.54368    2.09228    0
2.46406	45537	1.12482	88.8447	1.50136	0.401747	0.208674	0.471534	0.208318	0	0	0	0	0	0	-561.069	2.25823	0	1.12482        0   0      0      2.09228    2.83584    0
3.33975	77797	0.835179	70.1204	1.08204	0.659179	0.150008	-0.0989266	0.149887	0	0	0	0	0	0	-440.729	1.5919	0	0.835179        0   0      0      2.83584    3.84365    0
4.52664	133907	0.619909	55.2866	0.780509	0.535841	0.107563	0.0810532	0.108012	0	0	0	0	0	0	-337.001	1.11864	0	0.619909        0   0      0      3.84365    5.20962    0
6.13533	233436	0.459956	43.1956	0.566399	0.363449	0.0782098	-0.141924	0.0785936	0	0	0	0	0	0	-258.385	0.803862	0	0.459956        0   0      0      5.20962    7.06103    0
8.31572	406137	0.342828	32.3381	0.411086	0.331083	0.056829	-0.0405775	0.0569813	0	0	0	0	0	0	-184.803	0.581629	0	0.342828        0   0      0      7.06103    9.5704    0
11.271	710406	0.255573	23.4411	0.300023	0.258462	0.0415923	-0.132462	0.0415834	0	0	0	0	0	0	-126.708	0.423193	0	0.255573        0   0      0      9.5704    12.9716    0
15.2765	1250109	0.19079	16.7481	0.219807	0.211963	0.0304832	-0.0756408	0.0304785	0	0	0	0	0	0	-82.4194	0.310134	0	0.19079        0   0      0      12.9716    17.5814    0
20.7055	2212812	0.142437	12.0168	0.161858	0.147931	0.0224168	-0.00144771	0.0224294	0	0	0	0	0	0	-50.6305	0.229111	0	0.142437        0   0      0      17.5814    23.8296    0
28.0639	3911724	0.106699	7.85257	0.119468	0.120127	0.0165391	-0.0213334	0.0165353	0	0	0	0	0	0	-22.3746	0.170476	0	0.106699        0   0      0      23.8296    32.2982    0
38.0373	6908564	0.0800761	4.91644	0.0885985	0.126281	0.0122554	-0.0188869	0.0122553	0	0	0	0	0	0	-2.09318	0.127631	0	0.0800761        0   0      0      32.2982    43.7764    0
51.5551	12167938	0.0602615	2.89463	0.0660122	0.0976073	0.00911585	-0.038953	0.00911973	0	0	0	0	0	0	11.883	0.0961044	0	0.0602615        0   0      0      43.7764    59.3338    0
69.8769	21347274	0.0454649	1.64187	0.0495225	0.0419575	0.00683577	-0.00779659	0.00683909	0	0	0	0	0	0	19.3387	0.0734101	0	0.0454649        0   0      0      59.3338    80.42    0
94.7099	37086451	0.034483	0.730251	0.0374473	0.0267854	0.00517107	-0.0231879	0.00517262	0	0	0	0	0	0	24.5276	0.0565664	0	0.034483        0   0      0      80.42    109    0
