# 1bin_value	2data_points	3sqrt(data_points)	4W	5W_err	6e+	7e+_err	8eX 9eX_err	10e++ 	11e++_err		12eXX	13eXX_err		14e+X	15e+X_err 	16theta          17theta_err       17num_den	18num_err 19LS_err     20wt_num     21wt_num_err  22r_low   23r_high 24sig_crit
0.117769	443	inf	813.296	55.9397	7.40505	7.6082	2.12306	6.74074	0	0	0	0	0	0	-5631.95	185.949	0	inf        0   0      0      0.1    0.135538    0
0.159622	656	18.6941	685.451	39.9061	6.81763	5.54282	5.84655	5.57186	0	0	0	0	0	0	-4598.55	121.682	0	18.6941        0   0      0      0.135538    0.183706    0
0.216349	1019	13.2195	503.773	25.1266	5.10164	3.57414	2.12213	3.55597	0	0	0	0	0	0	-3310.75	68.8041	0	13.2195        0   0      0      0.183706    0.248992    0
0.293236	1733	9.52883	464.597	18.1269	3.44995	2.56799	1.95844	2.58711	0	0	0	0	0	0	-3074.13	47.5671	0	9.52883        0   0      0      0.248992    0.33748    0
0.397447	2756	6.55364	376.772	12.3536	2.76597	1.83041	-0.305926	1.80946	0	0	0	0	0	0	-2469.81	27.7512	0	6.55364        0   0      0      0.33748    0.457415    0
0.538693	3920	4.83487	253.678	8.07188	1.7241	1.1867	0.206698	1.20451	0	0	0	0	0	0	-1658.01	16.1527	0	4.83487        0   0      0      0.457415    0.619972    0
0.730136	6158	3.56673	193.641	5.51317	1.1542	0.822422	0.490225	0.813644	0	0	0	0	0	0	-1254.68	9.80624	0	3.56673        0   0      0      0.619972    0.8403    0
0.989614	9690	2.64247	138.657	3.77941	0.533889	0.558322	-0.273938	0.577373	0	0	0	0	0	0	-901.019	6.25781	0	2.64247        0   0      0      0.8403    1.13893    0
1.34131	15963	1.96598	106.17	2.67254	0.337101	0.403806	-0.338273	0.40132	0	0	0	0	0	0	-682.945	4.1788	0	1.96598        0   0      0      1.13893    1.54368    0
1.81798	26917	1.46536	81.922	1.90485	0.6843	0.285528	0.192011	0.28297	0	0	0	0	0	0	-524.265	2.90549	0	1.46536        0   0      0      1.54368    2.09228    0
2.46406	46727	1.08165	68.5272	1.37842	0.383577	0.206658	-0.299825	0.207047	0	0	0	0	0	0	-431.446	2.02238	0	1.08165        0   0      0      2.09228    2.83584    0
3.33975	81008	0.802257	55.186	0.999145	0.35472	0.149745	-0.195308	0.148682	0	0	0	0	0	0	-338.083	1.42549	0	0.802257        0   0      0      2.83584    3.84365    0
4.52664	141188	0.596186	43.6368	0.725884	0.183178	0.108762	0.147728	0.108248	0	0	0	0	0	0	-263.628	1.02498	0	0.596186        0   0      0      3.84365    5.20962    0
6.13533	247463	0.441656	33.6122	0.527351	0.216886	0.0786949	-0.0826797	0.0787665	0	0	0	0	0	0	-197.868	0.738141	0	0.441656        0   0      0      5.20962    7.06103    0
8.31572	433042	0.329138	23.9548	0.383927	0.114351	0.0572815	0.201163	0.0573496	0	0	0	0	0	0	-135.15	0.53576	0	0.329138        0   0      0      7.06103    9.5704    0
11.271	764348	0.245035	17.5129	0.281314	0.120973	0.0419166	0.0361894	0.0419813	0	0	0	0	0	0	-90.2633	0.391072	0	0.245035        0   0      0      9.5704    12.9716    0
15.2765	1354801	0.182602	12.1362	0.206632	0.172641	0.0307288	0.040769	0.0307675	0	0	0	0	0	0	-53.6476	0.285952	0	0.182602        0   0      0      12.9716    17.5814    0
20.7055	2409666	0.13619	8.28299	0.152365	0.0914477	0.0226795	0.101751	0.0226877	0	0	0	0	0	0	-28.1247	0.211262	0	0.13619        0   0      0      17.5814    23.8296    0
28.0639	4286734	0.101786	5.16683	0.112798	0.0151293	0.0167739	0.0388586	0.0167775	0	0	0	0	0	0	-6.88733	0.157772	0	0.101786        0   0      0      23.8296    32.2982    0
38.0373	7615666	0.0762168	2.82548	0.0838212	0.0278292	0.0124386	-0.0427502	0.0124608	0	0	0	0	0	0	8.4466	0.118206	0	0.0762168        0   0      0      32.2982    43.7764    0
51.5551	13473484	0.0572456	1.03239	0.0625681	0.00832013	0.00928842	-0.00530108	0.00929919	0	0	0	0	0	0	20.6345	0.0895254	0	0.0572456        0   0      0      43.7764    59.3338    0
69.8769	23748857	0.0430967	0.200881	0.0470157	0.0200675	0.00698419	-0.0330459	0.00698102	0	0	0	0	0	0	26.1554	0.0681748	0	0.0430967        0   0      0      59.3338    80.42    0
94.7099	41487434	0.0325978	-0.398849	0.0355831	0.00784076	0.00527966	-0.019639	0.00528018	0	0	0	0	0	0	29.3802	0.0522792	0	0.0325978        0   0      0      80.42    109    0
