# 1bin_value	2data_points	3sqrt(data_points)	4W	5W_err	6e+	7e+_err	8eX 9eX_err	10e++ 	11e++_err		12eXX	13eXX_err		14e+X	15e+X_err 	16theta          17theta_err       17num_den	18num_err 19LS_err     20wt_num     21wt_num_err  22r_low   23r_high 24sig_crit
0.117769	441	inf	805.967	55.7594	7.33649	7.59354	1.60134	6.72333	0	0	0	0	0	0	-5581.68	186.04	0	inf        0   0      0      0.1    0.135538    0
0.159622	650	18.7212	678.463	39.8312	7.10551	5.54353	6.37337	5.56722	0	0	0	0	0	0	-4537.77	122.495	0	18.7212        0   0      0      0.135538    0.183706    0
0.216349	1013	13.282	499.684	25.1011	5.95556	3.57444	2.05474	3.55251	0	0	0	0	0	0	-3282.33	69.4825	0	13.282        0   0      0      0.183706    0.248992    0
0.293236	1732	9.51733	464.09	18.1252	3.76875	2.56795	1.81593	2.58828	0	0	0	0	0	0	-3070.69	47.7752	0	9.51733        0   0      0      0.248992    0.33748    0
0.397447	2743	6.57055	374.43	12.3641	2.50774	1.83385	-0.224518	1.81164	0	0	0	0	0	0	-2455.66	28.0974	0	6.57055        0   0      0      0.33748    0.457415    0
0.538693	3922	4.84488	253.706	8.08961	1.65764	1.18907	0.0705362	1.20678	0	0	0	0	0	0	-1660.98	16.2559	0	4.84488        0   0      0      0.457415    0.619972    0
0.730136	6149	3.56774	193.432	5.51952	1.28055	0.823294	0.355015	0.814532	0	0	0	0	0	0	-1252.53	9.89294	0	3.56774        0   0      0      0.619972    0.8403    0
0.989614	9681	2.64465	138.397	3.78578	0.585837	0.559207	-0.373547	0.578262	0	0	0	0	0	0	-900.42	6.28717	0	2.64465        0   0      0      0.8403    1.13893    0
1.34131	15968	1.96558	106.517	2.67684	0.372456	0.404422	-0.24102	0.401962	0	0	0	0	0	0	-686.543	4.17055	0	1.96558        0   0      0      1.13893    1.54368    0
1.81798	26968	1.46329	82.7594	1.90762	0.716283	0.28593	0.240239	0.283364	0	0	0	0	0	0	-530.448	2.86525	0	1.46329        0   0      0      1.54368    2.09228    0
2.46406	46698	1.08201	68.4478	1.38055	0.362815	0.206974	-0.293629	0.207361	0	0	0	0	0	0	-432.03	2.04039	0	1.08201        0   0      0      2.09228    2.83584    0
3.33975	80859	0.803045	54.969	1.00103	0.314201	0.150028	-0.176677	0.148959	0	0	0	0	0	0	-337.404	1.45453	0	0.803045        0   0      0      2.83584    3.84365    0
4.52664	141075	0.596397	43.702	0.727148	0.172112	0.10895	0.154481	0.108435	0	0	0	0	0	0	-264.474	1.03705	0	0.596397        0   0      0      3.84365    5.20962    0
6.13533	247371	0.441739	33.7539	0.528413	0.206963	0.0788521	-0.0839261	0.0789233	0	0	0	0	0	0	-199.681	0.744289	0	0.441739        0   0      0      5.20962    7.06103    0
8.31572	432893	0.32919	24.1143	0.384746	0.117544	0.0574026	0.211421	0.0574706	0	0	0	0	0	0	-137.009	0.540655	0	0.32919        0   0      0      7.06103    9.5704    0
11.271	763503	0.245172	17.6119	0.281998	0.128129	0.0420178	0.0389934	0.0420826	0	0	0	0	0	0	-91.7011	0.396829	0	0.245172        0   0      0      9.5704    12.9716    0
15.2765	1352337	0.182764	12.1698	0.2072	0.169424	0.0308129	0.0322081	0.0308517	0	0	0	0	0	0	-54.6173	0.292117	0	0.182764        0   0      0      12.9716    17.5814    0
20.7055	2403996	0.136351	8.30824	0.15284	0.086978	0.02275	0.0937616	0.0227582	0	0	0	0	0	0	-28.8804	0.217179	0	0.136351        0   0      0      17.5814    23.8296    0
28.0639	4274946	0.101925	5.23118	0.113197	0.016755	0.016833	0.0368594	0.0168367	0	0	0	0	0	0	-7.91868	0.162721	0	0.101925        0   0      0      23.8296    32.2982    0
38.0373	7589025	0.0763492	2.81133	0.0841657	0.0313482	0.0124896	-0.0397227	0.0125119	0	0	0	0	0	0	7.60335	0.122672	0	0.0763492        0   0      0      32.2982    43.7764    0
51.5551	13420896	0.0573583	1.06169	0.0628755	0.015502	0.00933392	-0.00632051	0.00934474	0	0	0	0	0	0	19.3989	0.0932727	0	0.0573583        0   0      0      43.7764    59.3338    0
69.8769	23626803	0.0432088	0.235041	0.0472927	0.0272408	0.00702527	-0.0348441	0.00702208	0	0	0	0	0	0	25.0008	0.0716875	0	0.0432088        0   0      0      59.3338    80.42    0
94.7099	41200993	0.0327118	-0.332219	0.0358425	0.00732724	0.00531813	-0.0198682	0.00531865	0	0	0	0	0	0	28.1691	0.055669	0	0.0327118        0   0      0      80.42    109    0
