# 1bin_value	2data_points	3sqrt(data_points)	4W	5W_err	6e+	7e+_err	8eX 9eX_err	10e++ 	11e++_err		12eXX	13eXX_err		14e+X	15e+X_err 	16theta          17theta_err       17num_den	18num_err 19LS_err     20wt_num     21wt_num_err  22r_low   23r_high 24sig_crit
0.117769	792	0	192.748	7.22818	-0.289032	1.10811	-0.546825	1.11584	0	0	0	0	0	0	-54269.2	16.6311	0	0        0   792      0      0.1    0.135538    0
0.159622	1448	0	195.129	5.40276	-0.877364	0.824198	-0.834308	0.810813	0	0	0	0	0	0	-99232.4	12.4452	0	0        0   1448      0      0.135538    0.183706    0
0.216349	2815	0	205.681	4.10293	0.525859	0.62599	-0.270753	0.613642	0	0	0	0	0	0	-193349	9.77518	0	0        0   2815      0      0.183706    0.248992    0
0.293236	5044	0	202.911	3.01896	-0.0567839	0.448838	-0.564926	0.452067	0	0	0	0	0	0	-344606	7.10116	0	0        0   5044      0      0.248992    0.33748    0
0.397447	9236	0	204.126	2.24229	0.178546	0.336407	-0.228306	0.337423	0	0	0	0	0	0	-633175	5.24712	0	0        0   9236      0      0.33748    0.457415    0
0.538693	16848	0	202.774	1.65012	0.165893	0.247985	0.269712	0.246251	0	0	0	0	0	0	-1.1554e+06	3.88546	0	0        0   16848      0      0.457415    0.619972    0
0.730136	30534	0	200.463	1.20978	0.220376	0.180648	0.153881	0.182204	0	0	0	0	0	0	-2.09345e+06	2.81601	0	0        0   30534      0      0.619972    0.8403    0
0.989614	55763	0	199.961	0.893318	0.157073	0.134181	-0.0326599	0.134696	0	0	0	0	0	0	-3.82371e+06	2.08443	0	0        0   55763      0      0.8403    1.13893    0
1.34131	102099	0	200.242	0.661028	0.0902535	0.0993442	-0.0583795	0.0990695	0	0	0	0	0	0	-7.00163e+06	1.54062	0	0        0   102099      0      1.13893    1.54368    0
1.81798	187147	0	200.871	0.490074	-0.031087	0.0734447	0.068566	0.0735464	0	0	0	0	0	0	-1.2836e+07	1.14824	0	0        0   187147      0      1.54368    2.09228    0
2.46406	342548	0	201.385	0.363164	-0.00915554	0.0544346	0.0376667	0.0544392	0	0	0	0	0	0	-2.34989e+07	0.850932	0	0        0   342548      0      2.09228    2.83584    0
3.33975	626845	0	201.833	0.269067	-0.0145533	0.0403528	0.00241631	0.0402897	0	0	0	0	0	0	-4.30021e+07	0.630539	0	0        0   626845      0      2.83584    3.84365    0
4.52664	1145285	0	201.622	0.198885	0.0249999	0.0298179	-0.0195706	0.0298127	0	0	0	0	0	0	-7.85564e+07	0.4667	0	0        0   1.14528e+06      0      3.84365    5.20962    0
6.13533	2095938	0	201.827	0.147186	0.016569	0.0220616	-0.0430651	0.0220499	0	0	0	0	0	0	-1.43763e+08	0.345762	0	0        0   2.09594e+06      0      5.20962    7.06103    0
8.31572	3827987	0	202.008	0.109024	0.00422396	0.0163208	-0.0359639	0.0163355	0	0	0	0	0	0	-2.62495e+08	0.256337	0	0        0   3.82799e+06      0      7.06103    9.5704    0
11.271	6973220	0	202.176	0.0808607	0.0054023	0.0121102	0.00081009	0.0121142	0	0	0	0	0	0	-4.78259e+08	0.190409	0	0        0   6.97322e+06      0      9.5704    12.9716    0
15.2765	12686008	0	202.295	0.0600004	0.00906181	0.00898603	0.00978109	0.00899065	0	0	0	0	0	0	-8.69924e+08	0.141515	0	0        0   1.2686e+07      0      12.9716    17.5814    0
20.7055	23002217	0	202.413	0.0446023	-0.0176179	0.00667985	-0.000768898	0.00668011	0	0	0	0	0	0	-1.5773e+09	0.105496	0	0        0   2.30022e+07      0      17.5814    23.8296    0
28.0639	41576365	0	202.626	0.033227	-0.000675985	0.0049739	0.00389145	0.00497447	0	0	0	0	0	0	-2.85087e+09	0.0788684	0	0        0   4.15764e+07      0      23.8296    32.2982    0
38.0373	74716654	0	202.679	0.0248076	-0.00945417	0.00371204	0.0049315	0.00371324	0	0	0	0	0	0	-5.12284e+09	0.0591331	0	0        0   7.47167e+07      0      32.2982    43.7764    0
51.5551	133394557	0	202.714	0.0185847	-0.0189585	0.00277933	0.0231662	0.00277936	0	0	0	0	0	0	-9.14516e+09	0.0445452	0	0        0   1.33395e+08      0      43.7764    59.3338    0
69.8769	236038315	0	202.808	0.0139917	-0.00150909	0.00209111	0.0362724	0.00209174	0	0	0	0	0	0	-1.61808e+10	0.0337621	0	0        0   2.36038e+08      0      59.3338    80.42    0
94.7099	413257946	0	203.168	0.0106037	0.0265003	0.0015832	0.0371773	0.00158452	0	0	0	0	0	0	-2.83274e+10	0.025748	0	0        0   4.13258e+08      0      80.42    109    0
