# 1bin_value	2data_points	3sqrt(data_points)	4W	5W_err	6e+	7e+_err	8eX 9eX_err	10e++ 	11e++_err		12eXX	13eXX_err		14e+X	15e+X_err 	16theta          17theta_err       17num_den	18num_err 19LS_err     20wt_num     21wt_num_err  22r_low   23r_high 24sig_crit
0.117769	743	0	1989.49	97.1977	18.4623	11.7936	6.58018	10.9064	0	0	0	0	0	0	-50962.4	397.393	0	0        0   795      0      0.1    0.135538    0
0.159622	1126	0	1572.07	58.4047	29.9185	7.76892	-4.21427	7.50219	0	0	0	0	0	0	-77417.6	213.312	0	0        0   1211      0      0.135538    0.183706    0
0.216349	1520	0	1230.01	37.9075	9.70064	5.27115	2.78508	5.3238	0	0	0	0	0	0	-104197	124.483	0	0        0   1632      0      0.183706    0.248992    0
0.293236	2455	0	1053.27	24.9002	7.07693	5.6867	2.06217	4.75398	0	0	0	0	0	0	-169568	72.3722	0	0        0   2646      0      0.248992    0.33748    0
0.397447	3647	0	859.027	16.2264	5.58678	2.41734	-1.8879	2.45532	0	0	0	0	0	0	-250744	41.8923	0	0        0   3928      0      0.33748    0.457415    0
0.538693	4875	0	633.683	9.93382	3.05283	1.62208	-2.46469	1.53491	0	0	0	0	0	0	-333796	21.6074	0	0        0   5217      0      0.457415    0.619972    0
0.730136	7015	0	497.439	6.40523	3.03274	1.02896	-0.0997219	1.03328	0	0	0	0	0	0	-481249	11.8523	0	0        0   7440      0      0.619972    0.8403    0
0.989614	10388	0	401.616	4.17672	0.946063	1.1274	-0.169867	0.773038	0	0	0	0	0	0	-711262	6.70936	0	0        0   10980      0      0.8403    1.13893    0
1.34131	16295	0	346.049	2.85008	1.13482	0.478941	0.472149	0.469516	0	0	0	0	0	0	-1.11692e+06	4.16197	0	0        0   17205      0      1.13893    1.54368    0
1.81798	26945	0	313.385	2.00097	0.0477019	0.337449	0.11798	0.377876	0	0	0	0	0	0	-1.84944e+06	2.76082	0	0        0   28345      0      1.54368    2.09228    0
2.46406	45947	0	292.222	1.41867	0.243886	0.319504	0.30345	0.301018	0	0	0	0	0	0	-3.1513e+06	1.84101	0	0        0   48214      0      2.09228    2.83584    0
3.33975	78530	0	274.876	1.02321	0.537402	0.186317	-0.199052	0.183323	0	0	0	0	0	0	-5.38556e+06	1.26098	0	0        0   82593      0      2.83584    3.84365    0
4.52664	135098	0	259.578	0.734304	0.48291	0.13756	0.0375852	0.130555	0	0	0	0	0	0	-9.26024e+06	0.882561	0	0        0   142111      0      3.84365    5.20962    0
6.13533	235611	0	247.762	0.529928	0.351406	0.095337	-0.246785	0.0954615	0	0	0	0	0	0	-1.61558e+07	0.618479	0	0        0   247635      0      5.20962    7.06103    0
8.31572	410281	0	236.341	0.382427	0.323758	0.0711012	0.0238657	0.074068	0	0	0	0	0	0	-2.81162e+07	0.439149	0	0        0   430352      0      7.06103    9.5704    0
11.271	718104	0	227.751	0.278178	0.259188	0.0568347	-0.0882695	0.0582348	0	0	0	0	0	0	-4.92308e+07	0.313815	0	0        0   753478      0      9.5704    12.9716    0
15.2765	1264171	0	220.692	0.203114	0.227181	0.0425639	-0.0349798	0.0428169	0	0	0	0	0	0	-8.66943e+07	0.227536	0	0        0   1.32582e+06      0      12.9716    17.5814    0
20.7055	2238850	0	215.816	0.149185	0.160454	0.0315187	-0.0164291	0.0340457	0	0	0	0	0	0	-1.53537e+08	0.166481	0	0        0   2.34676e+06      0      17.5814    23.8296    0
28.0639	3961772	0	211.65	0.109979	0.10803	0.0226831	0.0134441	0.0236485	0	0	0	0	0	0	-2.71674e+08	0.12218	0	0        0   4.15256e+06      0      23.8296    32.2982    0
38.0373	7004941	0	208.333	0.0813885	0.127027	0.0167223	0.0128678	0.016989	0	0	0	0	0	0	-4.80279e+08	0.0901506	0	0        0   7.34126e+06      0      32.2982    43.7764    0
51.5551	12352552	0	205.686	0.0604921	0.126232	0.0126656	0.00428262	0.0122135	0	0	0	0	0	0	-8.46769e+08	0.0670192	0	0        0   1.29415e+07      0      43.7764    59.3338    0
69.8769	21715566	0	204.286	0.0453124	0.0595461	0.00925274	0.0443848	0.00911875	0	0	0	0	0	0	-1.48839e+09	0.0502409	0	0        0   2.2745e+07      0      59.3338    80.42    0
94.7099	37790493	0	203.398	0.0342137	0.0517313	0.00691276	0.0338748	0.00699365	0	0	0	0	0	0	-2.59031e+09	0.0382668	0	0        0   3.95877e+07      0      80.42    109    0
