# 1bin_value	2data_points	3sqrt(data_points)	4W	5W_err	6e+	7e+_err	8eX 9eX_err	10e++ 	11e++_err		12eXX	13eXX_err		14e+X	15e+X_err 	16theta          17theta_err       17num_den	18num_err 19LS_err     20wt_num     21wt_num_err  22r_low   23r_high 24sig_crit
0.117769	825	0	205.047	7.5332	-1.14461	0.905021	-0.510117	0.92951	0	0	0	0	0	0	-56898.5	17.519	0	0        0   825      0      0.1    0.135538    0
0.159622	1516	0	206.426	5.60909	-0.815884	0.701382	0.829545	0.692785	0	0	0	0	0	0	-104033	13.2581	0	0        0   1516      0      0.135538    0.183706    0
0.216349	2719	0	197.27	3.98056	-0.371885	0.508926	-0.0853829	0.489408	0	0	0	0	0	0	-186046	9.05779	0	0        0   2719      0      0.183706    0.248992    0
0.293236	5019	0	203.332	3.02991	0.365452	0.369966	-0.911209	0.374059	0	0	0	0	0	0	-344452	7.06606	0	0        0   5019      0      0.248992    0.33748    0
0.397447	9062	0	200.507	2.22188	0.29912	0.272443	-0.156283	0.27671	0	0	0	0	0	0	-621076	5.17997	0	0        0   9062      0      0.33748    0.457415    0
0.538693	16713	0	203.793	1.66348	-0.159703	0.206208	-0.105981	0.206967	0	0	0	0	0	0	-1.14607e+06	3.89308	0	0        0   16713      0      0.457415    0.619972    0
0.730136	30393	0	201.084	1.21544	0.234818	0.14965	-0.385893	0.149947	0	0	0	0	0	0	-2.08537e+06	2.814	0	0        0   30393      0      0.619972    0.8403    0
0.989614	55171	0	199.976	0.897423	0.0641598	0.111696	0.0129776	0.110881	0	0	0	0	0	0	-3.78204e+06	2.08049	0	0        0   55171      0      0.8403    1.13893    0
1.34131	101455	0	200.662	0.663906	-0.0812486	0.0820473	-0.100381	0.0823993	0	0	0	0	0	0	-6.95786e+06	1.53638	0	0        0   101455      0      1.13893    1.54368    0
1.81798	186586	0	201.885	0.492772	0.0382702	0.0609152	0.0313915	0.0610232	0	0	0	0	0	0	-1.28011e+07	1.14613	0	0        0   186586      0      1.54368    2.09228    0
2.46406	340444	0	201.786	0.364574	0.0201633	0.0451479	-0.0681081	0.0451599	0	0	0	0	0	0	-2.33383e+07	0.84594	0	0        0   340444      0      2.09228    2.83584    0
3.33975	623152	0	202.011	0.269819	0.00471222	0.0334243	-0.0320102	0.0333917	0	0	0	0	0	0	-4.27473e+07	0.627309	0	0        0   623152      0      2.83584    3.84365    0
4.52664	1140416	0	202.172	0.199638	0.021028	0.0247409	-0.0180009	0.0247346	0	0	0	0	0	0	-7.82032e+07	0.464588	0	0        0   1.14042e+06      0      3.84365    5.20962    0
6.13533	2081738	0	201.766	0.147458	0.0310178	0.018264	0.0092847	0.0182735	0	0	0	0	0	0	-1.42748e+08	0.343007	0	0        0   2.08174e+06      0      5.20962    7.06103    0
8.31572	3802794	0	202.032	0.109258	0.0256542	0.0135467	0.0210827	0.0135414	0	0	0	0	0	0	-2.6077e+08	0.254375	0	0        0   3.80279e+06      0      7.06103    9.5704    0
11.271	6931888	0	202.274	0.0810236	-0.0144701	0.0100351	-0.0211098	0.0100386	0	0	0	0	0	0	-4.7539e+08	0.188659	0	0        0   6.93189e+06      0      9.5704    12.9716    0
15.2765	12615312	0	202.369	0.0600939	0.0138566	0.00744256	-0.0175555	0.00744244	0	0	0	0	0	0	-8.65108e+08	0.140001	0	0        0   1.26153e+07      0      12.9716    17.5814    0
20.7055	22880777	0	202.428	0.0446354	0.0194803	0.00552733	-0.00616403	0.00552834	0	0	0	0	0	0	-1.56901e+09	0.103987	0	0        0   2.28808e+07      0      17.5814    23.8296    0
28.0639	41356732	0	202.467	0.0332071	0.0122138	0.004111	-0.00594474	0.00411222	0	0	0	0	0	0	-2.83578e+09	0.077359	0	0        0   4.13567e+07      0      23.8296    32.2982    0
38.0373	74348217	0	202.323	0.0247472	0.0165216	0.00306353	-0.0032906	0.00306397	0	0	0	0	0	0	-5.09727e+09	0.0575973	0	0        0   7.43482e+07      0      32.2982    43.7764    0
51.5551	132835804	0	202.215	0.0185017	0.019148	0.00229098	0.0069574	0.0022906	0	0	0	0	0	0	-9.1062e+09	0.042998	0	0        0   1.32836e+08      0      43.7764    59.3338    0
69.8769	235436868	0	202.202	0.0138939	0.0353898	0.00172088	0.00478861	0.00172075	0	0	0	0	0	0	-1.61365e+10	0.0322265	0	0        0   2.35437e+08      0      59.3338    80.42    0
94.7099	412739130	0	202.404	0.0105024	0.0334892	0.00130098	-0.00324146	0.00130055	0	0	0	0	0	0	-2.82829e+10	0.0243172	0	0        0   4.12739e+08      0      80.42    109    0
