# 1bin_value	2data_points	3sqrt(data_points)	4W	5W_err	6e+	7e+_err	8eX 9eX_err	10e++ 	11e++_err		12eXX	13eXX_err		14e+X	15e+X_err 	16theta          17theta_err       17num_den	18num_err 19LS_err     20wt_num     21wt_num_err  22r_low   23r_high 24sig_crit
0.117769	814	0	196.123	7.2513	0.567469	0.899588	-1.02554	0.961433	0	0	0	0	0	0	-55767.1	16.735	0	0        0   814      0      0.1    0.135538    0
0.159622	1512	0	202.512	5.50045	-0.183703	0.686947	0.562934	0.663003	0	0	0	0	0	0	-103443	12.8357	0	0        0   1512      0      0.135538    0.183706    0
0.216349	2856	0	206.713	4.0952	-0.63966	0.529627	-0.970164	0.519421	0	0	0	0	0	0	-196076	9.79233	0	0        0   2856      0      0.183706    0.248992    0
0.293236	5116	0	202.608	2.99352	-0.155318	0.381059	-0.560894	0.381938	0	0	0	0	0	0	-350582	7.09348	0	0        0   5116      0      0.248992    0.33748    0
0.397447	9045	0	197.121	2.18747	-0.170859	0.276826	0.311412	0.274348	0	0	0	0	0	0	-620852	5.10975	0	0        0   9045      0      0.33748    0.457415    0
0.538693	16732	0	199.107	1.62476	0.239892	0.206181	-0.203475	0.206671	0	0	0	0	0	0	-1.14851e+06	3.81102	0	0        0   16732      0      0.457415    0.619972    0
0.730136	30854	0	200.447	1.20505	-0.163573	0.153884	-0.058009	0.155538	0	0	0	0	0	0	-2.11595e+06	2.83459	0	0        0   30854      0      0.619972    0.8403    0
0.989614	56429	0	200.927	0.893374	0.0714995	0.113221	0.142658	0.113911	0	0	0	0	0	0	-3.87058e+06	2.10518	0	0        0   56429      0      0.8403    1.13893    0
1.34131	103297	0	200.573	0.659123	0.0466832	0.0836582	-0.0294011	0.0837861	0	0	0	0	0	0	-7.08435e+06	1.55298	0	0        0   103297      0      1.13893    1.54368    0
1.81798	188923	0	200.724	0.487812	0.0580672	0.0623453	0.101495	0.0621795	0	0	0	0	0	0	-1.29559e+07	1.15088	0	0        0   188923      0      1.54368    2.09228    0
2.46406	345612	0	201.413	0.361942	-0.0321184	0.0461777	-0.00979167	0.0461215	0	0	0	0	0	0	-2.3708e+07	0.854381	0	0        0   345612      0      2.09228    2.83584    0
3.33975	631275	0	201.331	0.267735	0.00154	0.0341671	0.0110386	0.0342072	0	0	0	0	0	0	-4.32956e+07	0.632384	0	0        0   631275      0      2.83584    3.84365    0
4.52664	1155789	0	201.465	0.197996	0.00933629	0.0252698	0.0222884	0.0252187	0	0	0	0	0	0	-7.92652e+07	0.467593	0	0        0   1.15579e+06      0      3.84365    5.20962    0
6.13533	2111981	0	201.329	0.146386	0.00245574	0.0186842	-0.00472871	0.0186714	0	0	0	0	0	0	-1.44836e+08	0.345997	0	0        0   2.11198e+06      0      5.20962    7.06103    0
8.31572	3857463	0	201.576	0.108469	0.0107783	0.0138361	0.0110426	0.0138238	0	0	0	0	0	0	-2.64515e+08	0.256694	0	0        0   3.85746e+06      0      7.06103    9.5704    0
11.271	7031577	0	201.816	0.0804509	-0.00979823	0.0102604	0.0178825	0.0102581	0	0	0	0	0	0	-4.82208e+08	0.190693	0	0        0   7.03158e+06      0      9.5704    12.9716    0
15.2765	12780659	0	201.717	0.0596563	-0.0175407	0.00760864	0.0070123	0.00760536	0	0	0	0	0	0	-8.76409e+08	0.141582	0	0        0   1.27807e+07      0      12.9716    17.5814    0
20.7055	23165833	0	201.777	0.0443362	-0.0170938	0.00565466	-0.0113125	0.00565254	0	0	0	0	0	0	-1.58859e+09	0.105422	0	0        0   2.31658e+07      0      17.5814    23.8296    0
28.0639	41872992	0	201.954	0.0330197	-0.0202353	0.00420897	-0.00684548	0.00420899	0	0	0	0	0	0	-2.87129e+09	0.0787411	0	0        0   4.1873e+07      0      23.8296    32.2982    0
38.0373	75265867	0	201.986	0.0246434	-0.0149551	0.00314121	-0.00184176	0.00314034	0	0	0	0	0	0	-5.16045e+09	0.0589393	0	0        0   7.52659e+07      0      32.2982    43.7764    0
51.5551	134455032	0	202.055	0.0184532	-0.0127564	0.00235098	0.00624382	0.00235062	0	0	0	0	0	0	-9.21756e+09	0.0442744	0	0        0   1.34455e+08      0      43.7764    59.3338    0
69.8769	238122187	0	202.162	0.0138809	-0.00652342	0.00176756	0.00337868	0.00176734	0	0	0	0	0	0	-1.63222e+10	0.0334067	0	0        0   2.38122e+08      0      59.3338    80.42    0
94.7099	417285779	0	202.503	0.0105059	-0.00302917	0.00133686	0.00151226	0.00133665	0	0	0	0	0	0	-2.85999e+10	0.0253002	0	0        0   4.17286e+08      0      80.42    109    0
