# 1bin_value	2data_points	3sqrt(data_points)	4W	5W_err	6e+	7e+_err	8eX 9eX_err	10e++ 	11e++_err		12eXX	13eXX_err		14e+X	15e+X_err 	16theta          17theta_err       17num_den	18num_err 19LS_err     20wt_num     21wt_num_err  22r_low   23r_high 24sig_crit
0.117769	597	32.3071	1078.01	64.0225	17.3928	7.296	4.10758	7.18492	0	0	0	0	0	0	-7222.18	236.783	0	32.3071        0   0      0      0.1    0.135538    0
0.159622	831	20.8605	801.075	41.1455	11.5021	4.84122	6.46008	4.52074	0	0	0	0	0	0	-5344.12	133.089	0	20.8605        0   0      0      0.135538    0.183706    0
0.216349	1264	14.0889	678.735	28.4495	8.06906	3.41052	2.94846	3.28346	0	0	0	0	0	0	-4402.8	86.1721	0	14.0889        0   0      0      0.183706    0.248992    0
0.293236	2160	8.94484	618.139	20.2036	6.33289	2.55582	0.338326	2.4701	0	0	0	0	0	0	-4098.72	58.1776	0	8.94484        0   0      0      0.248992    0.33748    0
0.397447	3239	6.42791	473.969	13.2308	5.35202	1.68021	0.786687	1.63084	0	0	0	0	0	0	-3114.94	33.3193	0	6.42791        0   0      0      0.33748    0.457415    0
0.538693	4390	4.78647	303.594	8.42971	2.97073	1.11467	-2.57901	1.09454	0	0	0	0	0	0	-1988.52	17.5269	0	4.78647        0   0      0      0.457415    0.619972    0
0.730136	6589	3.54018	215.065	5.59422	1.75366	0.750906	-0.362694	0.74132	0	0	0	0	0	0	-1393.97	10.3479	0	3.54018        0   0      0      0.619972    0.8403    0
0.989614	10465	2.61098	159.938	3.88401	0.428866	0.511242	-0.490502	0.508685	0	0	0	0	0	0	-1029.16	6.63894	0	2.61098        0   0      0      0.8403    1.13893    0
1.34131	16615	1.95989	111.123	2.67924	0.983095	0.359816	-0.502371	0.35358	0	0	0	0	0	0	-719.559	4.25727	0	1.95989        0   0      0      1.13893    1.54368    0
1.81798	27943	1.46464	88.8502	1.9127	0.607917	0.253655	-0.022503	0.252378	0	0	0	0	0	0	-566.823	2.92774	0	1.46464        0   0      0      1.54368    2.09228    0
2.46406	48788	1.07105	76.4998	1.38633	0.404796	0.184757	-0.0118999	0.184139	0	0	0	0	0	0	-480.605	2.04849	0	1.07105        0   0      0      2.09228    2.83584    0
3.33975	84121	0.795162	61.5337	1.00135	0.470505	0.132439	-0.111757	0.133414	0	0	0	0	0	0	-380.134	1.44139	0	0.795162        0   0      0      2.83584    3.84365    0
4.52664	144688	0.592685	46.0801	0.722702	0.255171	0.0959615	-0.152128	0.0958306	0	0	0	0	0	0	-276.9	1.02256	0	0.592685        0   0      0      3.84365    5.20962    0
6.13533	252380	0.439735	35.1119	0.523731	0.247723	0.0693941	0.0980075	0.0696751	0	0	0	0	0	0	-203.861	0.733696	0	0.439735        0   0      0      5.20962    7.06103    0
8.31572	444160	0.32606	27.0106	0.382033	0.152777	0.0506368	0.0727953	0.0506401	0	0	0	0	0	0	-149.091	0.52923	0	0.32606        0   0      0      7.06103    9.5704    0
11.271	781569	0.242888	19.3485	0.27969	0.149308	0.0370716	-0.0271066	0.0370708	0	0	0	0	0	0	-99.1726	0.385933	0	0.242888        0   0      0      9.5704    12.9716    0
15.2765	1386022	0.180804	14.1594	0.205374	0.158904	0.0271772	-0.0138249	0.0271388	0	0	0	0	0	0	-63.4491	0.283027	0	0.180804        0   0      0      12.9716    17.5814    0
20.7055	2453115	0.135067	9.21465	0.151093	0.145513	0.0199479	-0.0103616	0.0199579	0	0	0	0	0	0	-29.953	0.207811	0	0.135067        0   0      0      17.5814    23.8296    0
28.0639	4359294	0.100967	5.6383	0.111691	0.148597	0.0147362	-0.00730179	0.014741	0	0	0	0	0	0	-6.77117	0.153907	0	0.100967        0   0      0      23.8296    32.2982    0
38.0373	7745576	0.0755837	3.15371	0.0829012	0.0874416	0.0109396	0.0255197	0.0109411	0	0	0	0	0	0	10.1205	0.114084	0	0.0755837        0   0      0      32.2982    43.7764    0
51.5551	13719106	0.056723	1.09662	0.0618065	0.0595917	0.00813912	0.0148061	0.00815171	0	0	0	0	0	0	23.4009	0.0847183	0	0.056723        0   0      0      43.7764    59.3338    0
69.8769	24219120	0.0426713	0.106607	0.0463768	0.0369895	0.00610605	0.0112008	0.00610853	0	0	0	0	0	0	29.0434	0.0633318	0	0.0426713        0   0      0      59.3338    80.42    0
94.7099	42405511	0.0322411	-0.208963	0.0350898	0.0317829	0.00461805	0.0107039	0.004621	0	0	0	0	0	0	30.7445	0.0477418	0	0.0322411        0   0      0      80.42    109    0
