# 1bin_value	2data_points	3sqrt(data_points)	4W	5W_err	6e+	7e+_err	8eX 9eX_err	10e++ 	11e++_err		12eXX	13eXX_err		14e+X	15e+X_err 	16theta          17theta_err       17num_den	18num_err 19LS_err     20wt_num     21wt_num_err  22r_low   23r_high 24sig_crit
0.117769	742	inf	1742.51	94.3214	23.8403	9.91442	4.11109	9.28157	0	0	0	0	0	0	-11448.5	392.94	0	inf        0   0      0      0.1    0.135538    0
0.159622	1117	23.2503	1364.57	58.8206	28.8	6.69626	0.212605	6.45975	0	0	0	0	0	0	-9009.47	226.17	0	23.2503        0   0      0      0.135538    0.183706    0
0.216349	1507	12.9162	964.878	35.601	9.47596	4.26467	3.43928	4.24359	0	0	0	0	0	0	-6354.2	120.613	0	12.9162        0   0      0      0.183706    0.248992    0
0.293236	2432	9.07072	839.496	24.795	12.3625	3.07798	-1.27277	3.03652	0	0	0	0	0	0	-5563.23	77.3701	0	9.07072        0   0      0      0.248992    0.33748    0
0.397447	3602	6.47316	649.657	16.2123	5.6711	2.02103	-0.793471	2.07007	0	0	0	0	0	0	-4285.55	45.6207	0	6.47316        0   0      0      0.33748    0.457415    0
0.538693	4820	4.92811	425.353	9.98999	3.76619	1.34648	-1.99965	1.281	0	0	0	0	0	0	-2792.32	23.4949	0	4.92811        0   0      0      0.457415    0.619972    0
0.730136	6943	3.58776	290.206	6.49971	3.06764	0.879799	-0.836028	0.87251	0	0	0	0	0	0	-1899.97	13.1426	0	3.58776        0   0      0      0.619972    0.8403    0
0.989614	10266	2.72388	195.352	4.31555	1.92026	0.58842	-0.0483119	0.579828	0	0	0	0	0	0	-1273.08	7.78986	0	2.72388        0   0      0      0.8403    1.13893    0
1.34131	16132	2.03913	141.277	2.97458	0.862438	0.407514	0.387013	0.4027	0	0	0	0	0	0	-913.818	4.91723	0	2.03913        0   0      0      1.13893    1.54368    0
1.81798	26649	1.5214	107.261	2.09658	-0.00272491	0.288326	-0.0802219	0.290656	0	0	0	0	0	0	-701.383	3.35967	0	1.5214        0   0      0      1.54368    2.09228    0
2.46406	45355	1.12666	87.7453	1.50151	0.383639	0.208709	0.479717	0.20835	0	0	0	0	0	0	-554.786	2.33282	0	1.12666        0   0      0      2.09228    2.83584    0
3.33975	77642	0.835991	69.7269	1.08222	0.614288	0.150039	-0.147339	0.149917	0	0	0	0	0	0	-439.686	1.61209	0	0.835991        0   0      0      2.83584    3.84365    0
4.52664	133624	0.620709	54.9268	0.780572	0.545735	0.107575	0.0817222	0.108024	0	0	0	0	0	0	-335.238	1.14283	0	0.620709        0   0      0      3.84365    5.20962    0
6.13533	233026	0.460411	42.84	0.566409	0.362534	0.0782133	-0.150451	0.0785967	0	0	0	0	0	0	-257.065	0.817087	0	0.460411        0   0      0      5.20962    7.06103    0
8.31572	405841	0.342988	32.2377	0.411123	0.320643	0.0568351	-0.0338553	0.0569871	0	0	0	0	0	0	-185.291	0.586312	0	0.342988        0   0      0      7.06103    9.5704    0
11.271	709756	0.2557	23.263	0.300028	0.239525	0.0415939	-0.131854	0.0415847	0	0	0	0	0	0	-126.698	0.427107	0	0.2557        0   0      0      9.5704    12.9716    0
15.2765	1249107	0.190869	16.5778	0.219809	0.20274	0.0304838	-0.0783309	0.0304791	0	0	0	0	0	0	-82.5727	0.312739	0	0.190869        0   0      0      12.9716    17.5814    0
20.7055	2212005	0.142462	11.8824	0.161858	0.147726	0.022417	0.00188405	0.0224295	0	0	0	0	0	0	-51.2437	0.230205	0	0.142462        0   0      0      17.5814    23.8296    0
28.0639	3912333	0.106695	7.79557	0.119461	0.113506	0.0165382	-0.0221252	0.0165344	0	0	0	0	0	0	-23.5944	0.170459	0	0.106695        0   0      0      23.8296    32.2982    0
38.0373	6912957	0.0800546	4.91762	0.0885863	0.120636	0.0122537	-0.0182077	0.0122536	0	0	0	0	0	0	-3.83587	0.126919	0	0.0800546        0   0      0      32.2982    43.7764    0
51.5551	12186967	0.060219	2.96731	0.0659937	0.092751	0.00911318	-0.035527	0.00911706	0	0	0	0	0	0	9.54853	0.0948979	0	0.060219        0   0      0      43.7764    59.3338    0
69.8769	21401118	0.0454111	1.62928	0.0494894	0.0373445	0.00683105	-0.00833839	0.00683436	0	0	0	0	0	0	17.1596	0.0718728	0	0.0454111        0   0      0      59.3338    80.42    0
94.7099	37268119	0.0344023	0.750483	0.0373742	0.0280649	0.00516078	-0.0249225	0.00516233	0	0	0	0	0	0	21.9095	0.0541723	0	0.0344023        0   0      0      80.42    109    0
