# 1bin_value	2data_points	3sqrt(data_points)	4W	5W_err	6e+	7e+_err	8eX 9eX_err	10e++ 	11e++_err		12eXX	13eXX_err		14e+X	15e+X_err 	16theta          17theta_err       17num_den	18num_err 19LS_err     20wt_num     21wt_num_err  22r_low   23r_high 24sig_crit
0.117769	676	0	1587.59	76.9321	26.4705	7.14108	5.15914	7.74231	0	0	0	0	0	0	-46007.7	308.324	0	0        0   695      0      0.1    0.135538    0
0.159622	947	0	1243.84	48.6268	7.73126	5.2154	3.99618	5.38847	0	0	0	0	0	0	-64611.3	176.796	0	0        0   977      0      0.135538    0.183706    0
0.216349	1404	0	976.009	30.2061	17.5096	3.44699	1.62308	3.48511	0	0	0	0	0	0	-96372.8	98.7517	0	0        0   1444      0      0.183706    0.248992    0
0.293236	2277	0	866.755	20.4986	7.30306	2.51509	3.89573	2.41344	0	0	0	0	0	0	-156186	61.4056	0	0        0   2339      0      0.248992    0.33748    0
0.397447	3393	0	713.142	13.4707	5.32174	1.66916	1.42788	1.6397	0	0	0	0	0	0	-232573	35.3311	0	0        0   3500      0      0.33748    0.457415    0
0.538693	4691	0	543.36	8.50899	2.47338	1.08487	-1.08655	1.06659	0	0	0	0	0	0	-321938	19.1314	0	0        0   4828      0      0.457415    0.619972    0
0.730136	6845	0	431.287	5.49471	1.29062	0.711578	-0.156252	0.713988	0	0	0	0	0	0	-469731	10.8492	0	0        0   7017      0      0.619972    0.8403    0
0.989614	10776	0	371.951	3.73625	1.44987	0.501937	0.629826	0.490747	0	0	0	0	0	0	-737897	6.53097	0	0        0   11042      0      0.8403    1.13893    0
1.34131	17106	0	322.63	2.55427	0.601874	0.336094	0.523131	0.331532	0	0	0	0	0	0	-1.17263e+06	4.15576	0	0        0   17476      0      1.13893    1.54368    0
1.81798	28587	0	296.755	1.81337	0.483214	0.241975	-0.335566	0.238475	0	0	0	0	0	0	-1.96031e+06	2.81142	0	0        0   29220      0      1.54368    2.09228    0
2.46406	49311	0	281.167	1.30501	0.716481	0.172661	-0.1323	0.172673	0	0	0	0	0	0	-3.38107e+06	1.95027	0	0        0   50418      0      2.09228    2.83584    0
3.33975	83832	0	262.053	0.931587	0.26223	0.123295	0.0599947	0.123309	0	0	0	0	0	0	-5.74756e+06	1.35308	0	0        0   85669      0      2.83584    3.84365    0
4.52664	144648	0	247.68	0.668832	0.350222	0.0886196	0.0345522	0.0886922	0	0	0	0	0	0	-9.9161e+06	0.947972	0	0        0   147720      0      3.84365    5.20962    0
6.13533	253312	0	237.939	0.485475	0.380161	0.0644925	0.0115009	0.0643474	0	0	0	0	0	0	-1.73728e+07	0.677951	0	0        0   258885      0      5.20962    7.06103    0
8.31572	442438	0	228.104	0.351833	0.261779	0.0467898	0.0262051	0.0466628	0	0	0	0	0	0	-3.03431e+07	0.485133	0	0        0   451930      0      7.06103    9.5704    0
11.271	780133	0	221.226	0.256824	0.140096	0.034157	0.0262805	0.0340975	0	0	0	0	0	0	-5.35273e+07	0.349494	0	0        0   796834      0      9.5704    12.9716    0
15.2765	1375497	0	214.72	0.187627	0.166777	0.0249796	-0.00346871	0.0249599	0	0	0	0	0	0	-9.43372e+07	0.252773	0	0        0   1.40456e+06      0      12.9716    17.5814    0
20.7055	2443943	0	210.646	0.138034	0.147004	0.0183598	-0.00744526	0.0183726	0	0	0	0	0	0	-1.67621e+08	0.185179	0	0        0   2.49475e+06      0      17.5814    23.8296    0
28.0639	4347233	0	207.6	0.102022	0.0377021	0.0135597	0.0317661	0.0135626	0	0	0	0	0	0	-2.98118e+08	0.137154	0	0        0   4.43821e+06      0      23.8296    32.2982    0
38.0373	7705810	0	204.781	0.0755808	0.0635812	0.010066	0.0488864	0.0100607	0	0	0	0	0	0	-5.28345e+08	0.101633	0	0        0   7.86584e+06      0      32.2982    43.7764    0
51.5551	13615912	0	202.683	0.0562904	0.0258779	0.00749265	0.0235781	0.00749736	0	0	0	0	0	0	-9.33259e+08	0.0760006	0	0        0   1.39015e+07      0      43.7764    59.3338    0
69.8769	23974550	0	201.582	0.04221	0.0234883	0.00561346	0.0123913	0.00561417	0	0	0	0	0	0	-1.64308e+09	0.057564	0	0        0   2.44755e+07      0      59.3338    80.42    0
94.7099	41933935	0	201.602	0.0319228	-0.00687363	0.0042427	0.0102318	0.00424398	0	0	0	0	0	0	-2.87397e+09	0.0435921	0	0        0   4.28117e+07      0      80.42    109    0
