# 1bin_value	2data_points	3sqrt(data_points)	4W	5W_err	6e+	7e+_err	8eX 9eX_err	10e++ 	11e++_err		12eXX	13eXX_err		14e+X	15e+X_err 	16theta          17theta_err       17num_den	18num_err 19LS_err     20wt_num     21wt_num_err  22r_low   23r_high 24sig_crit
0.117769	851	0	203.44	7.48954	0	0	0	0	0	0	0	0	0	0	-1353.53	93571.6	0	0        0   875      0      0.1    0.135538    0
0.159622	1571	0	205.029	5.54983	0	0	0	0	0	0	0	0	0	0	-1370.03	171819	0	0        0   1614      0      0.135538    0.183706    0
0.216349	2750	0	197.498	4.00882	0	0	0	0	0	0	0	0	0	0	-1331.8	299000	0	0        0   2802      0      0.183706    0.248992    0
0.293236	5144	0	201.895	3.01179	0	0	0	0	0	0	0	0	0	0	-1357.07	560932	0	0        0   5272      0      0.248992    0.33748    0
0.397447	9233	0	199.792	2.21801	0	0	0	0	0	0	0	0	0	0	-1337.36	995852	0	0        0   9450      0      0.33748    0.457415    0
0.538693	17184	0	202.638	1.64859	0	0	0	0	0	0	0	0	0	0	-1358.98	1.85731e+06	0	0        0   17568      0      0.457415    0.619972    0
0.730136	30886	0	199.61	1.21223	0	0	0	0	0	0	0	0	0	0	-1334.15	3.33251e+06	0	0        0   31667      0      0.619972    0.8403    0
0.989614	56557	0	200.231	0.898846	0	0	0	0	0	0	0	0	0	0	-1341.78	6.12293e+06	0	0        0   57908      0      0.8403    1.13893    0
1.34131	104227	0	201.104	0.664869	0	0	0	0	0	0	0	0	0	0	-1347.78	1.12778e+07	0	0        0   106647      0      1.13893    1.54368    0
1.81798	189446	0	200.383	0.491363	0	0	0	0	0	0	0	0	0	0	-1342.33	2.0497e+07	0	0        0   193998      0      1.54368    2.09228    0
2.46406	345568	0	200.01	0.363115	0	0	0	0	0	0	0	0	0	0	-1339.57	3.73918e+07	0	0        0   353928      0      2.09228    2.83584    0
3.33975	632266	0	200.132	0.268604	0	0	0	0	0	0	0	0	0	0	-1340.6	6.84011e+07	0	0        0   647407      0      2.83584    3.84365    0
4.52664	1154909	0	200.123	0.198718	0	0	0	0	0	0	0	0	0	0	-1340.59	1.24936e+08	0	0        0   1.18241e+06      0      3.84365    5.20962    0
6.13533	2111498	0	199.993	0.146862	0	0	0	0	0	0	0	0	0	0	-1340.18	2.28491e+08	0	0        0   2.16143e+06      0      5.20962    7.06103    0
8.31572	3852250	0	199.915	0.108711	0	0	0	0	0	0	0	0	0	0	-1339.24	4.16824e+08	0	0        0   3.94373e+06      0      7.06103    9.5704    0
11.271	7018457	0	200.125	0.0806409	0	0	0	0	0	0	0	0	0	0	-1340.63	7.59557e+08	0	0        0   7.18499e+06      0      9.5704    12.9716    0
15.2765	12750060	0	199.96	0.0597887	0	0	0	0	0	0	0	0	0	0	-1339.4	1.38003e+09	0	0        0   1.30522e+07      0      12.9716    17.5814    0
20.7055	23097554	0	199.878	0.0444154	0	0	0	0	0	0	0	0	0	0	-1338.99	2.50196e+09	0	0        0   2.36457e+07      0      17.5814    23.8296    0
28.0639	41733706	0	199.974	0.0330697	0	0	0	0	0	0	0	0	0	0	-1339.63	4.5234e+09	0	0        0   4.2721e+07      0      23.8296    32.2982    0
38.0373	74984737	0	199.918	0.0246747	0	0	0	0	0	0	0	0	0	0	-1339.25	8.13342e+09	0	0        0   7.67537e+07      0      32.2982    43.7764    0
51.5551	133914540	0	199.981	0.0184807	0	0	0	0	0	0	0	0	0	0	-1339.49	1.45373e+10	0	0        0   1.37078e+08      0      43.7764    59.3338    0
69.8769	237079376	0	200.046	0.0139021	0	0	0	0	0	0	0	0	0	0	-1339.85	2.57564e+10	0	0        0   2.42669e+08      0      59.3338    80.42    0
94.7099	414456594	0	200.022	0.0105184	0	0	0	0	0	0	0	0	0	0	-1339.57	4.50527e+10	0	0        0   4.24234e+08      0      80.42    109    0
