# 1bin_value	2data_points	3sqrt(data_points)	4W	5W_err	6e+	7e+_err	8eX 9eX_err	10e++ 	11e++_err		12eXX	13eXX_err		14e+X	15e+X_err 	16theta          17theta_err       17num_den	18num_err 19LS_err     20wt_num     21wt_num_err  22r_low   23r_high 24sig_crit
0.117769	593	0	1268.85	63.2472	14.6275	7.2355	5.70916	7.13536	0	0	0	0	0	0	-40474.1	236.905	0	0        0   604      0      0.1    0.135538    0
0.159622	833	0	1011.48	40.4913	11.5698	4.79312	4.08237	4.46895	0	0	0	0	0	0	-57149.2	132.778	0	0        0   856      0      0.135538    0.183706    0
0.216349	1266	0	871.933	28.0137	7.87396	3.3835	1.61996	3.25392	0	0	0	0	0	0	-86851.8	86.6766	0	0        0   1315      0      0.183706    0.248992    0
0.293236	2169	0	820.317	19.7723	6.31102	2.52353	0.28069	2.43751	0	0	0	0	0	0	-149096	57.6231	0	0        0   2234      0      0.248992    0.33748    0
0.397447	3250	0	672.35	12.8391	5.29081	1.65237	0.277815	1.60281	0	0	0	0	0	0	-223144	32.4069	0	0        0   3344      0      0.33748    0.457415    0
0.538693	4394	0	504.332	8.1009	3.1264	1.09282	-2.40757	1.07233	0	0	0	0	0	0	-301558	16.9844	0	0        0   4535      0      0.457415    0.619972    0
0.730136	6581	0	411.753	5.32941	1.34301	0.733985	-0.454615	0.724315	0	0	0	0	0	0	-451608	10.0031	0	0        0   6760      0      0.619972    0.8403    0
0.989614	10504	0	361.748	3.67053	0.482931	0.497065	-0.515599	0.494304	0	0	0	0	0	0	-718965	6.15232	0	0        0   10771      0      0.8403    1.13893    0
1.34131	16648	0	313.633	2.51044	0.953943	0.349031	-0.423828	0.342581	0	0	0	0	0	0	-1.14125e+06	3.89573	0	0        0   17016      0      1.13893    1.54368    0
1.81798	27978	0	289.516	1.78407	0.631728	0.24538	-0.0773744	0.24408	0	0	0	0	0	0	-1.91987e+06	2.67072	0	0        0   28594      0      1.54368    2.09228    0
2.46406	48893	0	277.343	1.28868	0.440986	0.178454	0.0242943	0.177805	0	0	0	0	0	0	-3.35175e+06	1.82841	0	0        0   49950      0      2.09228    2.83584    0
3.33975	84189	0	262.101	0.927468	0.475671	0.127654	-0.0625468	0.128652	0	0	0	0	0	0	-5.77066e+06	1.28965	0	0        0   86054      0      2.83584    3.84365    0
4.52664	144932	0	247.474	0.666413	0.271758	0.0923219	-0.146935	0.0921945	0	0	0	0	0	0	-9.93274e+06	0.8981	0	0        0   148067      0      3.84365    5.20962    0
6.13533	252845	0	236.406	0.481266	0.227175	0.0666497	0.10432	0.0669481	0	0	0	0	0	0	-1.73386e+07	0.635333	0	0        0   258192      0      5.20962    7.06103    0
8.31572	444907	0	228.267	0.350119	0.198364	0.0485789	0.0987516	0.0485822	0	0	0	0	0	0	-3.04935e+07	0.45618	0	0        0   454226      0      7.06103    9.5704    0
11.271	783015	0	221.181	0.255701	0.169108	0.0355281	-0.0272131	0.035524	0	0	0	0	0	0	-5.37037e+07	0.330101	0	0        0   799797      0      9.5704    12.9716    0
15.2765	1388627	0	215.932	0.18741	0.143735	0.0260193	-0.0104689	0.0259802	0	0	0	0	0	0	-9.52354e+07	0.241083	0	0        0   1.418e+06      0      12.9716    17.5814    0
20.7055	2457239	0	210.972	0.137631	0.148145	0.0190795	-0.00684605	0.0190899	0	0	0	0	0	0	-1.68529e+08	0.176838	0	0        0   2.50856e+06      0      17.5814    23.8296    0
28.0639	4366461	0	207.649	0.101617	0.148921	0.0140871	0.000375067	0.0140915	0	0	0	0	0	0	-2.99408e+08	0.130856	0	0        0   4.45677e+06      0      23.8296    32.2982    0
38.0373	7757484	0	205.295	0.0753692	0.0935297	0.0104558	0.036835	0.0104571	0	0	0	0	0	0	-5.31806e+08	0.0970256	0	0        0   7.91737e+06      0      32.2982    43.7764    0
51.5551	13732646	0	203.535	0.0561653	0.0657684	0.00777768	0.0294319	0.00779064	0	0	0	0	0	0	-9.41263e+08	0.07237	0	0        0   1.40167e+07      0      43.7764    59.3338    0
69.8769	24225274	0	202.781	0.0421391	0.0403085	0.00583537	0.0251627	0.00583789	0	0	0	0	0	0	-1.66031e+09	0.0545248	0	0        0   2.47262e+07      0      59.3338    80.42    0
94.7099	42386513	0	202.878	0.0318811	0.0347373	0.00441285	0.0336666	0.00441594	0	0	0	0	0	0	-2.9048e+09	0.0414113	0	0        0   4.32672e+07      0      80.42    109    0
