# 1bin_value	2data_points	3sqrt(data_points)	4W	5W_err	6e+	7e+_err	8eX 9eX_err	10e++ 	11e++_err		12eXX	13eXX_err		14e+X	15e+X_err 	16theta          17theta_err       17num_den	18num_err 19LS_err     20wt_num     21wt_num_err  22r_low   23r_high 24sig_crit
0.117769	812	0	201.326	7.57359	0	0	0	0	0	0	0	0	0	0	-1360.9	91006.3	0	0        0   829      0      0.1    0.135538    0
0.159622	1552	0	211.656	5.76723	0	0	0	0	0	0	0	0	0	0	-1406.6	168506	0	0        0   1596      0      0.135538    0.183706    0
0.216349	2710	0	196.404	4.01726	0	0	0	0	0	0	0	0	0	0	-1316.85	294497	0	0        0   2774      0      0.183706    0.248992    0
0.293236	4914	0	198.93	3.02887	0	0	0	0	0	0	0	0	0	0	-1329.22	530407	0	0        0   5028      0      0.248992    0.33748    0
0.397447	9045	0	200.336	2.25172	0	0	0	0	0	0	0	0	0	0	-1342.73	982972	0	0        0   9264      0      0.33748    0.457415    0
0.538693	16524	0	201.977	1.68076	0	0	0	0	0	0	0	0	0	0	-1349.27	1.78959e+06	0	0        0   16957      0      0.457415    0.619972    0
0.730136	30119	0	199.306	1.22598	0	0	0	0	0	0	0	0	0	0	-1335.57	3.26333e+06	0	0        0   30826      0      0.619972    0.8403    0
0.989614	55297	0	200.588	0.911642	0	0	0	0	0	0	0	0	0	0	-1343.97	5.9985e+06	0	0        0   56632      0      0.8403    1.13893    0
1.34131	101036	0	200.035	0.67247	0	0	0	0	0	0	0	0	0	0	-1339.42	1.09609e+07	0	0        0   103487      0      1.13893    1.54368    0
1.81798	184583	0	199.857	0.496938	0	0	0	0	0	0	0	0	0	0	-1339	2.00271e+07	0	0        0   188977      0      1.54368    2.09228    0
2.46406	337388	0	200.11	0.368048	0	0	0	0	0	0	0	0	0	0	-1339.88	3.65332e+07	0	0        0   345370      0      2.09228    2.83584    0
3.33975	615698	0	199.772	0.272038	0	0	0	0	0	0	0	0	0	0	-1338.5	6.67914e+07	0	0        0   630274      0      2.83584    3.84365    0
4.52664	1127565	0	200.123	0.20139	0	0	0	0	0	0	0	0	0	0	-1340.6	1.22323e+08	0	0        0   1.15428e+06      0      3.84365    5.20962    0
6.13533	2058891	0	199.765	0.148763	0	0	0	0	0	0	0	0	0	0	-1338.75	2.23476e+08	0	0        0   2.10731e+06      0      5.20962    7.06103    0
8.31572	3753831	0	199.767	0.110201	0	0	0	0	0	0	0	0	0	0	-1338.06	4.0736e+08	0	0        0   3.84317e+06      0      7.06103    9.5704    0
11.271	6827877	0	199.666	0.0816912	0	0	0	0	0	0	0	0	0	0	-1337.33	7.41341e+08	0	0        0   6.99062e+06      0      9.5704    12.9716    0
15.2765	12416206	0	199.706	0.0606157	0	0	0	0	0	0	0	0	0	0	-1337.62	1.34904e+09	0	0        0   1.27114e+07      0      12.9716    17.5814    0
20.7055	22506500	0	199.812	0.0450643	0	0	0	0	0	0	0	0	0	0	-1338.46	2.44752e+09	0	0        0   2.30403e+07      0      17.5814    23.8296    0
28.0639	40605661	0	199.715	0.0335522	0	0	0	0	0	0	0	0	0	0	-1337.83	4.42063e+09	0	0        0   4.15672e+07      0      23.8296    32.2982    0
38.0373	72951795	0	199.761	0.0250577	0	0	0	0	0	0	0	0	0	0	-1338.1	7.95413e+09	0	0        0   7.46793e+07      0      32.2982    43.7764    0
51.5551	130258557	0	199.909	0.0187842	0	0	0	0	0	0	0	0	0	0	-1338.97	1.42249e+10	0	0        0   1.33343e+08      0      43.7764    59.3338    0
69.8769	230462658	0	199.941	0.0141363	0	0	0	0	0	0	0	0	0	0	-1338.96	2.51964e+10	0	0        0   2.35923e+08      0      59.3338    80.42    0
94.7099	403141224	0	200.021	0.0106981	0	0	0	0	0	0	0	0	0	0	-1339.42	4.41044e+10	0	0        0   4.12689e+08      0      80.42    109    0
