# 1bin_value	2data_points	3sqrt(data_points)	4W	5W_err	6e+	7e+_err	8eX 9eX_err	10e++ 	11e++_err		12eXX	13eXX_err		14e+X	15e+X_err 	16theta          17theta_err       17num_den	18num_err 19LS_err     20wt_num     21wt_num_err  22r_low   23r_high 24sig_crit
0.117769	739	0	1923.47	93.7223	24.5816	9.8679	2.43511	9.24295	0	0	0	0	0	0	-50678.5	394.019	0	0        0   769      0      0.1    0.135538    0
0.159622	1120	0	1571.62	58.1486	29.5156	6.6369	0.0898121	6.41148	0	0	0	0	0	0	-76967	224.709	0	0        0   1163      0      0.135538    0.183706    0
0.216349	1507	0	1156.74	35.0294	9.81075	4.21336	3.14666	4.1961	0	0	0	0	0	0	-103211	120.191	0	0        0   1553      0      0.183706    0.248992    0
0.293236	2430	0	1046.4	24.3351	12.2985	3.04343	-1.40013	3.00116	0	0	0	0	0	0	-167888	76.6511	0	0        0   2522      0      0.248992    0.33748    0
0.397447	3623	0	855.717	15.8814	5.06166	1.99707	-0.762351	2.04428	0	0	0	0	0	0	-249142	44.9547	0	0        0   3743      0      0.33748    0.457415    0
0.538693	4849	0	626.502	9.69697	3.77826	1.32538	-1.93044	1.25816	0	0	0	0	0	0	-332039	22.8571	0	0        0   4988      0      0.457415    0.619972    0
0.730136	6967	0	492.496	6.23988	3.16358	0.860835	-0.609074	0.8533	0	0	0	0	0	0	-477991	12.624	0	0        0   7158      0      0.619972    0.8403    0
0.989614	10324	0	399.26	4.10005	1.6867	0.573066	0.306357	0.564377	0	0	0	0	0	0	-706818	7.22998	0	0        0   10579      0      0.8403    1.13893    0
1.34131	16190	0	343.669	2.8021	0.944483	0.395444	0.324763	0.390439	0	0	0	0	0	0	-1.10972e+06	4.52947	0	0        0   16594      0      1.13893    1.54368    0
1.81798	26792	0	311.4	1.96222	0.0296038	0.278979	-0.0741607	0.281376	0	0	0	0	0	0	-1.83924e+06	2.983	0	0        0   27381      0      1.54368    2.09228    0
2.46406	45602	0	290.33	1.39942	0.362892	0.201642	0.461366	0.201277	0	0	0	0	0	0	-3.12737e+06	2.04963	0	0        0   46612      0      2.09228    2.83584    0
3.33975	77965	0	272.873	1.0041	0.522895	0.144628	-0.142088	0.14453	0	0	0	0	0	0	-5.34622e+06	1.41405	0	0        0   79693      0      2.83584    3.84365    0
4.52664	134219	0	257.503	0.721366	0.516137	0.103459	0.0902467	0.103933	0	0	0	0	0	0	-9.20035e+06	0.980537	0	0        0   137253      0      3.84365    5.20962    0
6.13533	233769	0	245.842	0.521693	0.365716	0.0751236	-0.173412	0.0755261	0	0	0	0	0	0	-1.60296e+07	0.702407	0	0        0   239041      0      5.20962    7.06103    0
8.31572	407285	0	235.034	0.377274	0.324493	0.0544921	-0.0224174	0.0546533	0	0	0	0	0	0	-2.79104e+07	0.498132	0	0        0   416133      0      7.06103    9.5704    0
11.271	712836	0	226.431	0.274529	0.247293	0.0398408	-0.122466	0.0398301	0	0	0	0	0	0	-4.88693e+07	0.357602	0	0        0   728188      0      9.5704    12.9716    0
15.2765	1254352	0	219.491	0.200672	0.230679	0.0291718	-0.0733773	0.029166	0	0	0	0	0	0	-8.60172e+07	0.261314	0	0        0   1.28179e+06      0      12.9716    17.5814    0
20.7055	2219466	0	214.571	0.147513	0.152668	0.0214337	-0.00537833	0.021447	0	0	0	0	0	0	-1.52207e+08	0.193452	0	0        0   2.26718e+06      0      17.5814    23.8296    0
28.0639	3923303	0	210.195	0.108713	0.112885	0.0158037	-0.0193449	0.0157994	0	0	0	0	0	0	-2.69034e+08	0.143966	0	0        0   4.00689e+06      0      23.8296    32.2982    0
38.0373	6927392	0	206.826	0.0805449	0.115256	0.0117072	-0.0236554	0.0117067	0	0	0	0	0	0	-4.74964e+08	0.108135	0	0        0   7.07517e+06      0      32.2982    43.7764    0
51.5551	12198641	0	204.223	0.0599806	0.0982836	0.00870724	-0.0378746	0.0087111	0	0	0	0	0	0	-8.36225e+08	0.0818184	0	0        0   1.24591e+07      0      43.7764    59.3338    0
69.8769	21409462	0	202.805	0.0450009	0.0397501	0.00653217	0.00534844	0.0065355	0	0	0	0	0	0	-1.46747e+09	0.0625269	0	0        0   2.1864e+07      0      59.3338    80.42    0
94.7099	37210827	0	202.029	0.0340374	0.0299294	0.00494414	0.00919299	0.00494572	0	0	0	0	0	0	-2.55063e+09	0.0482668	0	0        0   3.80013e+07      0      80.42    109    0
