# 1bin_value	2data_points	3sqrt(data_points)	4W	5W_err	6e+	7e+_err	8eX 9eX_err	10e++ 	11e++_err		12eXX	13eXX_err		14e+X	15e+X_err 	16theta          17theta_err       17num_den	18num_err 19LS_err     20wt_num     21wt_num_err  22r_low   23r_high 24sig_crit
0.117769	727	0	200.454	7.93488	0.0963307	1.17703	-1.62785	1.23631	0	0	0	0	0	0	-49675.2	17.8674	0	0        0   745      0      0.1    0.135538    0
0.159622	1377	0	203.07	5.86601	2.74053	0.92347	-0.338855	0.905711	0	0	0	0	0	0	-94099.9	13.0226	0	0        0   1424      0      0.135538    0.183706    0
0.216349	2489	0	203.069	4.34965	0.404287	0.705772	-0.0491099	0.712141	0	0	0	0	0	0	-170750	9.62945	0	0        0   2564      0      0.183706    0.248992    0
0.293236	4437	0	198.3	3.1819	-0.681524	0.511632	-0.491003	0.521	0	0	0	0	0	0	-303266	7.10547	0	0        0   4553      0      0.248992    0.33748    0
0.397447	8211	0	198.065	2.32979	-0.0485085	0.431476	0.478356	0.467445	0	0	0	0	0	0	-563148	5.25713	0	0        0   8393      0      0.33748    0.457415    0
0.538693	14979	0	198.822	1.73492	-0.260223	0.312207	1.13104	0.505153	0	0	0	0	0	0	-1.02655e+06	3.8777	0	0        0   15381      0      0.457415    0.619972    0
0.730136	27855	0	201.661	1.29136	-0.332007	0.221737	0.34463	0.235843	0	0	0	0	0	0	-1.91169e+06	2.91128	0	0        0   28567      0      0.619972    0.8403    0
0.989614	51354	0	203.64	0.960797	-0.101487	0.172479	0.203404	0.167015	0	0	0	0	0	0	-3.51728e+06	2.15801	0	0        0   52727      0      0.8403    1.13893    0
1.34131	93188	0	202.62	0.709572	0.0703724	0.161048	0.135599	0.169317	0	0	0	0	0	0	-6.39435e+06	1.59602	0	0        0   95656      0      1.13893    1.54368    0
1.81798	170004	0	202.031	0.523636	0.0289074	0.109977	0.0243939	0.110399	0	0	0	0	0	0	-1.16542e+07	1.1771	0	0        0   174458      0      1.54368    2.09228    0
2.46406	310469	0	201.69	0.386786	-0.0322815	0.0693925	0.0354825	0.0744473	0	0	0	0	0	0	-2.12964e+07	0.869447	0	0        0   318460      0      2.09228    2.83584    0
3.33975	569193	0	202.584	0.287058	0.0407347	0.0563479	-0.0813273	0.0523707	0	0	0	0	0	0	-3.90442e+07	0.647045	0	0        0   584047      0      2.83584    3.84365    0
4.52664	1040081	0	202.51	0.212248	0.0393877	0.0416461	0.0557239	0.0424292	0	0	0	0	0	0	-7.13308e+07	0.478904	0	0        0   1.06684e+06      0      3.84365    5.20962    0
6.13533	1902538	0	202.536	0.156963	-0.0028926	0.0316115	0.0349232	0.0319824	0	0	0	0	0	0	-1.30465e+08	0.354138	0	0        0   1.95156e+06      0      5.20962    7.06103    0
8.31572	3475397	0	202.655	0.116228	-0.0288826	0.0235031	-0.0375522	0.0232483	0	0	0	0	0	0	-2.38346e+08	0.262636	0	0        0   3.56497e+06      0      7.06103    9.5704    0
11.271	6326528	0	202.648	0.0861507	0.0216908	0.0169969	0.0141492	0.0169699	0	0	0	0	0	0	-4.33822e+08	0.194937	0	0        0   6.48849e+06      0      9.5704    12.9716    0
15.2765	11494620	0	202.502	0.0638791	0.0178474	0.0128976	0.0167572	0.0126685	0	0	0	0	0	0	-7.8822e+08	0.144721	0	0        0   1.17889e+07      0      12.9716    17.5814    0
20.7055	20832870	0	202.568	0.0474778	-0.0135733	0.00958069	0.0101056	0.0095706	0	0	0	0	0	0	-1.42855e+09	0.107755	0	0        0   2.13677e+07      0      17.5814    23.8296    0
28.0639	37568081	0	202.303	0.0353203	-0.00200169	0.00713303	0.0241168	0.00710549	0	0	0	0	0	0	-2.57603e+09	0.0803836	0	0        0   3.85267e+07      0      23.8296    32.2982    0
38.0373	67372975	0	201.905	0.0263336	-0.0110835	0.00528997	0.000355689	0.00527971	0	0	0	0	0	0	-4.61957e+09	0.0601549	0	0        0   6.9088e+07      0      32.2982    43.7764    0
51.5551	120005042	0	201.455	0.0196995	-0.00124564	0.00395333	0.0119173	0.00395014	0	0	0	0	0	0	-8.22764e+09	0.0451954	0	0        0   1.2306e+08      0      43.7764    59.3338    0
69.8769	211773198	0	200.962	0.0148036	0.00303477	0.00294989	0.0171042	0.00294768	0	0	0	0	0	0	-1.4517e+10	0.0341384	0	0        0   2.1716e+08      0      59.3338    80.42    0
94.7099	369578026	0	200.683	0.0111999	0.012105	0.00218053	0.0382682	0.00221247	0	0	0	0	0	0	-2.53312e+10	0.0259724	0	0        0   3.78987e+08      0      80.42    109    0
