# 1bin_value	2data_points	3sqrt(data_points)	4W	5W_err	6e+	7e+_err	8eX 9eX_err	10e++ 	11e++_err		12eXX	13eXX_err		14e+X	15e+X_err 	16theta          17theta_err       17num_den	18num_err 19LS_err     20wt_num     21wt_num_err  22r_low   23r_high 24sig_crit
0.117769	824	0	204.817	7.53508	-1.14514	0.905154	-0.49262	0.929432	0	0	0	0	0	0	-56875.8	17.5237	0	0        0   824      0      0.1    0.135538    0
0.159622	1507	0	205.345	5.61036	-1.01567	0.701566	0.746394	0.693356	0	0	0	0	0	0	-103416	13.4998	0	0        0   1507      0      0.135538    0.183706    0
0.216349	2699	0	196.153	3.98506	-0.467019	0.509634	-0.0772317	0.490159	0	0	0	0	0	0	-184655	9.3095	0	0        0   2699      0      0.183706    0.248992    0
0.293236	5018	0	203.62	3.03512	0.377329	0.37051	-0.978094	0.37463	0	0	0	0	0	0	-344323	7.09797	0	0        0   5018      0      0.248992    0.33748    0
0.397447	9026	0	200.099	2.22566	0.283995	0.27294	-0.20936	0.27722	0	0	0	0	0	0	-618674	5.25105	0	0        0   9026      0      0.33748    0.457415    0
0.538693	16643	0	203.014	1.66343	-0.135401	0.206277	-0.126921	0.207031	0	0	0	0	0	0	-1.1414e+06	3.94088	0	0        0   16643      0      0.457415    0.619972    0
0.730136	30224	0	200.278	1.21692	0.226993	0.149892	-0.378249	0.150187	0	0	0	0	0	0	-2.07385e+06	2.87095	0	0        0   30224      0      0.619972    0.8403    0
0.989614	54984	0	199.517	0.898238	0.0763436	0.111823	0.00440312	0.111005	0	0	0	0	0	0	-3.76968e+06	2.1054	0	0        0   54984      0      0.8403    1.13893    0
1.34131	100906	0	199.832	0.664514	-0.0836599	0.0821534	-0.122256	0.0825055	0	0	0	0	0	0	-6.92028e+06	1.56591	0	0        0   100906      0      1.13893    1.54368    0
1.81798	185602	0	201.139	0.493387	0.0233225	0.0610118	0.0209429	0.0611201	0	0	0	0	0	0	-1.27337e+07	1.16802	0	0        0   185602      0      1.54368    2.09228    0
2.46406	338619	0	201.046	0.365074	0.0247031	0.045225	-0.063555	0.0452372	0	0	0	0	0	0	-2.32132e+07	0.862675	0	0        0   338619      0      2.09228    2.83584    0
3.33975	619811	0	201.299	0.27023	0.00194033	0.033486	-0.0256128	0.0334534	0	0	0	0	0	0	-4.25178e+07	0.639809	0	0        0   619811      0      2.83584    3.84365    0
4.52664	1134325	0	201.488	0.199968	0.0159511	0.0247895	-0.025731	0.0247832	0	0	0	0	0	0	-7.77865e+07	0.473826	0	0        0   1.13432e+06      0      3.84365    5.20962    0
6.13533	2070399	0	201.099	0.14773	0.0302799	0.0183032	0.0114118	0.0183127	0	0	0	0	0	0	-1.4197e+08	0.350086	0	0        0   2.0704e+06      0      5.20962    7.06103    0
8.31572	3780874	0	201.364	0.109495	0.0268221	0.0135801	0.0202593	0.0135748	0	0	0	0	0	0	-2.59269e+08	0.260008	0	0        0   3.78087e+06      0      7.06103    9.5704    0
11.271	6888077	0	201.581	0.0812335	-0.0165321	0.0100643	-0.021691	0.0100678	0	0	0	0	0	0	-4.72387e+08	0.193305	0	0        0   6.88808e+06      0      9.5704    12.9716    0
15.2765	12526000	0	201.642	0.060285	0.0167948	0.0074687	-0.0199609	0.00746858	0	0	0	0	0	0	-8.58981e+08	0.143931	0	0        0   1.2526e+07      0      12.9716    17.5814    0
20.7055	22697653	0	201.681	0.0448142	0.0220547	0.00555135	-0.00519647	0.00555236	0	0	0	0	0	0	-1.55644e+09	0.107353	0	0        0   2.26977e+07      0      17.5814    23.8296    0
28.0639	40970413	0	201.667	0.0333756	0.0137709	0.00413336	-0.00824663	0.00413458	0	0	0	0	0	0	-2.80928e+09	0.080328	0	0        0   4.09704e+07      0      23.8296    32.2982    0
38.0373	73511046	0	201.434	0.0249088	0.0177147	0.00308477	-0.0058217	0.00308521	0	0	0	0	0	0	-5.03991e+09	0.0602933	0	0        0   7.3511e+07      0      32.2982    43.7764    0
51.5551	131006920	0	201.182	0.0186553	0.019289	0.00231107	0.00439712	0.00231069	0	0	0	0	0	0	-8.981e+09	0.0454796	0	0        0   1.31007e+08      0      43.7764    59.3338    0
69.8769	231621543	0	201.054	0.0140352	0.0334628	0.00173929	0.000270772	0.00173915	0	0	0	0	0	0	-1.58758e+10	0.0344338	0	0        0   2.31622e+08      0      59.3338    80.42    0
94.7099	405379726	0	201.266	0.0106274	0.0340274	0.00131715	-0.00795246	0.00131671	0	0	0	0	0	0	-2.7782e+10	0.0261706	0	0        0   4.0538e+08      0      80.42    109    0
