# 1bin_value	2data_points	3sqrt(data_points)	4W	5W_err	6e+	7e+_err	8eX 9eX_err	10e++ 	11e++_err		12eXX	13eXX_err		14e+X	15e+X_err 	16theta          17theta_err       17num_den	18num_err 19LS_err     20wt_num     21wt_num_err  22r_low   23r_high 24sig_crit
0.117769	791	inf	1722.43	89.6378	28.2777	8.0627	-6.52607	7.51275	0	0	0	0	0	0	-11442.1	374.523	0	inf        0   0      0      0.1    0.135538    0
0.159622	1052	20.5697	1128.51	50.3811	27.3774	5.26749	1.56382	5.28735	0	0	0	0	0	0	-7478.24	177.913	0	20.5697        0   0      0      0.135538    0.183706    0
0.216349	1489	14.2856	853.331	31.9893	11.1782	3.43622	-7.84633	3.42583	0	0	0	0	0	0	-5651.77	104.241	0	14.2856        0   0      0      0.183706    0.248992    0
0.293236	2475	9.12562	755.166	22.4116	12.4176	2.59734	-3.56813	2.44965	0	0	0	0	0	0	-5002.57	69.0317	0	9.12562        0   0      0      0.248992    0.33748    0
0.397447	3753	6.11474	592.906	14.6529	7.99199	1.70967	0.388399	1.65147	0	0	0	0	0	0	-3942.32	38.817	0	6.11474        0   0      0      0.33748    0.457415    0
0.538693	4944	4.77881	374.411	9.18536	4.45389	1.1114	-0.150137	1.12232	0	0	0	0	0	0	-2469.57	20.6305	0	4.77881        0   0      0      0.457415    0.619972    0
0.730136	7041	3.57146	250.684	5.91554	1.71617	0.726012	-0.512577	0.71623	0	0	0	0	0	0	-1640.31	11.2439	0	3.57146        0   0      0      0.619972    0.8403    0
0.989614	10925	2.60977	184.568	4.0489	1.1879	0.496417	-0.0220547	0.505992	0	0	0	0	0	0	-1208.13	6.88238	0	2.60977        0   0      0      0.8403    1.13893    0
1.34131	17444	1.9414	135.649	2.80337	0.453499	0.344967	0.341755	0.349826	0	0	0	0	0	0	-881.97	4.3289	0	1.9414        0   0      0      1.13893    1.54368    0
1.81798	28858	1.44906	102.348	1.97586	0.505137	0.245889	0.0706384	0.242075	0	0	0	0	0	0	-659.732	2.88154	0	1.44906        0   0      0      1.54368    2.09228    0
2.46406	49568	1.07631	85.3129	1.42695	0.692673	0.176065	-0.0890429	0.176516	0	0	0	0	0	0	-547.903	2.02186	0	1.07631        0   0      0      2.09228    2.83584    0
3.33975	84624	0.799688	66.9117	1.02514	0.620321	0.126562	0.1124	0.12672	0	0	0	0	0	0	-419.859	1.41083	0	0.799688        0   0      0      2.83584    3.84365    0
4.52664	145615	0.594452	51.0865	0.739291	0.38477	0.0912524	-0.0530095	0.0913276	0	0	0	0	0	0	-316.971	0.990766	0	0.594452        0   0      0      3.84365    5.20962    0
6.13533	254408	0.44039	40.8977	0.536219	0.190493	0.0660734	-0.033594	0.066147	0	0	0	0	0	0	-246.832	0.705652	0	0.44039        0   0      0      5.20962    7.06103    0
8.31572	444935	0.327147	31.0415	0.390475	0.310238	0.0481624	0.0353103	0.0481495	0	0	0	0	0	0	-179.373	0.509118	0	0.327147        0   0      0      7.06103    9.5704    0
11.271	778703	0.243986	22.3014	0.28503	0.180831	0.0351965	-0.00391483	0.0351949	0	0	0	0	0	0	-120.281	0.369323	0	0.243986        0   0      0      9.5704    12.9716    0
15.2765	1374858	0.181845	15.8213	0.209014	0.0974141	0.0257676	0.0338535	0.0257707	0	0	0	0	0	0	-77.4376	0.270132	0	0.181845        0   0      0      12.9716    17.5814    0
20.7055	2431643	0.135821	10.6062	0.153836	0.150185	0.0189671	0.0149155	0.01895	0	0	0	0	0	0	-42.3654	0.198203	0	0.135821        0   0      0      17.5814    23.8296    0
28.0639	4316214	0.101538	7.13041	0.113764	0.113828	0.014024	-0.00233423	0.0140077	0	0	0	0	0	0	-18.5602	0.146531	0	0.101538        0   0      0      23.8296    32.2982    0
38.0373	7648702	0.0760942	4.32195	0.084405	0.0956561	0.010389	0.00154454	0.0103748	0	0	0	0	0	0	0.357997	0.108385	0	0.0760942        0   0      0      32.2982    43.7764    0
51.5551	13517734	0.0571701	2.09071	0.0629129	0.0568862	0.00773469	0.032566	0.00773391	0	0	0	0	0	0	14.3253	0.0808449	0	0.0571701        0   0      0      43.7764    59.3338    0
69.8769	23790355	0.0430659	0.838183	0.0471918	0.0175692	0.00580007	-0.000799487	0.00579909	0	0	0	0	0	0	22.4541	0.0607088	0	0.0430659        0   0      0      59.3338    80.42    0
94.7099	41506629	0.0325933	0.0942967	0.0356875	0.0287721	0.00438918	0.0174598	0.00438662	0	0	0	0	0	0	26.9731	0.0463989	0	0.0325933        0   0      0      80.42    109    0
