# 1bin_value	2data_points	3sqrt(data_points)	4W	5W_err	6e+	7e+_err	8eX 9eX_err	10e++ 	11e++_err		12eXX	13eXX_err		14e+X	15e+X_err 	16theta          17theta_err       17num_den	18num_err 19LS_err     20wt_num     21wt_num_err  22r_low   23r_high 24sig_crit
0.117769	685	0	189.718	7.77694	0	0	0	0	0	0	0	0	0	0	-1271.28	77051.2	0	0        0   705      0      0.1    0.135538    0
0.159622	1378	0	200.445	5.77182	0	0	0	0	0	0	0	0	0	0	-1343.39	149583	0	0        0   1407      0      0.135538    0.183706    0
0.216349	2361	0	191.996	4.21028	0	0	0	0	0	0	0	0	0	0	-1289.24	256554	0	0        0   2417      0      0.183706    0.248992    0
0.293236	4376	0	194.989	3.14545	0	0	0	0	0	0	0	0	0	0	-1307.44	475489	0	0        0   4480      0      0.248992    0.33748    0
0.397447	8095	0	195.142	2.31176	0	0	0	0	0	0	0	0	0	0	-1310.71	877309	0	0        0   8268      0      0.33748    0.457415    0
0.538693	14927	0	197.601	1.72483	0	0	0	0	0	0	0	0	0	0	-1324.65	1.61535e+06	0	0        0   15271      0      0.457415    0.619972    0
0.730136	27231	0	197.157	1.27468	0	0	0	0	0	0	0	0	0	0	-1321.2	2.95038e+06	0	0        0   27900      0      0.619972    0.8403    0
0.989614	50577	0	200.231	0.950162	0	0	0	0	0	0	0	0	0	0	-1338.47	5.45509e+06	0	0        0   51816      0      0.8403    1.13893    0
1.34131	92427	0	200.544	0.704013	0	0	0	0	0	0	0	0	0	0	-1342.68	9.97881e+06	0	0        0   94625      0      1.13893    1.54368    0
1.81798	168090	0	199.214	0.518198	0	0	0	0	0	0	0	0	0	0	-1335.13	1.81634e+07	0	0        0   171966      0      1.54368    2.09228    0
2.46406	307137	0	199.12	0.383277	0	0	0	0	0	0	0	0	0	0	-1334.38	3.31947e+07	0	0        0   314283      0      2.09228    2.83584    0
3.33975	562301	0	199.689	0.284161	0	0	0	0	0	0	0	0	0	0	-1337.77	6.08058e+07	0	0        0   575617      0      2.83584    3.84365    0
4.52664	1031837	0	200.48	0.210602	0	0	0	0	0	0	0	0	0	0	-1343.49	1.11572e+08	0	0        0   1.05603e+06      0      3.84365    5.20962    0
6.13533	1883834	0	200.036	0.155505	0	0	0	0	0	0	0	0	0	0	-1340.55	2.03701e+08	0	0        0   1.92784e+06      0      5.20962    7.06103    0
8.31572	3439164	0	200.063	0.115122	0	0	0	0	0	0	0	0	0	0	-1340.6	3.71984e+08	0	0        0   3.52031e+06      0      7.06103    9.5704    0
11.271	6256388	0	199.89	0.08528	0	0	0	0	0	0	0	0	0	0	-1339.3	6.76574e+08	0	0        0   6.40386e+06      0      9.5704    12.9716    0
15.2765	11378409	0	199.875	0.0632316	0	0	0	0	0	0	0	0	0	0	-1339.08	1.23031e+09	0	0        0   1.1647e+07      0      12.9716    17.5814    0
20.7055	20635187	0	199.959	0.0469785	0	0	0	0	0	0	0	0	0	0	-1339.73	2.23158e+09	0	0        0   2.11212e+07      0      17.5814    23.8296    0
28.0639	37250407	0	199.812	0.0349417	0	0	0	0	0	0	0	0	0	0	-1338.78	4.02879e+09	0	0        0   3.81254e+07      0      23.8296    32.2982    0
38.0373	66988487	0	199.824	0.0260604	0	0	0	0	0	0	0	0	0	0	-1338.89	7.24583e+09	0	0        0   6.85567e+07      0      32.2982    43.7764    0
51.5551	119725417	0	199.843	0.0194972	0	0	0	0	0	0	0	0	0	0	-1338.76	1.29474e+10	0	0        0   1.22531e+08      0      43.7764    59.3338    0
69.8769	212211885	0	199.973	0.0146557	0	0	0	0	0	0	0	0	0	0	-1339.51	2.29462e+10	0	0        0   2.17185e+08      0      59.3338    80.42    0
94.7099	371521619	0	200.074	0.0110835	0	0	0	0	0	0	0	0	0	0	-1340.03	4.01683e+10	0	0        0   3.80236e+08      0      80.42    109    0
