# 1bin_value	2data_points	3sqrt(data_points)	4W	5W_err	6e+	7e+_err	8eX 9eX_err	10e++ 	11e++_err		12eXX	13eXX_err		14e+X	15e+X_err 	16theta          17theta_err       17num_den	18num_err 19LS_err     20wt_num     21wt_num_err  22r_low   23r_high 24sig_crit
0.117769	733	0	195.054	7.61481	0.413079	1.0305	-1.69056	1.0428	0	0	0	0	0	0	-49879.6	17.7976	0	0        0   733      0      0.1    0.135538    0
0.159622	1356	0	202.545	5.82252	0.287859	0.807301	-0.0837306	0.788282	0	0	0	0	0	0	-92604.1	13.7503	0	0        0   1356      0      0.135538    0.183706    0
0.216349	2485	0	198.75	4.20501	-0.496014	0.578618	-1.08457	0.586251	0	0	0	0	0	0	-170002	9.77323	0	0        0   2485      0      0.183706    0.248992    0
0.293236	4609	0	206.047	3.20832	0.309475	0.440083	0.204011	0.437895	0	0	0	0	0	0	-316308	7.61549	0	0        0   4609      0      0.248992    0.33748    0
0.397447	8270	0	200.64	2.32976	-0.249949	0.319848	-0.158995	0.325783	0	0	0	0	0	0	-567965	5.48087	0	0        0   8270      0      0.33748    0.457415    0
0.538693	14853	0	197.72	1.71086	-0.0644397	0.239369	0.101557	0.241476	0	0	0	0	0	0	-1.01913e+06	3.98128	0	0        0   14853      0      0.457415    0.619972    0
0.730136	27780	0	201.344	1.27543	-0.159003	0.178503	0.255065	0.178624	0	0	0	0	0	0	-1.90495e+06	2.99961	0	0        0   27780      0      0.619972    0.8403    0
0.989614	50766	0	201.764	0.945529	-0.128351	0.132081	0.198886	0.131634	0	0	0	0	0	0	-3.48049e+06	2.2209	0	0        0   50766      0      0.8403    1.13893    0
1.34131	92703	0	201.307	0.698129	0.103903	0.096975	-0.0396268	0.0972681	0	0	0	0	0	0	-6.35704e+06	1.64102	0	0        0   92703      0      1.13893    1.54368    0
1.81798	169603	0	201.713	0.517071	0.0090112	0.0719789	0.0309873	0.0720343	0	0	0	0	0	0	-1.16272e+07	1.21325	0	0        0   169603      0      1.54368    2.09228    0
2.46406	310791	0	201.89	0.382441	-0.0100041	0.0532975	0.0293763	0.0533397	0	0	0	0	0	0	-2.1321e+07	0.900227	0	0        0   310791      0      2.09228    2.83584    0
3.33975	567785	0	202.188	0.283364	-0.100603	0.0395307	0.0207323	0.0394269	0	0	0	0	0	0	-3.89456e+07	0.666969	0	0        0   567785      0      2.83584    3.84365    0
4.52664	1038725	0	202.104	0.209421	0.00101962	0.029188	-0.00714563	0.0291597	0	0	0	0	0	0	-7.12411e+07	0.492942	0	0        0   1.03872e+06      0      3.84365    5.20962    0
6.13533	1902637	0	202.539	0.155086	0.0247151	0.0216014	-0.0192513	0.0215827	0	0	0	0	0	0	-1.30477e+08	0.365256	0	0        0   1.90264e+06      0      5.20962    7.06103    0
8.31572	3468756	0	202.411	0.114802	-0.00376395	0.016012	0.00335885	0.0160021	0	0	0	0	0	0	-2.37907e+08	0.270708	0	0        0   3.46876e+06      0      7.06103    9.5704    0
11.271	6318268	0	202.586	0.085151	0.00236786	0.0118632	0.0145804	0.0118682	0	0	0	0	0	0	-4.33257e+08	0.200988	0	0        0   6.31827e+06      0      9.5704    12.9716    0
15.2765	11473434	0	202.265	0.0631006	0.0146615	0.00879246	0.00275793	0.00879601	0	0	0	0	0	0	-7.86726e+08	0.149159	0	0        0   1.14734e+07      0      12.9716    17.5814    0
20.7055	20790880	0	202.288	0.0468925	0.00249933	0.0065342	0.00267499	0.00653352	0	0	0	0	0	0	-1.42565e+09	0.111051	0	0        0   2.07909e+07      0      17.5814    23.8296    0
28.0639	37526806	0	202.162	0.0348951	0.00207718	0.00486179	0.0121128	0.00486295	0	0	0	0	0	0	-2.57312e+09	0.0828606	0	0        0   3.75268e+07      0      23.8296    32.2982    0
38.0373	67304170	0	201.826	0.0260241	-0.00649258	0.00362308	0.00773879	0.00362439	0	0	0	0	0	0	-4.61458e+09	0.0619768	0	0        0   6.73042e+07      0      32.2982    43.7764    0
51.5551	119821531	0	201.301	0.019464	0.00263822	0.00270928	0.00933277	0.00270991	0	0	0	0	0	0	-8.21457e+09	0.0465248	0	0        0   1.19822e+08      0      43.7764    59.3338    0
69.8769	211613555	0	200.957	0.0146304	-0.000945606	0.00203598	0.0213974	0.00203647	0	0	0	0	0	0	-1.45052e+10	0.0351149	0	0        0   2.11614e+08      0      59.3338    80.42    0
94.7099	369579955	0	200.845	0.0110705	0.0064033	0.00154038	0.039624	0.00154055	0	0	0	0	0	0	-2.53299e+10	0.0266587	0	0        0   3.6958e+08      0      80.42    109    0
