# 1bin_value	2data_points	3sqrt(data_points)	4W	5W_err	6e+	7e+_err	8eX 9eX_err	10e++ 	11e++_err		12eXX	13eXX_err		14e+X	15e+X_err 	16theta          17theta_err       17num_den	18num_err 19LS_err     20wt_num     21wt_num_err  22r_low   23r_high 24sig_crit
0.117769	821	0	199.179	7.44679	0	0	0	0	0	0	0	0	0	0	-1333.29	89806.9	0	0        0   843      0      0.1    0.135538    0
0.159622	1505	0	202.847	5.6156	0	0	0	0	0	0	0	0	0	0	-1353.76	163491	0	0        0   1544      0      0.135538    0.183706    0
0.216349	2713	0	197.64	4.05454	0	0	0	0	0	0	0	0	0	0	-1327.57	295480	0	0        0   2776      0      0.183706    0.248992    0
0.293236	5001	0	200.399	3.02137	0	0	0	0	0	0	0	0	0	0	-1344.53	540492	0	0        0   5106      0      0.248992    0.33748    0
0.397447	9169	0	202.24	2.2552	0	0	0	0	0	0	0	0	0	0	-1355.16	992197	0	0        0   9387      0      0.33748    0.457415    0
0.538693	16755	0	201.527	1.66232	0	0	0	0	0	0	0	0	0	0	-1348.15	1.80879e+06	0	0        0   17169      0      0.457415    0.619972    0
0.730136	30425	0	199.427	1.21945	0	0	0	0	0	0	0	0	0	0	-1336.21	3.29091e+06	0	0        0   31157      0      0.619972    0.8403    0
0.989614	55869	0	200.144	0.903491	0	0	0	0	0	0	0	0	0	0	-1340.4	6.04215e+06	0	0        0   57223      0      0.8403    1.13893    0
1.34131	102295	0	200.284	0.667894	0	0	0	0	0	0	0	0	0	0	-1342.63	1.10659e+07	0	0        0   104698      0      1.13893    1.54368    0
1.81798	186833	0	200.103	0.493818	0	0	0	0	0	0	0	0	0	0	-1340.67	2.01926e+07	0	0        0   191207      0      1.54368    2.09228    0
2.46406	340558	0	199.901	0.365301	0	0	0	0	0	0	0	0	0	0	-1338.99	3.67822e+07	0	0        0   348636      0      2.09228    2.83584    0
3.33975	621806	0	199.784	0.270207	0	0	0	0	0	0	0	0	0	0	-1338.94	6.71846e+07	0	0        0   636280      0      2.83584    3.84365    0
4.52664	1139278	0	200.151	0.200019	0	0	0	0	0	0	0	0	0	0	-1341.04	1.23113e+08	0	0        0   1.16611e+06      0      3.84365    5.20962    0
6.13533	2083357	0	200.186	0.147977	0	0	0	0	0	0	0	0	0	0	-1341.09	2.25207e+08	0	0        0   2.1327e+06      0      5.20962    7.06103    0
8.31572	3805531	0	200.358	0.109595	0	0	0	0	0	0	0	0	0	0	-1342.14	4.11386e+08	0	0        0   3.89611e+06      0      7.06103    9.5704    0
11.271	6923582	0	200.191	0.0811702	0	0	0	0	0	0	0	0	0	0	-1341.11	7.4829e+08	0	0        0   7.08699e+06      0      9.5704    12.9716    0
15.2765	12596234	0	200.252	0.0602003	0	0	0	0	0	0	0	0	0	0	-1341.49	1.36133e+09	0	0        0   1.28942e+07      0      12.9716    17.5814    0
20.7055	22824235	0	200.13	0.0446961	0	0	0	0	0	0	0	0	0	0	-1340.81	2.4675e+09	0	0        0   2.33636e+07      0      17.5814    23.8296    0
28.0639	41232376	0	200.072	0.0332448	0	0	0	0	0	0	0	0	0	0	-1340.38	4.45682e+09	0	0        0   4.22037e+07      0      23.8296    32.2982    0
38.0373	74170933	0	200.151	0.0248006	0	0	0	0	0	0	0	0	0	0	-1340.89	8.01825e+09	0	0        0   7.59173e+07      0      32.2982    43.7764    0
51.5551	132541947	0	200.156	0.0185572	0	0	0	0	0	0	0	0	0	0	-1340.72	1.43301e+10	0	0        0   1.35666e+08      0      43.7764    59.3338    0
69.8769	234685554	0	200.15	0.0139493	0	0	0	0	0	0	0	0	0	0	-1340.52	2.5378e+10	0	0        0   2.40215e+08      0      59.3338    80.42    0
94.7099	410649416	0	200.217	0.0105523	0	0	0	0	0	0	0	0	0	0	-1340.84	4.4417e+10	0	0        0   4.20325e+08      0      80.42    109    0
