# 1bin_value	2data_points	3sqrt(data_points)	4W	5W_err	6e+	7e+_err	8eX 9eX_err	10e++ 	11e++_err		12eXX	13eXX_err		14e+X	15e+X_err 	16theta          17theta_err       17num_den	18num_err 19LS_err     20wt_num     21wt_num_err  22r_low   23r_high 24sig_crit
0.117769	810	0	195.197	7.25016	0.538283	0.899603	-1.23465	0.96286	0	0	0	0	0	0	-55497.2	17.0113	0	0        0   810      0      0.1    0.135538    0
0.159622	1500	0	201.055	5.50115	-0.2066	0.68729	0.703875	0.663806	0	0	0	0	0	0	-102578	13.1881	0	0        0   1500      0      0.135538    0.183706    0
0.216349	2853	0	206.306	4.09046	-0.605108	0.529006	-0.976996	0.518905	0	0	0	0	0	0	-195832	9.8163	0	0        0   2853      0      0.183706    0.248992    0
0.293236	5125	0	203.091	2.99588	-0.160646	0.381269	-0.605784	0.382179	0	0	0	0	0	0	-351080	7.07763	0	0        0   5125      0      0.248992    0.33748    0
0.397447	9030	0	196.766	2.18688	-0.197762	0.276774	0.308412	0.274322	0	0	0	0	0	0	-619673	5.14518	0	0        0   9030      0      0.33748    0.457415    0
0.538693	16725	0	198.81	1.62279	0.260168	0.205957	-0.220474	0.206446	0	0	0	0	0	0	-1.1481e+06	3.80682	0	0        0   16725      0      0.457415    0.619972    0
0.730136	30830	0	200.106	1.20371	-0.175222	0.153738	-0.0588624	0.155396	0	0	0	0	0	0	-2.11396e+06	2.83948	0	0        0   30830      0      0.619972    0.8403    0
0.989614	56427	0	200.805	0.892794	0.104887	0.113154	0.14133	0.113841	0	0	0	0	0	0	-3.87069e+06	2.10188	0	0        0   56427      0      0.8403    1.13893    0
1.34131	103259	0	200.34	0.658521	0.0346271	0.0835906	-0.0213495	0.0837184	0	0	0	0	0	0	-7.08276e+06	1.55072	0	0        0   103259      0      1.13893    1.54368    0
1.81798	188902	0	200.605	0.487554	0.0600836	0.0623159	0.103803	0.0621503	0	0	0	0	0	0	-1.29551e+07	1.14993	0	0        0   188902      0      1.54368    2.09228    0
2.46406	345475	0	201.216	0.361704	-0.0313635	0.0461517	-0.0211924	0.0460953	0	0	0	0	0	0	-2.36985e+07	0.854607	0	0        0   345475      0      2.09228    2.83584    0
3.33975	631023	0	201.138	0.267562	-0.000749755	0.034148	0.0231689	0.034188	0	0	0	0	0	0	-4.32794e+07	0.632392	0	0        0   631023      0      2.83584    3.84365    0
4.52664	1155200	0	201.25	0.197867	0.00783074	0.0252559	0.0169259	0.0252048	0	0	0	0	0	0	-7.92249e+07	0.467871	0	0        0   1.1552e+06      0      3.84365    5.20962    0
6.13533	2110388	0	201.047	0.146272	0.00563462	0.0186721	-0.00469475	0.0186594	0	0	0	0	0	0	-1.44731e+08	0.346333	0	0        0   2.11039e+06      0      5.20962    7.06103    0
8.31572	3854762	0	201.319	0.108395	0.0116193	0.0138282	0.0133201	0.013816	0	0	0	0	0	0	-2.64334e+08	0.256946	0	0        0   3.85476e+06      0      7.06103    9.5704    0
11.271	7025345	0	201.512	0.0803902	-0.0107263	0.0102541	0.0174656	0.0102518	0	0	0	0	0	0	-4.81795e+08	0.190955	0	0        0   7.02534e+06      0      9.5704    12.9716    0
15.2765	12768283	0	201.407	0.0596142	-0.0167198	0.00760434	0.00726393	0.00760106	0	0	0	0	0	0	-8.7557e+08	0.141843	0	0        0   1.27683e+07      0      12.9716    17.5814    0
20.7055	23142895	0	201.453	0.0443028	-0.0136186	0.00565124	-0.0117107	0.00564911	0	0	0	0	0	0	-1.58704e+09	0.105611	0	0        0   2.31429e+07      0      17.5814    23.8296    0
28.0639	41830973	0	201.62	0.0329934	-0.0172314	0.00420626	-0.00506932	0.00420628	0	0	0	0	0	0	-2.86851e+09	0.078868	0	0        0   4.1831e+07      0      23.8296    32.2982    0
38.0373	75177373	0	201.599	0.024621	-0.0132908	0.0031389	0.0046562	0.00313804	0	0	0	0	0	0	-5.15465e+09	0.0590483	0	0        0   7.51774e+07      0      32.2982    43.7764    0
51.5551	134232931	0	201.559	0.0184343	-0.0128195	0.00234911	0.0132972	0.00234875	0	0	0	0	0	0	-9.20308e+09	0.0444021	0	0        0   1.34233e+08      0      43.7764    59.3338    0
69.8769	237625331	0	201.604	0.013868	-0.00721904	0.00176637	0.00844747	0.00176615	0	0	0	0	0	0	-1.62897e+10	0.0335478	0	0        0   2.37625e+08      0      59.3338    80.42    0
94.7099	415907102	0	201.846	0.0105033	-0.00530914	0.00133693	0.00768714	0.00133672	0	0	0	0	0	0	-2.85078e+10	0.0255272	0	0        0   4.15907e+08      0      80.42    109    0
