# 1bin_value	2data_points	3sqrt(data_points)	4W	5W_err	6e+	7e+_err	8eX 9eX_err	10e++ 	11e++_err		12eXX	13eXX_err		14e+X	15e+X_err 	16theta          17theta_err       17num_den	18num_err 19LS_err     20wt_num     21wt_num_err  22r_low   23r_high 24sig_crit
0.117769	672	0	1583.42	77.1684	25.2503	7.16771	4.04146	7.76452	0	0	0	0	0	0	-45738.2	310.524	0	0        0   691      0      0.1    0.135538    0
0.159622	951	0	1247.35	48.5869	8.55798	5.20652	4.01999	5.37855	0	0	0	0	0	0	-64842.6	176.104	0	0        0   981      0      0.135538    0.183706    0
0.216349	1410	0	980.843	30.2374	18.0478	3.44641	0.924583	3.48506	0	0	0	0	0	0	-96723	98.5007	0	0        0   1451      0      0.183706    0.248992    0
0.293236	2284	0	872.574	20.58	7.76229	2.52261	4.10237	2.41919	0	0	0	0	0	0	-156566	61.6624	0	0        0   2348      0      0.248992    0.33748    0
0.397447	3407	0	717.752	13.5013	5.09591	1.67227	1.00141	1.64184	0	0	0	0	0	0	-233481	35.1928	0	0        0   3517      0      0.33748    0.457415    0
0.538693	4685	0	544.352	8.53405	2.3392	1.08791	-0.841194	1.0695	0	0	0	0	0	0	-321651	19.2278	0	0        0   4823      0      0.457415    0.619972    0
0.730136	6874	0	433.788	5.50414	1.32861	0.712497	-0.107345	0.714846	0	0	0	0	0	0	-471667	10.6975	0	0        0   7049      0      0.619972    0.8403    0
0.989614	10831	0	374.741	3.74504	1.42475	0.503007	0.57875	0.491753	0	0	0	0	0	0	-742004	6.29393	0	0        0   11101      0      0.8403    1.13893    0
1.34131	17161	0	324.323	2.55919	0.690614	0.336686	0.408051	0.332125	0	0	0	0	0	0	-1.17642e+06	4.05933	0	0        0   17536      0      1.13893    1.54368    0
1.81798	28701	0	298.638	1.81711	0.455356	0.242423	-0.384497	0.238919	0	0	0	0	0	0	-1.96823e+06	2.72816	0	0        0   29353      0      1.54368    2.09228    0
2.46406	49473	0	282.746	1.30808	0.718973	0.173043	-0.170171	0.173052	0	0	0	0	0	0	-3.3923e+06	1.8991	0	0        0   50592      0      2.09228    2.83584    0
3.33975	84179	0	263.805	0.933695	0.255719	0.123561	0.073823	0.123576	0	0	0	0	0	0	-5.77107e+06	1.3015	0	0        0   86051      0      2.83584    3.84365    0
4.52664	145149	0	249.162	0.67041	0.344736	0.0888224	0.0532393	0.0888933	0	0	0	0	0	0	-9.94975e+06	0.916685	0	0        0   148260      0      3.84365    5.20962    0
6.13533	254206	0	239.341	0.486581	0.378833	0.0646348	0.00626327	0.064489	0	0	0	0	0	0	-1.7434e+07	0.653745	0	0        0   259836      0      5.20962    7.06103    0
8.31572	443965	0	229.467	0.352663	0.249113	0.0468971	0.0416279	0.0467696	0	0	0	0	0	0	-3.04483e+07	0.467572	0	0        0   453588      0      7.06103    9.5704    0
11.271	782353	0	222.462	0.257488	0.131632	0.0342433	0.0277093	0.0341836	0	0	0	0	0	0	-5.3677e+07	0.339527	0	0        0   799268      0      9.5704    12.9716    0
15.2765	1378300	0	215.815	0.188161	0.162513	0.0250495	0.00280542	0.0250298	0	0	0	0	0	0	-9.45254e+07	0.247902	0	0        0   1.40779e+06      0      12.9716    17.5814    0
20.7055	2448027	0	211.714	0.13848	0.151302	0.0184183	-0.00119293	0.0184311	0	0	0	0	0	0	-1.67885e+08	0.182694	0	0        0   2.49944e+06      0      17.5814    23.8296    0
28.0639	4353260	0	208.697	0.102401	0.0345077	0.0136094	0.0402613	0.0136123	0	0	0	0	0	0	-2.98509e+08	0.135755	0	0        0   4.44534e+06      0      23.8296    32.2982    0
38.0373	7709627	0	205.777	0.0758984	0.0653527	0.0101078	0.055629	0.0101025	0	0	0	0	0	0	-5.28567e+08	0.101738	0	0        0   7.87136e+06      0      32.2982    43.7764    0
51.5551	13612436	0	203.612	0.0565545	0.0379189	0.00752747	0.0262224	0.0075322	0	0	0	0	0	0	-9.32952e+08	0.0767815	0	0        0   1.39004e+07      0      43.7764    59.3338    0
69.8769	23958496	0	202.553	0.0424348	0.0347183	0.00564309	0.0095753	0.0056438	0	0	0	0	0	0	-1.64194e+09	0.0583992	0	0        0   2.44641e+07      0      59.3338    80.42    0
94.7099	41868217	0	202.516	0.0321127	0.00569554	0.00426774	0.0106831	0.00426903	0	0	0	0	0	0	-2.86948e+09	0.0446655	0	0        0   4.27529e+07      0      80.42    109    0
