# 1bin_value	2data_points	3sqrt(data_points)	4W	5W_err	6e+	7e+_err	8eX 9eX_err	10e++ 	11e++_err		12eXX	13eXX_err		14e+X	15e+X_err 	16theta          17theta_err       17num_den	18num_err 19LS_err     20wt_num     21wt_num_err  22r_low   23r_high 24sig_crit
0.117769	594	0	1265.21	62.7147	14.7936	7.19022	5.3483	7.10366	0	0	0	0	0	0	-40541.7	233.703	0	0        0   605      0      0.1    0.135538    0
0.159622	829	0	1008.79	40.5244	10.8312	4.79873	5.1284	4.48056	0	0	0	0	0	0	-56930.1	133.364	0	0        0   853      0      0.135538    0.183706    0
0.216349	1267	0	870.25	27.8809	6.34106	3.37183	2.27979	3.24169	0	0	0	0	0	0	-86960	85.4539	0	0        0   1317      0      0.183706    0.248992    0
0.293236	2158	0	816.692	19.7625	6.52078	2.52427	-0.0935226	2.43854	0	0	0	0	0	0	-148319	57.9399	0	0        0   2223      0      0.248992    0.33748    0
0.397447	3237	0	671.205	12.8695	5.18545	1.65623	0.646415	1.60611	0	0	0	0	0	0	-222182	33.0135	0	0        0   3332      0      0.33748    0.457415    0
0.538693	4374	0	502.617	8.10295	3.17482	1.09362	-2.5037	1.07285	0	0	0	0	0	0	-300160	17.274	0	0        0   4517      0      0.457415    0.619972    0
0.730136	6567	0	411.23	5.33549	1.58141	0.734632	-0.345463	0.725139	0	0	0	0	0	0	-450421	10.1948	0	0        0   6744      0      0.619972    0.8403    0
0.989614	10461	0	360.984	3.67516	0.503281	0.497781	-0.573742	0.494941	0	0	0	0	0	0	-716065	6.31362	0	0        0   10732      0      0.8403    1.13893    0
1.34131	16573	0	312.804	2.51369	0.985536	0.349511	-0.373192	0.343026	0	0	0	0	0	0	-1.1362e+06	4.03979	0	0        0   16947      0      1.13893    1.54368    0
1.81798	27872	0	288.814	1.78569	0.549982	0.245646	-0.0855458	0.244329	0	0	0	0	0	0	-1.91264e+06	2.75441	0	0        0   28492      0      1.54368    2.09228    0
2.46406	48702	0	276.761	1.29041	0.457381	0.178699	0.0155621	0.178049	0	0	0	0	0	0	-3.33828e+06	1.90813	0	0        0   49777      0      2.09228    2.83584    0
3.33975	84079	0	262.086	0.928617	0.477499	0.127812	-0.0713131	0.128812	0	0	0	0	0	0	-5.7632e+06	1.31162	0	0        0   85950      0      2.83584    3.84365    0
4.52664	144476	0	247.085	0.667363	0.286639	0.0924553	-0.131646	0.0923283	0	0	0	0	0	0	-9.90162e+06	0.932642	0	0        0   147629      0      3.84365    5.20962    0
6.13533	251908	0	235.952	0.482045	0.232644	0.0667593	0.0937781	0.0670581	0	0	0	0	0	0	-1.72742e+07	0.665297	0	0        0   257285      0      5.20962    7.06103    0
8.31572	443022	0	227.756	0.350765	0.209127	0.0486699	0.0828488	0.0486732	0	0	0	0	0	0	-3.03652e+07	0.480693	0	0        0   452374      0      7.06103    9.5704    0
11.271	779233	0	220.638	0.256262	0.162668	0.035607	-0.0235343	0.0356028	0	0	0	0	0	0	-5.34481e+07	0.350301	0	0        0   796082      0      9.5704    12.9716    0
15.2765	1381236	0	215.387	0.187904	0.140451	0.0260887	-0.014349	0.0260494	0	0	0	0	0	0	-9.47283e+07	0.258025	0	0        0   1.41071e+06      0      12.9716    17.5814    0
20.7055	2443253	0	210.473	0.138062	0.145546	0.0191398	-0.00480117	0.0191502	0	0	0	0	0	0	-1.67567e+08	0.190264	0	0        0   2.49483e+06      0      17.5814    23.8296    0
28.0639	4339995	0	207.225	0.102004	0.156658	0.014141	0.00203777	0.0141455	0	0	0	0	0	0	-2.97586e+08	0.1414	0	0        0   4.43075e+06      0      23.8296    32.2982    0
38.0373	7702085	0	204.819	0.0757187	0.103281	0.0105046	0.0370436	0.0105058	0	0	0	0	0	0	-5.27992e+08	0.106203	0	0        0   7.86247e+06      0      32.2982    43.7764    0
51.5551	13621923	0	203.03	0.0564682	0.0711511	0.00781981	0.0289214	0.00783285	0	0	0	0	0	0	-9.33651e+08	0.0800402	0	0        0   1.39067e+07      0      43.7764    59.3338    0
69.8769	24014160	0	202.235	0.0423858	0.0429944	0.00586969	0.0250333	0.00587223	0	0	0	0	0	0	-1.64582e+09	0.0606846	0	0        0   2.45156e+07      0      59.3338    80.42    0
94.7099	42041820	0	202.409	0.0320612	0.0304736	0.00443787	0.0318441	0.00444098	0	0	0	0	0	0	-2.88124e+09	0.0457258	0	0        0   4.29238e+07      0      80.42    109    0
