# 1bin_value	2data_points	3sqrt(data_points)	4W	5W_err	6e+	7e+_err	8eX 9eX_err	10e++ 	11e++_err		12eXX	13eXX_err		14e+X	15e+X_err 	16theta          17theta_err       17num_den	18num_err 19LS_err     20wt_num     21wt_num_err  22r_low   23r_high 24sig_crit
0.117769	666	inf	1361.99	77.3674	26.5851	7.19638	5.89757	7.80762	0	0	0	0	0	0	-9094.92	308.729	0	inf        0   0      0      0.1    0.135538    0
0.159622	937	22.2797	1013.05	49.2995	8.63521	5.26728	3.97081	5.43738	0	0	0	0	0	0	-6767.92	178.883	0	22.2797        0   0      0      0.135538    0.183706    0
0.216349	1403	13.1775	764.533	30.7612	18.319	3.48731	1.71967	3.52362	0	0	0	0	0	0	-5088.45	99.6224	0	13.1775        0   0      0      0.183706    0.248992    0
0.293236	2275	8.9331	661.826	20.9867	7.84367	2.54924	4.85644	2.4475	0	0	0	0	0	0	-4400.74	62.1829	0	8.9331        0   0      0      0.248992    0.33748    0
0.397447	3392	6.32806	516.363	13.8471	5.99921	1.69396	0.692519	1.66426	0	0	0	0	0	0	-3395.45	35.7038	0	6.32806        0   0      0      0.33748    0.457415    0
0.538693	4691	4.79204	344.591	8.83991	2.25334	1.10694	-0.790864	1.08869	0	0	0	0	0	0	-2266.57	19.6062	0	4.79204        0   0      0      0.457415    0.619972    0
0.730136	6864	3.56194	234.315	5.76361	1.50045	0.729119	-0.209883	0.731723	0	0	0	0	0	0	-1527.59	11.1089	0	3.56194        0   0      0      0.619972    0.8403    0
0.989614	10801	2.58803	173.43	3.95234	1.30116	0.515364	0.467379	0.504612	0	0	0	0	0	0	-1120.97	6.77658	0	2.58803        0   0      0      0.8403    1.13893    0
1.34131	17127	1.952	124.318	2.72444	0.588883	0.346935	0.477355	0.342556	0	0	0	0	0	0	-797.887	4.4068	0	1.952        0   0      0      1.13893    1.54368    0
1.81798	28676	1.44731	97.938	1.94446	0.422285	0.25031	-0.508346	0.246875	0	0	0	0	0	0	-624.074	2.98632	0	1.44731        0   0      0      1.54368    2.09228    0
2.46406	49361	1.07243	81.3604	1.40497	0.731471	0.179093	-0.129679	0.179087	0	0	0	0	0	0	-511.037	2.1242	0	1.07243        0   0      0      2.09228    2.83584    0
3.33975	84055	0.797994	62.0873	1.00812	0.264582	0.128216	0.0625296	0.128241	0	0	0	0	0	0	-387.439	1.4646	0	0.797994        0   0      0      2.83584    3.84365    0
4.52664	144832	0.593186	46.8889	0.727005	0.351485	0.0923594	0.0307381	0.0924144	0	0	0	0	0	0	-288.682	1.05063	0	0.593186        0   0      0      3.84365    5.20962    0
6.13533	253744	0.439025	37.906	0.529202	0.390173	0.0673031	0.025614	0.0671598	0	0	0	0	0	0	-224.324	0.752273	0	0.439025        0   0      0      5.20962    7.06103    0
8.31572	443091	0.327	28.0643	0.384867	0.244268	0.0489164	0.0303179	0.0487905	0	0	0	0	0	0	-157.162	0.543028	0	0.327        0   0      0      7.06103    9.5704    0
11.271	780489	0.243363	20.4036	0.281796	0.156189	0.0357703	0.0154984	0.0357127	0	0	0	0	0	0	-108.811	0.398428	0	0.243363        0   0      0      9.5704    12.9716    0
15.2765	1374546	0.18164	13.8278	0.206466	0.181957	0.0262016	-0.0068022	0.0261818	0	0	0	0	0	0	-64.7246	0.29311	0	0.18164        0   0      0      12.9716    17.5814    0
20.7055	2441128	0.135462	9.68019	0.152245	0.168859	0.0192884	0.00512834	0.0193001	0	0	0	0	0	0	-37.6668	0.216724	0	0.135462        0   0      0      17.5814    23.8296    0
28.0639	4340291	0.101236	6.55289	0.112738	0.0588276	0.0142648	0.0393568	0.0142676	0	0	0	0	0	0	-16.1084	0.161544	0	0.101236        0   0      0      23.8296    32.2982    0
38.0373	7684140	0.0759128	3.54832	0.0836857	0.0801283	0.0106023	0.0514078	0.0105969	0	0	0	0	0	0	3.42232	0.121429	0	0.0759128        0   0      0      32.2982    43.7764    0
51.5551	13560560	0.0570677	1.42291	0.0624325	0.0431433	0.00790211	0.0172656	0.00790653	0	0	0	0	0	0	18.5496	0.0918233	0	0.0570677        0   0      0      43.7764    59.3338    0
69.8769	23849288	0.043005	0.210124	0.0468836	0.0374568	0.00592764	0.010691	0.00592826	0	0	0	0	0	0	26.0884	0.0701325	0	0.043005        0   0      0      59.3338    80.42    0
94.7099	41641931	0.0325372	-0.228332	0.0354902	0.0119564	0.00448423	0.00720408	0.0044854	0	0	0	0	0	0	28.5653	0.0538818	0	0.0325372        0   0      0      80.42    109    0
