# 1bin_value	2data_points	3sqrt(data_points)	4W	5W_err	6e+	7e+_err	8eX 9eX_err	10e++ 	11e++_err		12eXX	13eXX_err		14e+X	15e+X_err 	16theta          17theta_err       17num_den	18num_err 19LS_err     20wt_num     21wt_num_err  22r_low   23r_high 24sig_crit
0.117769	739	0	196.796	7.62498	0.464578	1.03107	-1.6474	1.04264	0	0	0	0	0	0	-50308.6	17.2871	0	0        0   739      0      0.1    0.135538    0
0.159622	1371	0	204.688	5.82724	0.424948	0.806264	-0.214635	0.788138	0	0	0	0	0	0	-93612.1	13.3381	0	0        0   1371      0      0.135538    0.183706    0
0.216349	2500	0	199.984	4.2082	-0.495121	0.578793	-0.947226	0.586466	0	0	0	0	0	0	-171158	9.54637	0	0        0   2500      0      0.183706    0.248992    0
0.293236	4641	0	207.217	3.20597	0.296881	0.439573	0.106791	0.437404	0	0	0	0	0	0	-318529	7.43518	0	0        0   4641      0      0.248992    0.33748    0
0.397447	8328	0	201.902	2.32951	-0.254541	0.319624	-0.137527	0.325557	0	0	0	0	0	0	-571830	5.36367	0	0        0   8328      0      0.33748    0.457415    0
0.538693	14939	0	198.659	1.70978	-0.0597282	0.239114	0.0783711	0.241213	0	0	0	0	0	0	-1.02498e+06	3.90117	0	0        0   14939      0      0.457415    0.619972    0
0.730136	27972	0	202.655	1.27567	-0.1428	0.178434	0.251243	0.178554	0	0	0	0	0	0	-1.91805e+06	2.93435	0	0        0   27972      0      0.619972    0.8403    0
0.989614	51123	0	203.085	0.945668	-0.143607	0.132023	0.201154	0.131574	0	0	0	0	0	0	-3.50497e+06	2.17153	0	0        0   51123      0      0.8403    1.13893    0
1.34131	93381	0	202.723	0.69838	0.0838071	0.0969467	-0.0324018	0.0972408	0	0	0	0	0	0	-6.40318e+06	1.60386	0	0        0   93381      0      1.13893    1.54368    0
1.81798	170628	0	202.855	0.517146	0.00487002	0.0719523	0.0253836	0.0720069	0	0	0	0	0	0	-1.16972e+07	1.19014	0	0        0   170628      0      1.54368    2.09228    0
2.46406	312874	0	203.147	0.382476	-0.0188716	0.0532719	0.0369018	0.0533139	0	0	0	0	0	0	-2.14647e+07	0.880656	0	0        0   312874      0      2.09228    2.83584    0
3.33975	571547	0	203.382	0.283314	-0.105681	0.0395023	0.0253991	0.0393986	0	0	0	0	0	0	-3.9204e+07	0.652502	0	0        0   571547      0      2.83584    3.84365    0
4.52664	1045624	0	203.301	0.209386	0.0037905	0.0291672	-0.00120775	0.029139	0	0	0	0	0	0	-7.17138e+07	0.482323	0	0        0   1.04562e+06      0      3.84365    5.20962    0
6.13533	1914939	0	203.681	0.155041	0.0221617	0.0215838	-0.0225361	0.0215652	0	0	0	0	0	0	-1.31322e+08	0.357508	0	0        0   1.91494e+06      0      5.20962    7.06103    0
8.31572	3492096	0	203.594	0.114763	-0.00468405	0.015998	0.00166301	0.0159881	0	0	0	0	0	0	-2.39509e+08	0.264735	0	0        0   3.4921e+06      0      7.06103    9.5704    0
11.271	6361616	0	203.767	0.0851094	-0.00564849	0.011851	0.0159369	0.0118561	0	0	0	0	0	0	-4.36225e+08	0.196448	0	0        0   6.36162e+06      0      9.5704    12.9716    0
15.2765	11556354	0	203.499	0.0630657	0.0112285	0.00878268	0.00421433	0.00878622	0	0	0	0	0	0	-7.92417e+08	0.145596	0	0        0   1.15564e+07      0      12.9716    17.5814    0
20.7055	20946467	0	203.557	0.0468633	-0.00111372	0.00652637	0.0021996	0.00652569	0	0	0	0	0	0	-1.43633e+09	0.108302	0	0        0   2.09465e+07      0      17.5814    23.8296    0
28.0639	37830599	0	203.542	0.0348734	-0.00134288	0.00485571	0.0125025	0.00485687	0	0	0	0	0	0	-2.59393e+09	0.08067	0	0        0   3.78306e+07      0      23.8296    32.2982    0
38.0373	67905945	0	203.329	0.0260036	-0.00847536	0.00361775	0.00818982	0.00361906	0	0	0	0	0	0	-4.65585e+09	0.0601623	0	0        0   6.79059e+07      0      32.2982    43.7764    0
51.5551	121035165	0	202.952	0.0194417	0.00233594	0.00270413	0.00660487	0.00270477	0	0	0	0	0	0	-8.29782e+09	0.0449711	0	0        0   1.21035e+08      0      43.7764    59.3338    0
69.8769	213979650	0	202.728	0.014608	0.00264708	0.00203122	0.0165823	0.00203171	0	0	0	0	0	0	-1.46673e+10	0.0338186	0	0        0   2.1398e+08      0      59.3338    80.42    0
94.7099	373836961	0	202.648	0.0110519	0.0110916	0.00153652	0.0407751	0.00153668	0	0	0	0	0	0	-2.56203e+10	0.0256555	0	0        0   3.73837e+08      0      80.42    109    0
