# 1bin_value	2data_points	3sqrt(data_points)	4W	5W_err	6e+	7e+_err	8eX 9eX_err	10e++ 	11e++_err		12eXX	13eXX_err		14e+X	15e+X_err 	16theta          17theta_err       17num_den	18num_err 19LS_err     20wt_num     21wt_num_err  22r_low   23r_high 24sig_crit
0.117769	820	0	199.299	7.46598	0	0	0	0	0	0	0	0	0	0	-1334.03	89806.9	0	0        0   842      0      0.1    0.135538    0
0.159622	1516	0	204.431	5.61914	0	0	0	0	0	0	0	0	0	0	-1364.1	163491	0	0        0   1556      0      0.135538    0.183706    0
0.216349	2703	0	197.321	4.0598	0	0	0	0	0	0	0	0	0	0	-1325.08	295480	0	0        0   2767      0      0.183706    0.248992    0
0.293236	5004	0	200.871	3.02659	0	0	0	0	0	0	0	0	0	0	-1347.37	540492	0	0        0   5110      0      0.248992    0.33748    0
0.397447	9155	0	202.144	2.25762	0	0	0	0	0	0	0	0	0	0	-1354.68	992197	0	0        0   9372      0      0.33748    0.457415    0
0.538693	16722	0	201.331	1.66359	0	0	0	0	0	0	0	0	0	0	-1345.97	1.80879e+06	0	0        0   17139      0      0.457415    0.619972    0
0.730136	30352	0	199.177	1.22062	0	0	0	0	0	0	0	0	0	0	-1334.33	3.29091e+06	0	0        0   31085      0      0.619972    0.8403    0
0.989614	55786	0	200.064	0.904355	0	0	0	0	0	0	0	0	0	0	-1339.83	6.04215e+06	0	0        0   57143      0      0.8403    1.13893    0
1.34131	102174	0	200.269	0.66863	0	0	0	0	0	0	0	0	0	0	-1342.57	1.10659e+07	0	0        0   104575      0      1.13893    1.54368    0
1.81798	186628	0	200.084	0.494312	0	0	0	0	0	0	0	0	0	0	-1340.61	2.01926e+07	0	0        0   190995      0      1.54368    2.09228    0
2.46406	340101	0	199.891	0.365761	0	0	0	0	0	0	0	0	0	0	-1338.86	3.67822e+07	0	0        0   348188      0      2.09228    2.83584    0
3.33975	620723	0	199.708	0.270545	0	0	0	0	0	0	0	0	0	0	-1338.36	6.71846e+07	0	0        0   635214      0      2.83584    3.84365    0
4.52664	1137170	0	200.099	0.200319	0	0	0	0	0	0	0	0	0	0	-1340.59	1.23113e+08	0	0        0   1.16402e+06      0      3.84365    5.20962    0
6.13533	2079450	0	200.167	0.148231	0	0	0	0	0	0	0	0	0	0	-1340.88	2.25207e+08	0	0        0   2.12879e+06      0      5.20962    7.06103    0
8.31572	3797056	0	200.32	0.10981	0	0	0	0	0	0	0	0	0	0	-1341.8	4.11386e+08	0	0        0   3.8877e+06      0      7.06103    9.5704    0
11.271	6905738	0	200.156	0.0813604	0	0	0	0	0	0	0	0	0	0	-1340.81	7.4829e+08	0	0        0   7.06903e+06      0      9.5704    12.9716    0
15.2765	12554224	0	200.192	0.0603781	0	0	0	0	0	0	0	0	0	0	-1341.01	1.36133e+09	0	0        0   1.28519e+07      0      12.9716    17.5814    0
20.7055	22731929	0	200.08	0.0448629	0	0	0	0	0	0	0	0	0	0	-1340.4	2.4675e+09	0	0        0   2.32703e+07      0      17.5814    23.8296    0
28.0639	41019327	0	200.013	0.0334047	0	0	0	0	0	0	0	0	0	0	-1339.89	4.45682e+09	0	0        0   4.19881e+07      0      23.8296    32.2982    0
38.0373	73691294	0	200.112	0.0249549	0	0	0	0	0	0	0	0	0	0	-1340.53	8.01825e+09	0	0        0   7.54312e+07      0      32.2982    43.7764    0
51.5551	131483666	0	200.141	0.0187037	0	0	0	0	0	0	0	0	0	0	-1340.52	1.43301e+10	0	0        0   1.34591e+08      0      43.7764    59.3338    0
69.8769	232446951	0	200.143	0.0140823	0	0	0	0	0	0	0	0	0	0	-1340.39	2.5378e+10	0	0        0   2.37937e+08      0      59.3338    80.42    0
94.7099	406181727	0	200.185	0.0106658	0	0	0	0	0	0	0	0	0	0	-1340.52	4.4417e+10	0	0        0   4.15779e+08      0      80.42    109    0
