# 1bin_value	2data_points	3sqrt(data_points)	4W	5W_err	6e+	7e+_err	8eX 9eX_err	10e++ 	11e++_err		12eXX	13eXX_err		14e+X	15e+X_err 	16theta          17theta_err       17num_den	18num_err 19LS_err     20wt_num     21wt_num_err  22r_low   23r_high 24sig_crit
0.117769	667	inf	1365.63	77.4844	24.7485	7.20362	4.64328	7.81073	0	0	0	0	0	0	-9104.37	309.379	0	inf        0   0      0      0.1    0.135538    0
0.159622	949	22.1138	1025.58	49.2264	8.92246	5.25203	2.74382	5.42189	0	0	0	0	0	0	-6844.97	176.967	0	22.1138        0   0      0      0.135538    0.183706    0
0.216349	1410	13.213	770.328	30.846	18.2681	3.49229	2.48252	3.52812	0	0	0	0	0	0	-5129.62	99.3063	0	13.213        0   0      0      0.183706    0.248992    0
0.293236	2289	8.8809	667.224	21.0149	7.50724	2.55073	5.35986	2.44899	0	0	0	0	0	0	-4441.14	61.7272	0	8.8809        0   0      0      0.248992    0.33748    0
0.397447	3398	6.31854	518.045	13.865	5.60294	1.69522	0.625678	1.6663	0	0	0	0	0	0	-3406.81	35.7519	0	6.31854        0   0      0      0.33748    0.457415    0
0.538693	4686	4.80141	343.825	8.83746	2.19018	1.10684	-0.733828	1.08879	0	0	0	0	0	0	-2264.52	19.6028	0	4.80141        0   0      0      0.457415    0.619972    0
0.730136	6868	3.56042	234.534	5.76406	1.416	0.729174	-0.118478	0.73189	0	0	0	0	0	0	-1528.46	11.1014	0	3.56042        0   0      0      0.619972    0.8403    0
0.989614	10775	2.58828	172.564	3.95369	1.43229	0.515646	0.433512	0.504854	0	0	0	0	0	0	-1116.99	6.83685	0	2.58828        0   0      0      0.8403    1.13893    0
1.34131	17103	1.95358	123.897	2.72411	0.650366	0.346902	0.55934	0.342516	0	0	0	0	0	0	-794.869	4.44691	0	1.95358        0   0      0      1.13893    1.54368    0
1.81798	28672	1.44708	98.286	1.94469	0.430318	0.250345	-0.475448	0.24691	0	0	0	0	0	0	-625.936	2.97887	0	1.44708        0   0      0      1.54368    2.09228    0
2.46406	49350	1.0718	81.2856	1.40493	0.710933	0.179104	-0.0965863	0.179089	0	0	0	0	0	0	-510.705	2.12517	0	1.0718        0   0      0      2.09228    2.83584    0
3.33975	83883	0.798442	61.5583	1.00816	0.243467	0.128227	0.0608622	0.128251	0	0	0	0	0	0	-383.887	1.4855	0	0.798442        0   0      0      2.83584    3.84365    0
4.52664	144654	0.593452	46.7139	0.727004	0.344344	0.0923608	0.033923	0.0924167	0	0	0	0	0	0	-287.066	1.05908	0	0.593452        0   0      0      3.84365    5.20962    0
6.13533	253481	0.439216	37.7927	0.529236	0.37814	0.0673084	0.0276026	0.067165	0	0	0	0	0	0	-223.319	0.758103	0	0.439216        0   0      0      5.20962    7.06103    0
8.31572	442399	0.327205	27.8702	0.384903	0.250221	0.048922	0.0198827	0.048796	0	0	0	0	0	0	-155.38	0.55055	0	0.327205        0   0      0      7.06103    9.5704    0
11.271	779891	0.243428	20.3474	0.281813	0.149734	0.035773	0.0134767	0.0357152	0	0	0	0	0	0	-108.365	0.400797	0	0.243428        0   0      0      9.5704    12.9716    0
15.2765	1373837	0.181683	13.8331	0.206483	0.180507	0.0262039	-0.00624566	0.026184	0	0	0	0	0	0	-64.3081	0.294436	0	0.181683        0   0      0      12.9716    17.5814    0
20.7055	2438009	0.13554	9.55139	0.152261	0.169476	0.0192907	0.00459582	0.0193024	0	0	0	0	0	0	-36.3448	0.219226	0	0.13554        0   0      0      17.5814    23.8296    0
28.0639	4331547	0.101328	6.30619	0.112765	0.0556401	0.0142685	0.0380089	0.0142713	0	0	0	0	0	0	-14.0471	0.164344	0	0.101328        0   0      0      23.8296    32.2982    0
38.0373	7668450	0.0759839	3.41075	0.0837238	0.0788066	0.0106073	0.0473437	0.010602	0	0	0	0	0	0	4.84534	0.123481	0	0.0759839        0   0      0      32.2982    43.7764    0
51.5551	13528627	0.0571319	1.3238	0.0624791	0.0491783	0.00790818	0.0180374	0.0079126	0	0	0	0	0	0	19.6588	0.0936852	0	0.0571319        0   0      0      43.7764    59.3338    0
69.8769	23780498	0.0430648	0.101722	0.046933	0.0437677	0.00593403	0.00781093	0.00593466	0	0	0	0	0	0	27.1126	0.0718739	0	0.0430648        0   0      0      59.3338    80.42    0
94.7099	41514134	0.0325858	-0.328526	0.0355396	0.0144722	0.00449057	0.00377285	0.00449174	0	0	0	0	0	0	29.3734	0.0553528	0	0.0325858        0   0      0      80.42    109    0
