# 1bin_value	2data_points	3sqrt(data_points)	4W	5W_err	6e+	7e+_err	8eX 9eX_err	10e++ 	11e++_err		12eXX	13eXX_err		14e+X	15e+X_err 	16theta          17theta_err       17num_den	18num_err 19LS_err     20wt_num     21wt_num_err  22r_low   23r_high 24sig_crit
0.117769	439	0	991.263	54.6225	7.69041	7.51617	-0.0667262	6.62413	0	0	0	0	0	0	-30222.5	184.837	0	0        0   446      0      0.1    0.135538    0
0.159622	653	0	877.801	38.9327	6.29708	5.46446	6.1478	5.48802	0	0	0	0	0	0	-44879.4	120.421	0	0        0   670      0      0.135538    0.183706    0
0.216349	1012	0	702.558	24.4684	5.40025	3.52384	1.45647	3.50752	0	0	0	0	0	0	-69033.8	69.0813	0	0        0   1032      0      0.183706    0.248992    0
0.293236	1741	0	671.071	17.6324	3.20647	2.52889	0.874268	2.54802	0	0	0	0	0	0	-119524	46.8419	0	0        0   1791      0      0.248992    0.33748    0
0.397447	2744	0	580.664	11.9345	2.6948	1.80078	-0.737527	1.7779	0	0	0	0	0	0	-188056	27.542	0	0        0   2838      0      0.33748    0.457415    0
0.538693	3933	0	459.67	7.74345	2.08441	1.1626	0.514322	1.18118	0	0	0	0	0	0	-269270	15.6905	0	0        0   4047      0      0.457415    0.619972    0
0.730136	6140	0	391.836	5.23929	1.5767	0.802512	0.578604	0.793094	0	0	0	0	0	0	-420853	9.52547	0	0        0   6303      0      0.619972    0.8403    0
0.989614	9677	0	338.324	3.56509	0.752021	0.542756	-0.50046	0.56221	0	0	0	0	0	0	-663629	5.9595	0	0        0   9898      0      0.8403    1.13893    0
1.34131	15936	0	306.079	2.50597	0.339277	0.392022	-0.413238	0.389517	0	0	0	0	0	0	-1.0929e+06	3.94207	0	0        0   16300      0      1.13893    1.54368    0
1.81798	26878	0	282.587	1.77539	0.750557	0.276234	0.349999	0.273552	0	0	0	0	0	0	-1.84383e+06	2.70224	0	0        0   27441      0      1.54368    2.09228    0
2.46406	46655	0	269.181	1.28011	0.401067	0.199592	-0.282857	0.199993	0	0	0	0	0	0	-3.19825e+06	1.87457	0	0        0   47596      0      2.09228    2.83584    0
3.33975	80768	0	255.826	0.924908	0.30486	0.144416	-0.12452	0.143325	0	0	0	0	0	0	-5.53612e+06	1.31837	0	0        0   82513      0      2.83584    3.84365    0
4.52664	140959	0	244.949	0.669632	0.228364	0.104715	0.12316	0.104182	0	0	0	0	0	0	-9.66749e+06	0.928132	0	0        0   144108      0      3.84365    5.20962    0
6.13533	246972	0	234.981	0.484864	0.219246	0.0756259	-0.134624	0.0757036	0	0	0	0	0	0	-1.6939e+07	0.667098	0	0        0   252269      0      5.20962    7.06103    0
8.31572	432600	0	225.848	0.351813	0.111031	0.0549651	0.162461	0.0550318	0	0	0	0	0	0	-2.96744e+07	0.47682	0	0        0   441788      0      7.06103    9.5704    0
11.271	763556	0	219.401	0.257206	0.132584	0.0401717	0.044369	0.0402381	0	0	0	0	0	0	-5.23807e+07	0.345562	0	0        0   779844      0      9.5704    12.9716    0
15.2765	1352616	0	214.019	0.188534	0.184235	0.0294153	0.0454604	0.0294543	0	0	0	0	0	0	-9.27422e+07	0.253178	0	0        0   1.38175e+06      0      12.9716    17.5814    0
20.7055	2405319	0	210.111	0.138776	0.0721523	0.0216913	0.0990603	0.0216998	0	0	0	0	0	0	-1.64965e+08	0.187205	0	0        0   2.45617e+06      0      17.5814    23.8296    0
28.0639	4283302	0	207.271	0.102577	0.0163634	0.0160266	0.051209	0.0160302	0	0	0	0	0	0	-2.93762e+08	0.137982	0	0        0   4.37353e+06      0      23.8296    32.2982    0
38.0373	7613784	0	205.037	0.076112	0.0189673	0.011871	-0.0317341	0.0118938	0	0	0	0	0	0	-5.22019e+08	0.102487	0	0        0   7.77264e+06      0      32.2982    43.7764    0
51.5551	13489719	0	203.417	0.0567347	-0.00975973	0.00885627	0.0145166	0.00886753	0	0	0	0	0	0	-9.24752e+08	0.0764064	0	0        0   1.37728e+07      0      43.7764    59.3338    0
69.8769	23788170	0	202.668	0.0425862	0.0143191	0.00665392	0.00123295	0.00665041	0	0	0	0	0	0	-1.63053e+09	0.0579114	0	0        0   2.42879e+07      0      59.3338    80.42    0
94.7099	41531902	0	202.431	0.0322221	0.0227773	0.00502875	0.0228421	0.00502888	0	0	0	0	0	0	-2.8469e+09	0.0447335	0	0        0   4.24051e+07      0      80.42    109    0
