# 1bin_value	2data_points	3sqrt(data_points)	4W	5W_err	6e+	7e+_err	8eX 9eX_err	10e++ 	11e++_err		12eXX	13eXX_err		14e+X	15e+X_err 	16theta          17theta_err       17num_den	18num_err 19LS_err     20wt_num     21wt_num_err  22r_low   23r_high 24sig_crit
0.117769	8302	0	200	0	0	0	0	0	0	0	0	0	0	0	0	0	0	0        0   8302      0      0.1    0.135538    0
0.159622	14926	0	200	0	0	0	0	0	0	0	0	0	0	0	0	0	0	0        0   14926      0      0.135538    0.183706    0
0.216349	27696	0	200	0	0	0	0	0	0	0	0	0	0	0	0	0	0	0        0   27696      0      0.183706    0.248992    0
0.293236	50483	0	200	0	0	0	0	0	0	0	0	0	0	0	0	0	0	0        0   50483      0      0.248992    0.33748    0
0.397447	91906	0	200	0	0	0	0	0	0	0	0	0	0	0	0	0	0	0        0   91906      0      0.33748    0.457415    0
0.538693	168281	0	200	0	0	0	0	0	0	0	0	0	0	0	0	0	0	0        0   168281      0      0.457415    0.619972    0
0.730136	308248	0	200	0	0	0	0	0	0	0	0	0	0	0	0	0	0	0        0   308248      0      0.619972    0.8403    0
0.989614	562511	0	200	0	0	0	0	0	0	0	0	0	0	0	0	0	0	0        0   562511      0      0.8403    1.13893    0
1.34131	1031243	0	200	0	0	0	0	0	0	0	0	0	0	0	0	0	0	0        0   1.03124e+06      0      1.13893    1.54368    0
1.81798	1884408	0	200	0	0	0	0	0	0	0	0	0	0	0	0	0	0	0        0   1.88441e+06      0      1.54368    2.09228    0
2.46406	3436537	0	200	0	0	0	0	0	0	0	0	0	0	0	0	0	0	0        0   3.43654e+06      0      2.09228    2.83584    0
3.33975	6279938	0	200	0	0	0	0	0	0	0	0	0	0	0	0	0	0	0        0   6.27994e+06      0      2.83584    3.84365    0
4.52664	11490537	0	200	0	0	0	0	0	0	0	0	0	0	0	0	0	0	0        0   1.14905e+07      0      3.84365    5.20962    0
6.13533	21011944	0	200	0	0	0	0	0	0	0	0	0	0	0	0	0	0	0        0   2.10119e+07      0      5.20962    7.06103    0
8.31572	38329652	0	200	0	0	0	0	0	0	0	0	0	0	0	0	0	0	0        0   3.83297e+07      0      7.06103    9.5704    0
11.271	69792405	0	200	0	0	0	0	0	0	0	0	0	0	0	0	0	0	0        0   6.97924e+07      0      9.5704    12.9716    0
15.2765	126919911	0	200	0	0	0	0	0	0	0	0	0	0	0	0	0	0	0        0   1.2692e+08      0      12.9716    17.5814    0
20.7055	230017261	0	200	0	0	0	0	0	0	0	0	0	0	0	0	0	0	0        0   2.30017e+08      0      17.5814    23.8296    0
28.0639	415436489	0	200	0	0	0	0	0	0	0	0	0	0	0	0	0	0	0        0   4.15436e+08      0      23.8296    32.2982    0
38.0373	746746192	0	200	0	0	0	0	0	0	0	0	0	0	0	0	0	0	0        0   7.46746e+08      0      32.2982    43.7764    0
51.5551	1333748881	0	200	0	0	0	0	0	0	0	0	0	0	0	0	0	0	0        0   1.33375e+09      0      43.7764    59.3338    0
69.8769	2360905098	0	200	0	0	0	0	0	0	0	0	0	0	0	0	0	0	0        0   2.36091e+09      0      59.3338    80.42    0
94.7099	4128166990	0	200	0	0	0	0	0	0	0	0	0	0	0	0	0	0	0        0   4.12817e+09      0      80.42    109    0
