# 1bin_value	2data_points	3sqrt(data_points)	4W	5W_err	6e+	7e+_err	8eX 9eX_err	10e++ 	11e++_err		12eXX	13eXX_err		14e+X	15e+X_err 	16theta          17theta_err       17num_den	18num_err 19LS_err     20wt_num     21wt_num_err  22r_low   23r_high 24sig_crit
0.117769	670	inf	1376.19	77.9117	24.8519	7.23392	7.51342	7.83507	0	0	0	0	0	0	-9182.58	311.536	0	inf        0   0      0      0.1    0.135538    0
0.159622	944	22.0598	1022.59	49.3345	9.2502	5.26333	3.48286	5.43107	0	0	0	0	0	0	-6802.83	178.554	0	22.0598        0   0      0      0.135538    0.183706    0
0.216349	1411	13.2422	767.606	30.7594	18.2755	3.48354	2.0772	3.51995	0	0	0	0	0	0	-5106.52	98.8388	0	13.2422        0   0      0      0.183706    0.248992    0
0.293236	2297	8.86527	669.826	21.0343	8.05345	2.55108	5.05331	2.45006	0	0	0	0	0	0	-4460.2	61.4771	0	8.86527        0   0      0      0.248992    0.33748    0
0.397447	3405	6.3209	518.64	13.8836	5.99767	1.69718	0.866483	1.66764	0	0	0	0	0	0	-3414.97	35.6428	0	6.3209        0   0      0      0.33748    0.457415    0
0.538693	4705	4.78538	345.207	8.83904	2.25702	1.10649	-0.759392	1.08869	0	0	0	0	0	0	-2271.82	19.3392	0	4.78538        0   0      0      0.457415    0.619972    0
0.730136	6874	3.56295	234.381	5.76713	1.36134	0.729446	-0.100949	0.73211	0	0	0	0	0	0	-1526.36	11.0818	0	3.56295        0   0      0      0.619972    0.8403    0
0.989614	10822	2.58627	173.491	3.95744	1.34415	0.516005	0.480865	0.505204	0	0	0	0	0	0	-1121.66	6.68547	0	2.58627        0   0      0      0.8403    1.13893    0
1.34131	17171	1.95093	124.492	2.72576	0.612521	0.347063	0.472849	0.342662	0	0	0	0	0	0	-797.632	4.33081	0	1.95093        0   0      0      1.13893    1.54368    0
1.81798	28704	1.44646	97.7335	1.94602	0.442302	0.250498	-0.543403	0.247062	0	0	0	0	0	0	-622.537	2.9454	0	1.44646        0   0      0      1.54368    2.09228    0
2.46406	49542	1.07017	81.6547	1.40622	0.722768	0.179238	-0.099095	0.179233	0	0	0	0	0	0	-512.788	2.06228	0	1.07017        0   0      0      2.09228    2.83584    0
3.33975	84155	0.797694	61.6605	1.00877	0.268537	0.128292	0.0494078	0.128317	0	0	0	0	0	0	-384.062	1.44835	0	0.797694        0   0      0      2.83584    3.84365    0
4.52664	145219	0.592296	46.8906	0.727474	0.348608	0.0924131	0.0382789	0.0924679	0	0	0	0	0	0	-287.51	1.0243	0	0.592296        0   0      0      3.84365    5.20962    0
6.13533	254436	0.43835	37.8426	0.529451	0.404419	0.0673305	0.0212172	0.0671875	0	0	0	0	0	0	-222.941	0.731907	0	0.43835        0   0      0      5.20962    7.06103    0
8.31572	444494	0.326435	27.9629	0.385003	0.253667	0.0489304	0.0117126	0.0488047	0	0	0	0	0	0	-155.531	0.526103	0	0.326435        0   0      0      7.06103    9.5704    0
11.271	783475	0.242868	20.3181	0.28181	0.156379	0.0357701	0.00846033	0.0357122	0	0	0	0	0	0	-107.456	0.383108	0	0.242868        0   0      0      9.5704    12.9716    0
15.2765	1380868	0.181216	13.7798	0.206417	0.179786	0.0261935	-0.00979295	0.0261736	0	0	0	0	0	0	-63.3572	0.279994	0	0.181216        0   0      0      12.9716    17.5814    0
20.7055	2452990	0.135128	9.59888	0.152137	0.163418	0.0192735	0.00539014	0.0192851	0	0	0	0	0	0	-35.853	0.206563	0	0.135128        0   0      0      17.5814    23.8296    0
28.0639	4364371	0.100949	6.42325	0.112595	0.0517683	0.0142457	0.0428766	0.0142485	0	0	0	0	0	0	-14.0804	0.152822	0	0.100949        0   0      0      23.8296    32.2982    0
38.0373	7736088	0.075653	3.49445	0.0835168	0.0793355	0.0105801	0.0502644	0.0105748	0	0	0	0	0	0	5.14332	0.113581	0	0.075653        0   0      0      32.2982    43.7764    0
51.5551	13670418	0.0568359	1.39856	0.0622436	0.0444791	0.00787759	0.0157078	0.007882	0	0	0	0	0	0	20.2633	0.0849795	0	0.0568359        0   0      0      43.7764    59.3338    0
69.8769	24073702	0.0428021	0.177553	0.0466876	0.0416043	0.00590239	0.00963283	0.00590301	0	0	0	0	0	0	28.0062	0.0642595	0	0.0428021        0   0      0      59.3338    80.42    0
94.7099	42087562	0.0323629	-0.208047	0.0353029	0.0104579	0.0044602	0.00467149	0.00446137	0	0	0	0	0	0	30.4077	0.0489986	0	0.0323629        0   0      0      80.42    109    0
