# 1bin_value	2data_points	3sqrt(data_points)	4W	5W_err	6e+	7e+_err	8eX 9eX_err	10e++ 	11e++_err		12eXX	13eXX_err		14e+X	15e+X_err 	16theta          17theta_err       17num_den	18num_err 19LS_err     20wt_num     21wt_num_err  22r_low   23r_high 24sig_crit
0.117769	782	0	190.48	7.22721	-0.419158	1.10724	-0.24789	1.11481	0	0	0	0	0	0	-53533.3	17.4251	0	0        0   782      0      0.1    0.135538    0
0.159622	1441	0	194.393	5.40685	-0.853467	0.825251	-0.83509	0.812237	0	0	0	0	0	0	-98689.4	12.719	0	0        0   1441      0      0.135538    0.183706    0
0.216349	2796	0	204.42	4.10409	0.507962	0.626415	-0.279328	0.614038	0	0	0	0	0	0	-191982	10.0139	0	0        0   2796      0      0.183706    0.248992    0
0.293236	5013	0	201.833	3.01985	-0.154396	0.449068	-0.633502	0.452386	0	0	0	0	0	0	-342513	7.23729	0	0        0   5013      0      0.248992    0.33748    0
0.397447	9176	0	202.852	2.24186	0.135956	0.336512	-0.270422	0.337572	0	0	0	0	0	0	-629018	5.36039	0	0        0   9176      0      0.33748    0.457415    0
0.538693	16755	0	201.864	1.65109	0.143446	0.248233	0.297637	0.246507	0	0	0	0	0	0	-1.14902e+06	3.95702	0	0        0   16755      0      0.457415    0.619972    0
0.730136	30325	0	199.219	1.20985	0.270509	0.180757	0.125302	0.18232	0	0	0	0	0	0	-2.07967e+06	2.87331	0	0        0   30325      0      0.619972    0.8403    0
0.989614	55416	0	198.887	0.893648	0.122261	0.134296	-0.0477871	0.134812	0	0	0	0	0	0	-3.79999e+06	2.1274	0	0        0   55416      0      0.8403    1.13893    0
1.34131	101401	0	198.962	0.660967	0.0723605	0.099393	-0.0360877	0.0991174	0	0	0	0	0	0	-6.95321e+06	1.57555	0	0        0   101401      0      1.13893    1.54368    0
1.81798	186171	0	199.902	0.490048	-0.0462941	0.0734725	0.0433666	0.0735747	0	0	0	0	0	0	-1.27689e+07	1.16733	0	0        0   186171      0      1.54368    2.09228    0
2.46406	340565	0	200.351	0.363229	-0.00487549	0.0544699	0.0356155	0.0544745	0	0	0	0	0	0	-2.33624e+07	0.867003	0	0        0   340565      0      2.09228    2.83584    0
3.33975	623105	0	200.728	0.269067	-0.00807119	0.0403731	0.0133535	0.04031	0	0	0	0	0	0	-4.27435e+07	0.642777	0	0        0   623105      0      2.83584    3.84365    0
4.52664	1138848	0	200.616	0.198923	0.0336605	0.0298371	-0.0149528	0.0298319	0	0	0	0	0	0	-7.8115e+07	0.475212	0	0        0   1.13885e+06      0      3.84365    5.20962    0
6.13533	2083967	0	200.76	0.147177	0.0153661	0.022071	-0.0424555	0.0220593	0	0	0	0	0	0	-1.42945e+08	0.351952	0	0        0   2.08397e+06      0      5.20962    7.06103    0
8.31572	3805658	0	200.911	0.109013	0.0080417	0.0163274	-0.0312767	0.016342	0	0	0	0	0	0	-2.60967e+08	0.261011	0	0        0   3.80566e+06      0      7.06103    9.5704    0
11.271	6932495	0	201.073	0.0808514	0.00524666	0.0121148	0.00136573	0.0121188	0	0	0	0	0	0	-4.75466e+08	0.193875	0	0        0   6.9325e+06      0      9.5704    12.9716    0
15.2765	12611657	0	201.169	0.0599876	0.00865464	0.0089887	0.00852003	0.00899332	0	0	0	0	0	0	-8.64819e+08	0.14408	0	0        0   1.26117e+07      0      12.9716    17.5814    0
20.7055	22870572	0	201.283	0.0445857	-0.0173868	0.00668079	-0.00390384	0.00668104	0	0	0	0	0	0	-1.56828e+09	0.107317	0	0        0   2.28706e+07      0      17.5814    23.8296    0
28.0639	41349138	0	201.496	0.0332062	0.00104065	0.00497334	0.00397608	0.00497391	0	0	0	0	0	0	-2.83529e+09	0.0801235	0	0        0   4.13491e+07      0      23.8296    32.2982    0
38.0373	74361858	0	201.588	0.0247796	-0.00735779	0.00370968	0.00278265	0.00371088	0	0	0	0	0	0	-5.0985e+09	0.0598889	0	0        0   7.43619e+07      0      32.2982    43.7764    0
51.5551	132939772	0	201.686	0.0185451	-0.021261	0.0027747	0.0156703	0.00277474	0	0	0	0	0	0	-9.11399e+09	0.0448539	0	0        0   1.3294e+08      0      43.7764    59.3338    0
69.8769	235807004	0	201.916	0.0139383	-0.00777663	0.00208396	0.0304251	0.0020846	0	0	0	0	0	0	-1.61654e+10	0.0336506	0	0        0   2.35807e+08      0      59.3338    80.42    0
94.7099	414272484	0	202.473	0.0105382	0.0153157	0.00157393	0.0373999	0.00157524	0	0	0	0	0	0	-2.83981e+10	0.0253016	0	0        0   4.14272e+08      0      80.42    109    0
