# 1bin_value	2data_points	3sqrt(data_points)	4W	5W_err	6e+	7e+_err	8eX 9eX_err	10e++ 	11e++_err		12eXX	13eXX_err		14e+X	15e+X_err 	16theta          17theta_err       17num_den	18num_err 19LS_err     20wt_num     21wt_num_err  22r_low   23r_high 24sig_crit
0.117769	869	0	208.995	7.56983	0	0	0	0	0	0	0	0	0	0	-1405.12	94605.1	0	0        0   887      0      0.1    0.135538    0
0.159622	1616	0	216.346	5.76935	0	0	0	0	0	0	0	0	0	0	-1450.69	176189	0	0        0   1652      0      0.135538    0.183706    0
0.216349	2835	0	205.616	4.13184	0	0	0	0	0	0	0	0	0	0	-1378.32	310183	0	0        0   2910      0      0.183706    0.248992    0
0.293236	5145	0	203.699	3.0352	0	0	0	0	0	0	0	0	0	0	-1370	564179	0	0        0   5272      0      0.248992    0.33748    0
0.397447	9282	0	201.54	2.23115	0	0	0	0	0	0	0	0	0	0	-1351.97	1.00369e+06	0	0        0   9477      0      0.33748    0.457415    0
0.538693	16950	0	201.365	1.65114	0	0	0	0	0	0	0	0	0	0	-1350.93	1.83877e+06	0	0        0   17344      0      0.457415    0.619972    0
0.730136	30683	0	198.934	1.21087	0	0	0	0	0	0	0	0	0	0	-1333.7	3.31842e+06	0	0        0   31390      0      0.619972    0.8403    0
0.989614	56158	0	199.803	0.900011	0	0	0	0	0	0	0	0	0	0	-1339.27	6.09066e+06	0	0        0   57539      0      0.8403    1.13893    0
1.34131	102616	0	198.973	0.662843	0	0	0	0	0	0	0	0	0	0	-1332.98	1.11078e+07	0	0        0   105045      0      1.13893    1.54368    0
1.81798	188103	0	199.598	0.491195	0	0	0	0	0	0	0	0	0	0	-1337.57	2.03794e+07	0	0        0   192555      0      1.54368    2.09228    0
2.46406	342868	0	199.431	0.363521	0	0	0	0	0	0	0	0	0	0	-1336.46	3.71113e+07	0	0        0   350806      0      2.09228    2.83584    0
3.33975	628854	0	200.214	0.269493	0	0	0	0	0	0	0	0	0	0	-1341.42	6.80337e+07	0	0        0   643550      0      2.83584    3.84365    0
4.52664	1151457	0	200.481	0.199491	0	0	0	0	0	0	0	0	0	0	-1343.15	1.24684e+08	0	0        0   1.17879e+06      0      3.84365    5.20962    0
6.13533	2098765	0	199.872	0.147334	0	0	0	0	0	0	0	0	0	0	-1338.8	2.27383e+08	0	0        0   2.14904e+06      0      5.20962    7.06103    0
8.31572	3823133	0	199.568	0.108994	0	0	0	0	0	0	0	0	0	0	-1337.14	4.14277e+08	0	0        0   3.91345e+06      0      7.06103    9.5704    0
11.271	6972992	0	200.002	0.0809146	0	0	0	0	0	0	0	0	0	0	-1339.51	7.55665e+08	0	0        0   7.13956e+06      0      9.5704    12.9716    0
15.2765	12679066	0	200.024	0.0600248	0	0	0	0	0	0	0	0	0	0	-1339.86	1.37493e+09	0	0        0   1.29804e+07      0      12.9716    17.5814    0
20.7055	22969286	0	200.038	0.0446209	0	0	0	0	0	0	0	0	0	0	-1340.12	2.49338e+09	0	0        0   2.35144e+07      0      17.5814    23.8296    0
28.0639	41456687	0	200.014	0.0332268	0	0	0	0	0	0	0	0	0	0	-1339.98	4.50486e+09	0	0        0   4.24375e+07      0      23.8296    32.2982    0
38.0373	74482597	0	200.094	0.0248181	0	0	0	0	0	0	0	0	0	0	-1340.37	8.10313e+09	0	0        0   7.62418e+07      0      32.2982    43.7764    0
51.5551	132860059	0	200.051	0.0185959	0	0	0	0	0	0	0	0	0	0	-1339.9	1.44767e+10	0	0        0   1.35999e+08      0      43.7764    59.3338    0
69.8769	235006181	0	200.101	0.0140015	0	0	0	0	0	0	0	0	0	0	-1340.12	2.56556e+10	0	0        0   2.40553e+08      0      59.3338    80.42    0
94.7099	410655166	0	200.131	0.0106044	0	0	0	0	0	0	0	0	0	0	-1340.09	4.49028e+10	0	0        0   4.20354e+08      0      80.42    109    0
