# 1bin_value	2data_points	3sqrt(data_points)	4W	5W_err	6e+	7e+_err	8eX 9eX_err	10e++ 	11e++_err		12eXX	13eXX_err		14e+X	15e+X_err 	16theta          17theta_err       17num_den	18num_err 19LS_err     20wt_num     21wt_num_err  22r_low   23r_high 24sig_crit
0.117769	789	0	192.402	7.24006	-0.473482	1.11008	-0.344793	1.11723	0	0	0	0	0	0	-54117.4	16.7414	0	0        0   789      0      0.1    0.135538    0
0.159622	1436	0	193.779	5.4062	-0.633371	0.824957	-0.804609	0.812042	0	0	0	0	0	0	-98400.5	12.7993	0	0        0   1436      0      0.135538    0.183706    0
0.216349	2805	0	204.94	4.10237	0.433691	0.626182	-0.238662	0.613772	0	0	0	0	0	0	-192618	9.90669	0	0        0   2805      0      0.183706    0.248992    0
0.293236	5048	0	203.061	3.01877	-0.12659	0.448689	-0.646817	0.451944	0	0	0	0	0	0	-344930	7.07282	0	0        0   5048      0      0.248992    0.33748    0
0.397447	9199	0	203.158	2.23989	0.14035	0.336182	-0.224135	0.337213	0	0	0	0	0	0	-630635	5.30817	0	0        0   9199      0      0.33748    0.457415    0
0.538693	16829	0	202.547	1.64996	0.12858	0.24798	0.316128	0.246262	0	0	0	0	0	0	-1.15416e+06	3.89688	0	0        0   16829      0      0.457415    0.619972    0
0.730136	30437	0	199.673	1.20841	0.223486	0.180508	0.12424	0.182065	0	0	0	0	0	0	-2.08686e+06	2.83931	0	0        0   30437      0      0.619972    0.8403    0
0.989614	55656	0	199.555	0.893054	0.133535	0.134167	-0.0547483	0.134682	0	0	0	0	0	0	-3.81641e+06	2.09617	0	0        0   55656      0      0.8403    1.13893    0
1.34131	101891	0	199.767	0.660654	0.0955258	0.099309	-0.0711707	0.0990345	0	0	0	0	0	0	-6.98729e+06	1.54938	0	0        0   101891      0      1.13893    1.54368    0
1.81798	186743	0	200.35	0.489738	-0.0371191	0.0734116	0.065148	0.0735132	0	0	0	0	0	0	-1.28077e+07	1.1552	0	0        0   186743      0      1.54368    2.09228    0
2.46406	341936	0	200.955	0.362961	-0.0172533	0.0544146	0.0437894	0.0544193	0	0	0	0	0	0	-2.3457e+07	0.854887	0	0        0   341936      0      2.09228    2.83584    0
3.33975	625328	0	201.253	0.268871	-0.0165809	0.040334	0.00932078	0.040271	0	0	0	0	0	0	-4.28968e+07	0.634763	0	0        0   625328      0      2.83584    3.84365    0
4.52664	1143098	0	201.15	0.198756	0.0312335	0.0298049	-0.015012	0.0297997	0	0	0	0	0	0	-7.84054e+07	0.469075	0	0        0   1.1431e+06      0      3.84365    5.20962    0
6.13533	2092070	0	201.332	0.147061	0.0111879	0.0220478	-0.041162	0.0220361	0	0	0	0	0	0	-1.43501e+08	0.347241	0	0        0   2.09207e+06      0      5.20962    7.06103    0
8.31572	3820843	0	201.475	0.108912	0.00525155	0.016308	-0.0308417	0.0163227	0	0	0	0	0	0	-2.62014e+08	0.257356	0	0        0   3.82084e+06      0      7.06103    9.5704    0
11.271	6962363	0	201.676	0.0807677	0.00625183	0.012099	0.00160549	0.012103	0	0	0	0	0	0	-4.77518e+08	0.190971	0	0        0   6.96236e+06      0      9.5704    12.9716    0
15.2765	12668549	0	201.791	0.0599196	0.00993259	0.00897598	0.00606122	0.00898059	0	0	0	0	0	0	-8.68735e+08	0.141807	0	0        0   1.26685e+07      0      12.9716    17.5814    0
20.7055	22980613	0	201.935	0.0445288	-0.0155859	0.00667029	-0.00488091	0.00667055	0	0	0	0	0	0	-1.57586e+09	0.105503	0	0        0   2.29806e+07      0      17.5814    23.8296    0
28.0639	41558881	0	202.156	0.0331567	0.00175009	0.00496444	0.00271142	0.00496501	0	0	0	0	0	0	-2.84978e+09	0.0786779	0	0        0   4.15589e+07      0      23.8296    32.2982    0
38.0373	74744512	0	202.241	0.0247397	-0.00819605	0.00370262	0.00429795	0.00370381	0	0	0	0	0	0	-5.12501e+09	0.0587815	0	0        0   7.47445e+07      0      32.2982    43.7764    0
51.5551	133595965	0	202.327	0.0185178	-0.0207376	0.00276982	0.0219485	0.00276985	0	0	0	0	0	0	-9.15948e+09	0.0440645	0	0        0   1.33596e+08      0      43.7764    59.3338    0
69.8769	236730097	0	202.504	0.0139279	-0.00864006	0.00208186	0.0357136	0.00208249	0	0	0	0	0	0	-1.6229e+10	0.0332062	0	0        0   2.3673e+08      0      59.3338    80.42    0
94.7099	414652374	0	202.879	0.0105515	0.017552	0.00157562	0.0342535	0.00157693	0	0	0	0	0	0	-2.84219e+10	0.0252934	0	0        0   4.14652e+08      0      80.42    109    0
