# 1bin_value	2data_points	3sqrt(data_points)	4W	5W_err	6e+	7e+_err	8eX 9eX_err	10e++ 	11e++_err		12eXX	13eXX_err		14e+X	15e+X_err 	16theta          17theta_err       17num_den	18num_err 19LS_err     20wt_num     21wt_num_err  22r_low   23r_high 24sig_crit
0.117769	443	inf	808.964	55.6915	7.47814	7.58134	1.37714	6.74248	0	0	0	0	0	0	-5603.16	184.427	0	inf        0   0      0      0.1    0.135538    0
0.159622	662	18.4652	690.557	39.8233	7.0512	5.52454	6.75899	5.55166	0	0	0	0	0	0	-4627.28	119.619	0	18.4652        0   0      0      0.135538    0.183706    0
0.216349	1024	13.2436	506.545	25.0584	5.25028	3.56526	2.51137	3.54332	0	0	0	0	0	0	-3323.83	67.9764	0	13.2436        0   0      0      0.183706    0.248992    0
0.293236	1751	9.4588	469.972	18.1333	3.3573	2.56617	1.58169	2.58657	0	0	0	0	0	0	-3111.85	46.7257	0	9.4588        0   0      0      0.248992    0.33748    0
0.397447	2759	6.56162	376.176	12.3478	2.33033	1.83033	-0.721462	1.80859	0	0	0	0	0	0	-2467.47	27.5583	0	6.56162        0   0      0      0.33748    0.457415    0
0.538693	3945	4.83185	255.761	8.07536	1.79588	1.18678	0.0308702	1.20448	0	0	0	0	0	0	-1669.51	15.8773	0	4.83185        0   0      0      0.457415    0.619972    0
0.730136	6167	3.55993	193.67	5.5134	1.4102	0.822518	0.267634	0.813619	0	0	0	0	0	0	-1254.38	9.7336	0	3.55993        0   0      0      0.619972    0.8403    0
0.989614	9719	2.64045	138.898	3.78117	0.566288	0.558539	-0.261745	0.577575	0	0	0	0	0	0	-904.111	6.13418	0	2.64045        0   0      0      0.8403    1.13893    0
1.34131	16011	1.96308	106.625	2.67284	0.340153	0.403805	-0.326694	0.401357	0	0	0	0	0	0	-685.649	4.08887	0	1.96308        0   0      0      1.13893    1.54368    0
1.81798	27041	1.46167	82.5495	1.90474	0.704891	0.285501	0.248277	0.282918	0	0	0	0	0	0	-528.953	2.79632	0	1.46167        0   0      0      1.54368    2.09228    0
2.46406	46898	1.08007	68.7893	1.37843	0.371683	0.206643	-0.308876	0.207031	0	0	0	0	0	0	-434.149	1.96026	0	1.08007        0   0      0      2.09228    2.83584    0
3.33975	81259	0.801183	55.3815	0.999189	0.341939	0.149744	-0.154187	0.148678	0	0	0	0	0	0	-339.722	1.38381	0	0.801183        0   0      0      2.83584    3.84365    0
4.52664	141702	0.595191	43.9062	0.725773	0.192701	0.108738	0.14073	0.108225	0	0	0	0	0	0	-265.656	0.989864	0	0.595191        0   0      0      3.84365    5.20962    0
6.13533	248254	0.440988	33.6579	0.527226	0.213344	0.0786725	-0.0896592	0.0787433	0	0	0	0	0	0	-198.763	0.715383	0	0.440988        0   0      0      5.20962    7.06103    0
8.31572	434461	0.328631	23.9472	0.383763	0.124527	0.0572544	0.198239	0.0573223	0	0	0	0	0	0	-135.59	0.519138	0	0.328631        0   0      0      7.06103    9.5704    0
11.271	767255	0.244592	17.5906	0.281154	0.124087	0.0418906	0.0318662	0.0419553	0	0	0	0	0	0	-91.3682	0.375521	0	0.244592        0   0      0      9.5704    12.9716    0
15.2765	1359890	0.18226	12.1317	0.206458	0.175358	0.0307015	0.0379987	0.0307401	0	0	0	0	0	0	-54.095	0.274651	0	0.18226        0   0      0      12.9716    17.5814    0
20.7055	2419291	0.13592	8.29566	0.152176	0.0918387	0.0226504	0.0993867	0.0226586	0	0	0	0	0	0	-28.3502	0.202433	0	0.13592        0   0      0      17.5814    23.8296    0
28.0639	4305962	0.101558	5.20723	0.112594	0.0190213	0.016743	0.0417834	0.0167466	0	0	0	0	0	0	-6.9946	0.150432	0	0.101558        0   0      0      23.8296    32.2982    0
38.0373	7654013	0.0760237	2.8097	0.083609	0.0318777	0.0124067	-0.0455504	0.0124288	0	0	0	0	0	0	8.81455	0.111969	0	0.0760237        0   0      0      32.2982    43.7764    0
51.5551	13558413	0.0570648	1.00044	0.062352	0.0153542	0.00925594	-0.00445198	0.00926667	0	0	0	0	0	0	21.0088	0.0837023	0	0.0570648        0   0      0      43.7764    59.3338    0
69.8769	23931208	0.042931	0.141247	0.0467967	0.0208563	0.00695132	-0.0312548	0.00694816	0	0	0	0	0	0	26.6558	0.0627998	0	0.042931        0   0      0      59.3338    80.42    0
94.7099	41874791	0.0324461	-0.411387	0.0353719	0.0103283	0.00524804	-0.0191211	0.00524856	0	0	0	0	0	0	29.6427	0.0472893	0	0.0324461        0   0      0      80.42    109    0
