# 1bin_value	2data_points	3sqrt(data_points)	4W	5W_err	6e+	7e+_err	8eX 9eX_err	10e++ 	11e++_err		12eXX	13eXX_err		14e+X	15e+X_err 	16theta          17theta_err       17num_den	18num_err 19LS_err     20wt_num     21wt_num_err  22r_low   23r_high 24sig_crit
0.117769	733	0	1971.86	97.3451	18.039	11.8267	8.14324	11.0112	0	0	0	0	0	0	-50281.5	400.252	0	0        0   785      0      0.1    0.135538    0
0.159622	1110	0	1552.24	58.2818	28.4003	7.79295	-3.75922	7.51018	0	0	0	0	0	0	-76375.7	214.165	0	0        0   1194      0      0.135538    0.183706    0
0.216349	1501	0	1217.64	37.9162	9.4446	5.28206	2.53119	5.33009	0	0	0	0	0	0	-102935	125.743	0	0        0   1612      0      0.183706    0.248992    0
0.293236	2439	0	1047.78	24.8878	7.56995	5.6781	2.17955	4.74958	0	0	0	0	0	0	-168475	72.924	0	0        0   2631      0      0.248992    0.33748    0
0.397447	3624	0	856.433	16.2578	5.80732	2.42322	-2.0329	2.46208	0	0	0	0	0	0	-249187	42.4239	0	0        0   3906      0      0.33748    0.457415    0
0.538693	4841	0	629.519	9.94207	3.26499	1.62426	-2.11732	1.53722	0	0	0	0	0	0	-331389	22.1165	0	0        0   5175      0      0.457415    0.619972    0
0.730136	6962	0	493.976	6.4055	3.12682	1.02933	0.0598171	1.03368	0	0	0	0	0	0	-477563	12.2646	0	0        0   7385      0      0.619972    0.8403    0
0.989614	10301	0	398.991	4.1815	0.916845	1.12934	-0.0523221	0.77419	0	0	0	0	0	0	-705357	7.0991	0	0        0   10895      0      0.8403    1.13893    0
1.34131	16173	0	344.072	2.8535	1.0966	0.479593	0.507762	0.470166	0	0	0	0	0	0	-1.10844e+06	4.42907	0	0        0   17083      0      1.13893    1.54368    0
1.81798	26781	0	312.084	2.00347	-0.0120487	0.337911	0.173464	0.378375	0	0	0	0	0	0	-1.83823e+06	2.91722	0	0        0   28186      0      1.54368    2.09228    0
2.46406	45552	0	290.12	1.42035	0.227297	0.319974	0.281485	0.301457	0	0	0	0	0	0	-3.12425e+06	2.01382	0	0        0   47803      0      2.09228    2.83584    0
3.33975	77870	0	273.012	1.02466	0.483378	0.186604	-0.223169	0.1836	0	0	0	0	0	0	-5.34056e+06	1.38896	0	0        0   81910      0      2.83584    3.84365    0
4.52664	134124	0	258.171	0.735405	0.444046	0.137778	0.0189893	0.130762	0	0	0	0	0	0	-9.19468e+06	0.96209	0	0        0   141120      0      3.84365    5.20962    0
6.13533	233684	0	246.234	0.53079	0.327012	0.0954996	-0.220655	0.0956252	0	0	0	0	0	0	-1.60228e+07	0.688668	0	0        0   245689      0      5.20962    7.06103    0
8.31572	406710	0	234.797	0.383101	0.31463	0.071233	0.0191136	0.0742051	0	0	0	0	0	0	-2.78722e+07	0.492959	0	0        0   426752      0      7.06103    9.5704    0
11.271	711781	0	226.273	0.278718	0.256176	0.0569491	-0.100384	0.058352	0	0	0	0	0	0	-4.87974e+07	0.354473	0	0        0   747076      0      9.5704    12.9716    0
15.2765	1252956	0	219.318	0.203576	0.225521	0.0426638	-0.0402558	0.0429177	0	0	0	0	0	0	-8.59221e+07	0.258019	0	0        0   1.31448e+06      0      12.9716    17.5814    0
20.7055	2217415	0	214.382	0.149571	0.156418	0.0316024	-0.0197838	0.0341359	0	0	0	0	0	0	-1.52062e+08	0.190736	0	0        0   2.325e+06      0      17.5814    23.8296    0
28.0639	3921728	0	210.222	0.110308	0.110216	0.0227527	0.0183319	0.023721	0	0	0	0	0	0	-2.68923e+08	0.141066	0	0        0   4.11194e+06      0      23.8296    32.2982    0
38.0373	6928663	0	206.866	0.0816739	0.131008	0.0167822	0.00206534	0.0170498	0	0	0	0	0	0	-4.75056e+08	0.105117	0	0        0   7.26357e+06      0      32.2982    43.7764    0
51.5551	12201124	0	204.091	0.0607428	0.128425	0.0127191	-0.000426112	0.012265	0	0	0	0	0	0	-8.36387e+08	0.0794946	0	0        0   1.27871e+07      0      43.7764    59.3338    0
69.8769	21423968	0	202.6	0.045531	0.0577264	0.00929815	0.0439571	0.00916346	0	0	0	0	0	0	-1.46841e+09	0.0604125	0	0        0   2.24471e+07      0      59.3338    80.42    0
94.7099	37234091	0	201.537	0.0343918	0.0463111	0.00694937	0.0270609	0.00703068	0	0	0	0	0	0	-2.55218e+09	0.0465713	0	0        0   3.9019e+07      0      80.42    109    0
