# 1bin_value	2data_points	3sqrt(data_points)	4W	5W_err	6e+	7e+_err	8eX 9eX_err	10e++ 	11e++_err		12eXX	13eXX_err		14e+X	15e+X_err 	16theta          17theta_err       17num_den	18num_err 19LS_err     20wt_num     21wt_num_err  22r_low   23r_high 24sig_crit
0.117769	819	0	203.211	7.5166	-0.979012	0.904936	-0.553047	0.928882	0	0	0	0	0	0	-56518.4	17.8383	0	0        0   819      0      0.1    0.135538    0
0.159622	1512	0	205.582	5.5986	-0.667312	0.700553	0.642555	0.692058	0	0	0	0	0	0	-103781	13.3076	0	0        0   1512      0      0.135538    0.183706    0
0.216349	2690	0	194.93	3.97176	-0.372611	0.508258	-0.0571718	0.488765	0	0	0	0	0	0	-184064	9.35214	0	0        0   2690      0      0.183706    0.248992    0
0.293236	4980	0	201.726	3.02716	0.467614	0.369792	-0.922325	0.373957	0	0	0	0	0	0	-341629	7.24829	0	0        0   4980      0      0.248992    0.33748    0
0.397447	9029	0	199.632	2.2195	0.316884	0.272241	-0.111529	0.276544	0	0	0	0	0	0	-618942	5.22556	0	0        0   9029      0      0.33748    0.457415    0
0.538693	16625	0	202.451	1.6603	-0.144448	0.205945	-0.138	0.206701	0	0	0	0	0	0	-1.14021e+06	3.94261	0	0        0   16625      0      0.457415    0.619972    0
0.730136	30221	0	199.908	1.21456	0.233329	0.149624	-0.314591	0.149925	0	0	0	0	0	0	-2.07344e+06	2.86407	0	0        0   30221      0      0.619972    0.8403    0
0.989614	54868	0	198.692	0.896066	0.0768741	0.111591	0.0276318	0.110777	0	0	0	0	0	0	-3.76169e+06	2.11114	0	0        0   54868      0      0.8403    1.13893    0
1.34131	101003	0	199.58	0.662962	-0.0829684	0.081971	-0.112506	0.0823224	0	0	0	0	0	0	-6.92687e+06	1.55529	0	0        0   101003      0      1.13893    1.54368    0
1.81798	185721	0	200.779	0.492124	0.0348606	0.0608657	0.0302019	0.0609733	0	0	0	0	0	0	-1.27421e+07	1.16086	0	0        0   185721      0      1.54368    2.09228    0
2.46406	338787	0	200.576	0.363963	0.0227018	0.045097	-0.0834946	0.045109	0	0	0	0	0	0	-2.32253e+07	0.856956	0	0        0   338787      0      2.09228    2.83584    0
3.33975	620276	0	200.863	0.269391	-0.00164895	0.0333886	-0.0371077	0.0333561	0	0	0	0	0	0	-4.25515e+07	0.634954	0	0        0   620276      0      2.83584    3.84365    0
4.52664	1135562	0	201.081	0.199313	0.0147607	0.0247129	-0.018091	0.0247066	0	0	0	0	0	0	-7.78717e+07	0.469728	0	0        0   1.13556e+06      0      3.84365    5.20962    0
6.13533	2072513	0	200.655	0.147226	0.0278734	0.0182445	0.00987388	0.0182539	0	0	0	0	0	0	-1.42118e+08	0.347021	0	0        0   2.07251e+06      0      5.20962    7.06103    0
8.31572	3786562	0	200.952	0.109087	0.025354	0.0135321	0.0238914	0.0135269	0	0	0	0	0	0	-2.59667e+08	0.257188	0	0        0   3.78656e+06      0      7.06103    9.5704    0
11.271	6901444	0	201.17	0.0808969	-0.0154489	0.0100245	-0.023587	0.0100279	0	0	0	0	0	0	-4.73323e+08	0.190811	0	0        0   6.90144e+06      0      9.5704    12.9716    0
15.2765	12560954	0	201.286	0.0600021	0.014238	0.00743486	-0.0191084	0.00743474	0	0	0	0	0	0	-8.61446e+08	0.141536	0	0        0   1.2561e+07      0      12.9716    17.5814    0
20.7055	22781736	0	201.339	0.0445667	0.019638	0.00552155	-0.00841634	0.00552255	0	0	0	0	0	0	-1.56234e+09	0.105128	0	0        0   2.27817e+07      0      17.5814    23.8296    0
28.0639	41174580	0	201.385	0.0331598	0.0125456	0.00410715	-0.0067016	0.00410837	0	0	0	0	0	0	-2.82356e+09	0.0782312	0	0        0   4.11746e+07      0      23.8296    32.2982    0
38.0373	73987780	0	201.222	0.0247203	0.0162811	0.00306172	-0.00185279	0.00306216	0	0	0	0	0	0	-5.07315e+09	0.0583539	0	0        0   7.39878e+07      0      32.2982    43.7764    0
51.5551	132080949	0	201.083	0.0184939	0.0184829	0.00229118	0.00815796	0.0022908	0	0	0	0	0	0	-9.05546e+09	0.0437294	0	0        0   1.32081e+08      0      43.7764    59.3338    0
69.8769	233794058	0	201.009	0.0139015	0.0357627	0.00172276	0.0036759	0.00172262	0	0	0	0	0	0	-1.60258e+10	0.0329615	0	0        0   2.33794e+08      0      59.3338    80.42    0
94.7099	409342652	0	201.209	0.0105213	0.0351494	0.00130403	-0.00387253	0.0013036	0	0	0	0	0	0	-2.80546e+10	0.0250154	0	0        0   4.09343e+08      0      80.42    109    0
