# 1bin_value	2data_points	3sqrt(data_points)	4W	5W_err	6e+	7e+_err	8eX 9eX_err	10e++ 	11e++_err		12eXX	13eXX_err		14e+X	15e+X_err 	16theta          17theta_err       17num_den	18num_err 19LS_err     20wt_num     21wt_num_err  22r_low   23r_high 24sig_crit
0.117769	779	inf	1689.1	88.9167	26.7056	8.04407	-6.19217	7.4964	0	0	0	0	0	0	-11228.9	372.262	0	inf        0   0      0      0.1    0.135538    0
0.159622	1041	20.6389	1116.04	50.3215	27.3091	5.27192	0.847295	5.28944	0	0	0	0	0	0	-7397.38	178.825	0	20.6389        0   0      0      0.135538    0.183706    0
0.216349	1491	14.2971	859.525	32.122	10.9724	3.4477	-7.33367	3.4366	0	0	0	0	0	0	-5694.91	104.909	0	14.2971        0   0      0      0.183706    0.248992    0
0.293236	2459	9.04985	750.22	22.3727	11.7739	2.59857	-3.16659	2.45129	0	0	0	0	0	0	-4972.98	69.1665	0	9.04985        0   0      0      0.248992    0.33748    0
0.397447	3706	6.20768	585.182	14.653	8.10918	1.71135	0.0229447	1.65208	0	0	0	0	0	0	-3894.02	39.7786	0	6.20768        0   0      0      0.33748    0.457415    0
0.538693	4929	4.78841	374.938	9.18546	4.43677	1.11173	-0.174376	1.12242	0	0	0	0	0	0	-2475.42	20.8278	0	4.78841        0   0      0      0.457415    0.619972    0
0.730136	6973	3.58999	248.08	5.91271	1.7557	0.726049	-0.510253	0.716171	0	0	0	0	0	0	-1621.51	11.7539	0	3.58999        0   0      0      0.619972    0.8403    0
0.989614	10858	2.61907	184.373	4.04976	1.20986	0.496665	-0.0167982	0.506211	0	0	0	0	0	0	-1204.61	7.13304	0	2.61907        0   0      0      0.8403    1.13893    0
1.34131	17265	1.95341	134.51	2.80365	0.405093	0.345103	0.392706	0.34995	0	0	0	0	0	0	-872.259	4.66401	0	1.95341        0   0      0      1.13893    1.54368    0
1.81798	28570	1.45644	101.467	1.97635	0.468382	0.246025	0.0503918	0.242197	0	0	0	0	0	0	-651.975	3.12916	0	1.45644        0   0      0      1.54368    2.09228    0
2.46406	49157	1.08077	85.2123	1.42723	0.643468	0.176142	-0.0530594	0.176589	0	0	0	0	0	0	-544.782	2.18016	0	1.08077        0   0      0      2.09228    2.83584    0
3.33975	83797	0.803899	66.4249	1.02533	0.626487	0.12661	0.119939	0.126769	0	0	0	0	0	0	-415.326	1.54346	0	0.803899        0   0      0      2.83584    3.84365    0
4.52664	144132	0.597488	50.627	0.7395	0.377749	0.0912944	-0.054064	0.0913705	0	0	0	0	0	0	-312.571	1.09437	0	0.597488        0   0      0      3.84365    5.20962    0
6.13533	251737	0.442688	40.4803	0.536392	0.176421	0.0661061	-0.036081	0.0661804	0	0	0	0	0	0	-242.632	0.784239	0	0.442688        0   0      0      5.20962    7.06103    0
8.31572	440166	0.328877	30.6975	0.390647	0.303882	0.0481916	0.016801	0.0481788	0	0	0	0	0	0	-175.927	0.566651	0	0.328877        0   0      0      7.06103    9.5704    0
11.271	770360	0.24529	22.0774	0.285174	0.176297	0.0352203	-0.0211206	0.0352185	0	0	0	0	0	0	-117.675	0.411415	0	0.24529        0   0      0      9.5704    12.9716    0
15.2765	1360104	0.182821	15.7174	0.209124	0.099567	0.0257854	0.0212735	0.0257885	0	0	0	0	0	0	-75.5753	0.301459	0	0.182821        0   0      0      12.9716    17.5814    0
20.7055	2402577	0.136631	10.4094	0.153917	0.146783	0.0189804	0.00756385	0.0189633	0	0	0	0	0	0	-39.8713	0.223611	0	0.136631        0   0      0      17.5814    23.8296    0
28.0639	4262787	0.102165	7.07059	0.113825	0.112934	0.0140342	-0.00319058	0.0140179	0	0	0	0	0	0	-16.7903	0.165951	0	0.102165        0   0      0      23.8296    32.2982    0
38.0373	7543054	0.0766185	4.18683	0.0844584	0.094961	0.0103977	0.00536422	0.0103835	0	0	0	0	0	0	2.45866	0.124367	0	0.0766185        0   0      0      32.2982    43.7764    0
51.5551	13315423	0.0575986	2.05648	0.0629748	0.0564176	0.00774401	0.0345604	0.00774324	0	0	0	0	0	0	15.8688	0.093648	0	0.0575986        0   0      0      43.7764    59.3338    0
69.8769	23391383	0.043428	0.842245	0.0472644	0.0175305	0.0058104	0.00177438	0.00580942	0	0	0	0	0	0	24.0437	0.0714086	0	0.043428        0   0      0      59.3338    80.42    0
94.7099	40745217	0.0328937	0.100227	0.0357751	0.0264148	0.00440107	0.0120239	0.0043985	0	0	0	0	0	0	28.6725	0.0551062	0	0.0328937        0   0      0      80.42    109    0
