# 1bin_value	2data_points	3sqrt(data_points)	4W	5W_err	6e+	7e+_err	8eX 9eX_err	10e++ 	11e++_err		12eXX	13eXX_err		14e+X	15e+X_err 	16theta          17theta_err       17num_den	18num_err 19LS_err     20wt_num     21wt_num_err  22r_low   23r_high 24sig_crit
0.117769	672	0	1573.19	76.482	26.4944	7.1141	4.77647	7.71043	0	0	0	0	0	0	-45766.2	306.426	0	0        0   691      0      0.1    0.135538    0
0.159622	952	0	1253.55	48.9016	8.59338	5.2298	3.53569	5.40406	0	0	0	0	0	0	-64922.7	178.062	0	0        0   982      0      0.135538    0.183706    0
0.216349	1410	0	977.86	30.1527	17.5698	3.43836	0.855228	3.476	0	0	0	0	0	0	-96669.1	98.209	0	0        0   1450      0      0.183706    0.248992    0
0.293236	2292	0	872.346	20.5257	7.64325	2.51448	4.38967	2.41289	0	0	0	0	0	0	-157112	61.0905	0	0        0   2354      0      0.248992    0.33748    0
0.397447	3405	0	716.019	13.4776	5.30006	1.66967	1.24741	1.63987	0	0	0	0	0	0	-233358	35.0955	0	0        0   3513      0      0.33748    0.457415    0
0.538693	4694	0	544.072	8.51249	2.1706	1.08543	-0.96075	1.06688	0	0	0	0	0	0	-321998	19.1324	0	0        0   4832      0      0.457415    0.619972    0
0.730136	6879	0	433.615	5.49976	1.28279	0.711922	-0.182838	0.714117	0	0	0	0	0	0	-472097	10.6338	0	0        0   7052      0      0.619972    0.8403    0
0.989614	10825	0	373.866	3.73952	1.45285	0.502251	0.583731	0.491068	0	0	0	0	0	0	-741324	6.34604	0	0        0   11092      0      0.8403    1.13893    0
1.34131	17195	0	324.403	2.55517	0.711272	0.336169	0.459597	0.331626	0	0	0	0	0	0	-1.17882e+06	3.97819	0	0        0   17567      0      1.13893    1.54368    0
1.81798	28735	0	298.482	1.81428	0.46525	0.242045	-0.422092	0.238541	0	0	0	0	0	0	-1.96998e+06	2.70481	0	0        0   29382      0      1.54368    2.09228    0
2.46406	49533	0	282.58	1.3061	0.691907	0.172789	-0.149569	0.172796	0	0	0	0	0	0	-3.39534e+06	1.88361	0	0        0   50636      0      2.09228    2.83584    0
3.33975	84314	0	263.769	0.93219	0.252384	0.123363	0.0769778	0.123377	0	0	0	0	0	0	-5.77997e+06	1.27893	0	0        0   86181      0      2.83584    3.84365    0
4.52664	145314	0	248.948	0.66923	0.34983	0.0886665	0.0673285	0.0887382	0	0	0	0	0	0	-9.96098e+06	0.90378	0	0        0   148399      0      3.84365    5.20962    0
6.13533	254622	0	239.277	0.485719	0.39316	0.0645202	0.0257224	0.0643747	0	0	0	0	0	0	-1.74632e+07	0.63903	0	0        0   260225      0      5.20962    7.06103    0
8.31572	444532	0	229.264	0.351958	0.26101	0.0468035	0.0348914	0.0466765	0	0	0	0	0	0	-3.04876e+07	0.459151	0	0        0   454101      0      7.06103    9.5704    0
11.271	783793	0	222.325	0.2569	0.134742	0.0341651	0.0234209	0.0341056	0	0	0	0	0	0	-5.37764e+07	0.330939	0	0        0   800613      0      9.5704    12.9716    0
15.2765	1380999	0	215.652	0.187674	0.164977	0.0249847	-0.00460368	0.0249651	0	0	0	0	0	0	-9.47044e+07	0.241511	0	0        0   1.41036e+06      0      12.9716    17.5814    0
20.7055	2452766	0	211.461	0.138063	0.151791	0.0183629	-0.00349134	0.0183757	0	0	0	0	0	0	-1.68207e+08	0.17777	0	0        0   2.50399e+06      0      17.5814    23.8296    0
28.0639	4363448	0	208.412	0.102035	0.041588	0.013561	0.0334666	0.0135639	0	0	0	0	0	0	-2.99199e+08	0.131436	0	0        0   4.45518e+06      0      23.8296    32.2982    0
38.0373	7731304	0	205.448	0.075573	0.0723058	0.0100646	0.050196	0.0100593	0	0	0	0	0	0	-5.30048e+08	0.0978494	0	0        0   7.8926e+06      0      32.2982    43.7764    0
51.5551	13663818	0	203.308	0.0562636	0.038157	0.00748886	0.0281815	0.00749357	0	0	0	0	0	0	-9.36467e+08	0.0729472	0	0        0   1.39513e+07      0      43.7764    59.3338    0
69.8769	24082937	0	202.297	0.0421665	0.0346293	0.00560748	0.0157337	0.00560819	0	0	0	0	0	0	-1.65041e+09	0.0545383	0	0        0   2.45883e+07      0      59.3338    80.42    0
94.7099	42155316	0	202.327	0.031868	0.00703914	0.00423526	0.0112746	0.00423654	0	0	0	0	0	0	-2.88886e+09	0.0409231	0	0        0   4.3041e+07      0      80.42    109    0
