# 1bin_value	2data_points	3sqrt(data_points)	4W	5W_err	6e+	7e+_err	8eX 9eX_err	10e++ 	11e++_err		12eXX	13eXX_err		14e+X	15e+X_err 	16theta          17theta_err       17num_den	18num_err 19LS_err     20wt_num     21wt_num_err  22r_low   23r_high 24sig_crit
0.117769	779	inf	1699.98	89.6217	28.49	8.0938	-5.45085	7.54278	0	0	0	0	0	0	-11300.5	376.461	0	inf        0   0      0      0.1    0.135538    0
0.159622	1047	20.5734	1122.97	50.3089	27.4573	5.26501	1.30648	5.28889	0	0	0	0	0	0	-7431.07	178.25	0	20.5734        0   0      0      0.135538    0.183706    0
0.216349	1482	14.3083	854.023	32.1165	11.7809	3.44984	-7.07244	3.43987	0	0	0	0	0	0	-5650.26	105.688	0	14.3083        0   0      0      0.183706    0.248992    0
0.293236	2458	9.06178	750.93	22.382	12.2833	2.60011	-3.20478	2.45286	0	0	0	0	0	0	-4979.36	69.1381	0	9.06178        0   0      0      0.248992    0.33748    0
0.397447	3731	6.13598	590.872	14.6577	8.15296	1.7114	0.309244	1.6524	0	0	0	0	0	0	-3932.29	39.1559	0	6.13598        0   0      0      0.33748    0.457415    0
0.538693	4937	4.79127	375.229	9.1863	4.31797	1.11178	-0.0546539	1.12254	0	0	0	0	0	0	-2475.4	20.748	0	4.79127        0   0      0      0.457415    0.619972    0
0.730136	6983	3.59095	248.8	5.91614	1.68392	0.72634	-0.481182	0.716513	0	0	0	0	0	0	-1627.01	11.7246	0	3.59095        0   0      0      0.619972    0.8403    0
0.989614	10883	2.61516	184.755	4.05057	1.21296	0.496683	-0.0281966	0.506293	0	0	0	0	0	0	-1210.18	7.05324	0	2.61516        0   0      0      0.8403    1.13893    0
1.34131	17314	1.94891	134.935	2.80506	0.409501	0.345248	0.313168	0.350129	0	0	0	0	0	0	-877.632	4.58071	0	1.94891        0   0      0      1.13893    1.54368    0
1.81798	28648	1.45487	101.96	1.9767	0.5445	0.246032	0.0916081	0.242221	0	0	0	0	0	0	-656.825	3.08053	0	1.45487        0   0      0      1.54368    2.09228    0
2.46406	49212	1.08088	85.0456	1.42819	0.71237	0.17624	-0.0728211	0.176693	0	0	0	0	0	0	-546.476	2.16413	0	1.08088        0   0      0      2.09228    2.83584    0
3.33975	84091	0.802319	67.0707	1.02605	0.632011	0.126693	0.101767	0.126849	0	0	0	0	0	0	-421.206	1.49992	0	0.802319        0   0      0      2.83584    3.84365    0
4.52664	144501	0.596666	50.905	0.740001	0.380438	0.0913527	-0.0453919	0.0914277	0	0	0	0	0	0	-316.454	1.06983	0	0.596666        0   0      0      3.84365    5.20962    0
6.13533	252478	0.442037	40.8967	0.536774	0.188398	0.06615	-0.0169794	0.066224	0	0	0	0	0	0	-246.914	0.76478	0	0.442037        0   0      0      5.20962    7.06103    0
8.31572	441432	0.328435	31.0254	0.390985	0.30275	0.0482313	0.0392446	0.0482181	0	0	0	0	0	0	-179.894	0.553597	0	0.328435        0   0      0      7.06103    9.5704    0
11.271	772127	0.245012	22.2497	0.285468	0.177768	0.0352549	0.000780084	0.0352532	0	0	0	0	0	0	-120.891	0.404081	0	0.245012        0   0      0      9.5704    12.9716    0
15.2765	1362461	0.182667	15.8044	0.209378	0.0934605	0.0258155	0.0317524	0.0258187	0	0	0	0	0	0	-78.1698	0.29746	0	0.182667        0   0      0      12.9716    17.5814    0
20.7055	2408252	0.136479	10.604	0.154141	0.147575	0.019007	0.0116571	0.0189898	0	0	0	0	0	0	-43.2907	0.219634	0	0.136479        0   0      0      17.5814    23.8296    0
28.0639	4270086	0.102084	7.10042	0.114033	0.111996	0.0140591	0.00170987	0.0140427	0	0	0	0	0	0	-19.4536	0.163995	0	0.102084        0   0      0      23.8296    32.2982    0
38.0373	7554313	0.0765688	4.22924	0.0846547	0.0920196	0.0104213	0.00147407	0.010407	0	0	0	0	0	0	-0.386896	0.123334	0	0.0765688        0   0      0      32.2982    43.7764    0
51.5551	13323846	0.0575863	2.02178	0.063161	0.0547069	0.00776645	0.0314104	0.00776568	0	0	0	0	0	0	13.4589	0.0937812	0	0.0575863        0   0      0      43.7764    59.3338    0
69.8769	23383173	0.0434404	0.754455	0.0474355	0.0160759	0.00583112	0.00142121	0.00583013	0	0	0	0	0	0	21.7663	0.0721493	0	0.0434404        0   0      0      59.3338    80.42    0
94.7099	40713795	0.0329104	0.053846	0.0359207	0.0283376	0.00441875	0.0174253	0.00441617	0	0	0	0	0	0	25.8904	0.0559229	0	0.0329104        0   0      0      80.42    109    0
