# 1bin_value	2data_points	3sqrt(data_points)	4W	5W_err	6e+	7e+_err	8eX 9eX_err	10e++ 	11e++_err		12eXX	13eXX_err		14e+X	15e+X_err 	16theta          17theta_err       17num_den	18num_err 19LS_err     20wt_num     21wt_num_err  22r_low   23r_high 24sig_crit
0.117769	740	0	1936.62	94.3897	24.4772	9.89996	4.38613	9.27437	0	0	0	0	0	0	-50761.5	397.859	0	0        0   772      0      0.1    0.135538    0
0.159622	1113	0	1559.93	58.0332	29.2438	6.6409	0.0977424	6.41406	0	0	0	0	0	0	-76532.1	224.975	0	0        0   1154      0      0.135538    0.183706    0
0.216349	1503	0	1153.14	34.9408	9.17636	4.21208	2.29103	4.18951	0	0	0	0	0	0	-103013	119.675	0	0        0   1550      0      0.183706    0.248992    0
0.293236	2435	0	1049.19	24.3751	12.3321	3.04584	-1.31021	3.00427	0	0	0	0	0	0	-168221	76.7991	0	0        0   2527      0      0.248992    0.33748    0
0.397447	3626	0	856.513	15.8772	5.18522	1.99569	-1.3187	2.04324	0	0	0	0	0	0	-249367	44.8735	0	0        0   3748      0      0.33748    0.457415    0
0.538693	4844	0	625.476	9.69434	3.64725	1.32508	-1.97531	1.25799	0	0	0	0	0	0	-331721	22.9213	0	0        0   4981      0      0.457415    0.619972    0
0.730136	6953	0	491.501	6.23973	3.05213	0.860991	-0.45186	0.85329	0	0	0	0	0	0	-476980	12.724	0	0        0   7142      0      0.619972    0.8403    0
0.989614	10320	0	399.112	4.09969	1.58102	0.573065	0.218406	0.564313	0	0	0	0	0	0	-706568	7.24594	0	0        0   10576      0      0.8403    1.13893    0
1.34131	16179	0	343.395	2.80117	0.915175	0.395325	0.388645	0.390284	0	0	0	0	0	0	-1.109e+06	4.5436	0	0        0   16585      0      1.13893    1.54368    0
1.81798	26806	0	311.454	1.96136	0.0277039	0.278871	-0.0576959	0.281254	0	0	0	0	0	0	-1.84004e+06	2.96812	0	0        0   27396      0      1.54368    2.09228    0
2.46406	45608	0	290.263	1.39868	0.370092	0.201549	0.525819	0.201168	0	0	0	0	0	0	-3.12796e+06	2.04254	0	0        0   46625      0      2.09228    2.83584    0
3.33975	77988	0	272.857	1.00351	0.512542	0.144544	-0.0881965	0.144447	0	0	0	0	0	0	-5.34854e+06	1.40431	0	0        0   79733      0      2.83584    3.84365    0
4.52664	134192	0	257.344	0.720861	0.532638	0.103387	0.0905173	0.103861	0	0	0	0	0	0	-9.19955e+06	0.979964	0	0        0   137266      0      3.84365    5.20962    0
6.13533	233777	0	245.721	0.52125	0.377339	0.0750593	-0.166229	0.0754629	0	0	0	0	0	0	-1.60308e+07	0.701164	0	0        0   239132      0      5.20962    7.06103    0
8.31572	407332	0	234.893	0.376928	0.321494	0.0544427	-0.0377698	0.0546036	0	0	0	0	0	0	-2.79129e+07	0.497566	0	0        0   416275      0      7.06103    9.5704    0
11.271	712624	0	226.135	0.274181	0.245294	0.0397909	-0.11637	0.0397801	0	0	0	0	0	0	-4.88558e+07	0.358208	0	0        0   728153      0      9.5704    12.9716    0
15.2765	1255818	0	219.465	0.20035	0.221844	0.0291251	-0.0757707	0.0291192	0	0	0	0	0	0	-8.61233e+07	0.25651	0	0        0   1.2837e+06      0      12.9716    17.5814    0
20.7055	2223303	0	214.569	0.147199	0.145812	0.0213881	0.00095404	0.0214015	0	0	0	0	0	0	-1.52471e+08	0.1887	0	0        0   2.27196e+06      0      17.5814    23.8296    0
28.0639	3933389	0	210.212	0.108406	0.111937	0.0157591	-0.0119966	0.0157548	0	0	0	0	0	0	-2.6973e+08	0.138857	0	0        0   4.01855e+06      0      23.8296    32.2982    0
38.0373	6951537	0	206.836	0.0802419	0.109403	0.0116632	-0.00837725	0.0116626	0	0	0	0	0	0	-4.76636e+08	0.103031	0	0        0   7.10219e+06      0      32.2982    43.7764    0
51.5551	12253229	0	204.181	0.0596782	0.0928975	0.00866336	-0.0266008	0.00866721	0	0	0	0	0	0	-8.39977e+08	0.0770451	0	0        0   1.25196e+07      0      43.7764    59.3338    0
69.8769	21534963	0	202.688	0.0446961	0.0386317	0.00648797	0.00839126	0.00649127	0	0	0	0	0	0	-1.476e+09	0.0579725	0	0        0   2.20001e+07      0      59.3338    80.42    0
94.7099	37485564	0	201.801	0.0337364	0.0339735	0.00490046	0.0122666	0.00490203	0	0	0	0	0	0	-2.56938e+09	0.0439351	0	0        0   3.82965e+07      0      80.42    109    0
