# 1bin_value	2data_points	3sqrt(data_points)	4W	5W_err	6e+	7e+_err	8eX 9eX_err	10e++ 	11e++_err		12eXX	13eXX_err		14e+X	15e+X_err 	16theta          17theta_err       17num_den	18num_err 19LS_err     20wt_num     21wt_num_err  22r_low   23r_high 24sig_crit
0.117769	8068	0	200	0	0	0	0	0	0	0	0	0	0	0	0	0	0	0        0   8068      0      0.1    0.135538    0
0.159622	14732	0	200	0	0	0	0	0	0	0	0	0	0	0	0	0	0	0        0   14732      0      0.135538    0.183706    0
0.216349	27574	0	200	0	0	0	0	0	0	0	0	0	0	0	0	0	0	0        0   27574      0      0.183706    0.248992    0
0.293236	49332	0	200	0	0	0	0	0	0	0	0	0	0	0	0	0	0	0        0   49332      0      0.248992    0.33748    0
0.397447	90374	0	200	0	0	0	0	0	0	0	0	0	0	0	0	0	0	0        0   90374      0      0.33748    0.457415    0
0.538693	164082	0	200	0	0	0	0	0	0	0	0	0	0	0	0	0	0	0        0   164082      0      0.457415    0.619972    0
0.730136	302104	0	200	0	0	0	0	0	0	0	0	0	0	0	0	0	0	0        0   302104      0      0.619972    0.8403    0
0.989614	551633	0	200	0	0	0	0	0	0	0	0	0	0	0	0	0	0	0        0   551633      0      0.8403    1.13893    0
1.34131	1010287	0	200	0	0	0	0	0	0	0	0	0	0	0	0	0	0	0        0   1.01029e+06      0      1.13893    1.54368    0
1.81798	1846795	0	200	0	0	0	0	0	0	0	0	0	0	0	0	0	0	0        0   1.8468e+06      0      1.54368    2.09228    0
2.46406	3371949	0	200	0	0	0	0	0	0	0	0	0	0	0	0	0	0	0        0   3.37195e+06      0      2.09228    2.83584    0
3.33975	6164845	0	200	0	0	0	0	0	0	0	0	0	0	0	0	0	0	0        0   6.16484e+06      0      2.83584    3.84365    0
4.52664	11273242	0	200	0	0	0	0	0	0	0	0	0	0	0	0	0	0	0        0   1.12732e+07      0      3.84365    5.20962    0
6.13533	20621041	0	200	0	0	0	0	0	0	0	0	0	0	0	0	0	0	0        0   2.0621e+07      0      5.20962    7.06103    0
8.31572	37615132	0	200	0	0	0	0	0	0	0	0	0	0	0	0	0	0	0        0   3.76151e+07      0      7.06103    9.5704    0
11.271	68476028	0	200	0	0	0	0	0	0	0	0	0	0	0	0	0	0	0        0   6.8476e+07      0      9.5704    12.9716    0
15.2765	124538017	0	200	0	0	0	0	0	0	0	0	0	0	0	0	0	0	0        0   1.24538e+08      0      12.9716    17.5814    0
20.7055	225770754	0	200	0	0	0	0	0	0	0	0	0	0	0	0	0	0	0        0   2.25771e+08      0      17.5814    23.8296    0
28.0639	407901739	0	200	0	0	0	0	0	0	0	0	0	0	0	0	0	0	0        0   4.07902e+08      0      23.8296    32.2982    0
38.0373	733546044	0	200	0	0	0	0	0	0	0	0	0	0	0	0	0	0	0        0   7.33546e+08      0      32.2982    43.7764    0
51.5551	1310608926	0	200	0	0	0	0	0	0	0	0	0	0	0	0	0	0	0        0   1.31061e+09      0      43.7764    59.3338    0
69.8769	2321138935	0	200	0	0	0	0	0	0	0	0	0	0	0	0	0	0	0        0   2.32114e+09      0      59.3338    80.42    0
94.7099	4058291804	0	200	0	0	0	0	0	0	0	0	0	0	0	0	0	0	0        0   4.05829e+09      0      80.42    109    0
