# 1bin_value	2data_points	3sqrt(data_points)	4W	5W_err	6e+	7e+_err	8eX 9eX_err	10e++ 	11e++_err		12eXX	13eXX_err		14e+X	15e+X_err 	16theta          17theta_err       17num_den	18num_err 19LS_err     20wt_num     21wt_num_err  22r_low   23r_high 24sig_crit
0.117769	810	0	193.169	7.16797	-1.13883	0.991894	-0.153539	0.972795	0	0	0	0	0	0	-55555.8	16.7632	0	0        0   810      0      0.1    0.135538    0
0.159622	1555	0	202.01	5.42875	0.39739	0.727718	-1.18234	0.702601	0	0	0	0	0	0	-106393	12.919	0	0        0   1555      0      0.135538    0.183706    0
0.216349	2671	0	192.89	3.94033	0.0695691	0.511436	-0.884568	0.51112	0	0	0	0	0	0	-183946	9.23408	0	0        0   2671      0      0.183706    0.248992    0
0.293236	5053	0	198.278	2.9459	-0.11708	0.396728	-0.163275	0.397805	0	0	0	0	0	0	-345735	6.92194	0	0        0   5053      0      0.248992    0.33748    0
0.397447	9156	0	198.028	2.1847	0.02642	0.289607	-0.317392	0.289922	0	0	0	0	0	0	-629355	5.13528	0	0        0   9156      0      0.33748    0.457415    0
0.538693	16820	0	198.781	1.61799	0.11118	0.215587	0.145264	0.215436	0	0	0	0	0	0	-1.15325e+06	3.78418	0	0        0   16820      0      0.457415    0.619972    0
0.730136	30675	0	198.114	1.19425	-0.116343	0.159586	-0.0918949	0.157843	0	0	0	0	0	0	-2.10427e+06	2.80556	0	0        0   30675      0      0.619972    0.8403    0
0.989614	56602	0	200.805	0.891154	0.0275026	0.118358	0.00543586	0.11887	0	0	0	0	0	0	-3.88476e+06	2.09346	0	0        0   56602      0      0.8403    1.13893    0
1.34131	104080	0	201.204	0.65868	0.0356081	0.0872456	0.13004	0.0873792	0	0	0	0	0	0	-7.13727e+06	1.54996	0	0        0   104080      0      1.13893    1.54368    0
1.81798	189273	0	200.432	0.486412	-0.00266132	0.0644475	-0.0321488	0.0644355	0	0	0	0	0	0	-1.29757e+07	1.1419	0	0        0   189273      0      1.54368    2.09228    0
2.46406	346254	0	200.602	0.359997	0.0351622	0.0478022	0.033901	0.0478636	0	0	0	0	0	0	-2.37489e+07	0.847016	0	0        0   346254      0      2.09228    2.83584    0
3.33975	632874	0	200.559	0.266232	-0.00250497	0.0353571	0.0371453	0.0354054	0	0	0	0	0	0	-4.34018e+07	0.626398	0	0        0   632874      0      2.83584    3.84365    0
4.52664	1159631	0	201.234	0.197389	0.0164176	0.0262225	-0.00337226	0.0261936	0	0	0	0	0	0	-7.95259e+07	0.465293	0	0        0   1.15963e+06      0      3.84365    5.20962    0
6.13533	2120779	0	201.211	0.145965	-0.0205742	0.0193792	0.00228993	0.0193587	0	0	0	0	0	0	-1.45439e+08	0.344348	0	0        0   2.12078e+06      0      5.20962    7.06103    0
8.31572	3872464	0	201.288	0.108069	0.0503215	0.014343	0.022	0.0143438	0	0	0	0	0	0	-2.65561e+08	0.25513	0	0        0   3.87246e+06      0      7.06103    9.5704    0
11.271	7056955	0	201.57	0.0801932	0.0144541	0.0106387	-0.00867365	0.0106499	0	0	0	0	0	0	-4.83957e+08	0.189804	0	0        0   7.05696e+06      0      9.5704    12.9716    0
15.2765	12837164	0	201.703	0.0595169	-0.00533091	0.00789768	0.0044329	0.007894	0	0	0	0	0	0	-8.80281e+08	0.14118	0	0        0   1.28372e+07      0      12.9716    17.5814    0
20.7055	23273584	0	201.792	0.0442391	0.000240987	0.00586964	0.000163613	0.00586981	0	0	0	0	0	0	-1.59602e+09	0.105245	0	0        0   2.32736e+07      0      17.5814    23.8296    0
28.0639	42049707	0	201.935	0.0329516	0.00936223	0.00437258	0.00896044	0.00437424	0	0	0	0	0	0	-2.88312e+09	0.0786542	0	0        0   4.20497e+07      0      23.8296    32.2982    0
38.0373	75577278	0	202.015	0.0246056	0.00976363	0.00326428	0.00879413	0.00326559	0	0	0	0	0	0	-5.18137e+09	0.0590157	0	0        0   7.55773e+07      0      32.2982    43.7764    0
51.5551	134969059	0	202.2	0.0184471	0.00588461	0.00244623	0.0066249	0.00244702	0	0	0	0	0	0	-9.2521e+09	0.0445381	0	0        0   1.34969e+08      0      43.7764    59.3338    0
69.8769	238716695	0	202.279	0.013894	-0.000337457	0.00184206	0.00966088	0.00184232	0	0	0	0	0	0	-1.63617e+10	0.0338329	0	0        0   2.38717e+08      0      59.3338    80.42    0
94.7099	417438562	0	202.6	0.0105392	-0.000179585	0.00139686	0.0150048	0.00139688	0	0	0	0	0	0	-2.86062e+10	0.0259214	0	0        0   4.17439e+08      0      80.42    109    0
