# 1bin_value	2data_points	3sqrt(data_points)	4W	5W_err	6e+	7e+_err	8eX 9eX_err	10e++ 	11e++_err		12eXX	13eXX_err		14e+X	15e+X_err 	16theta          17theta_err       17num_den	18num_err 19LS_err     20wt_num     21wt_num_err  22r_low   23r_high 24sig_crit
0.117769	868	0	208.225	7.55204	0	0	0	0	0	0	0	0	0	0	-1399.47	94605.1	0	0        0   886      0      0.1    0.135538    0
0.159622	1614	0	216.463	5.77515	0	0	0	0	0	0	0	0	0	0	-1450.59	176189	0	0        0   1651      0      0.135538    0.183706    0
0.216349	2840	0	205.822	4.12979	0	0	0	0	0	0	0	0	0	0	-1379.51	310183	0	0        0   2915      0      0.183706    0.248992    0
0.293236	5143	0	203.932	3.03953	0	0	0	0	0	0	0	0	0	0	-1371.46	564179	0	0        0   5271      0      0.248992    0.33748    0
0.397447	9276	0	201.576	2.23327	0	0	0	0	0	0	0	0	0	0	-1352.04	1.00369e+06	0	0        0   9471      0      0.33748    0.457415    0
0.538693	16925	0	201.182	1.652	0	0	0	0	0	0	0	0	0	0	-1350.15	1.83877e+06	0	0        0   17317      0      0.457415    0.619972    0
0.730136	30618	0	198.753	1.21223	0	0	0	0	0	0	0	0	0	0	-1332.37	3.31842e+06	0	0        0   31324      0      0.619972    0.8403    0
0.989614	56017	0	199.505	0.900763	0	0	0	0	0	0	0	0	0	0	-1337.34	6.09066e+06	0	0        0   57396      0      0.8403    1.13893    0
1.34131	102429	0	198.815	0.663507	0	0	0	0	0	0	0	0	0	0	-1332.03	1.11078e+07	0	0        0   104846      0      1.13893    1.54368    0
1.81798	187828	0	199.437	0.491605	0	0	0	0	0	0	0	0	0	0	-1336.75	2.03794e+07	0	0        0   192226      0      1.54368    2.09228    0
2.46406	342406	0	199.337	0.363837	0	0	0	0	0	0	0	0	0	0	-1335.83	3.71113e+07	0	0        0   350320      0      2.09228    2.83584    0
3.33975	627683	0	200.005	0.269722	0	0	0	0	0	0	0	0	0	0	-1340.12	6.80337e+07	0	0        0   642272      0      2.83584    3.84365    0
4.52664	1149743	0	200.293	0.19961	0	0	0	0	0	0	0	0	0	0	-1342.03	1.24684e+08	0	0        0   1.17689e+06      0      3.84365    5.20962    0
6.13533	2096322	0	199.742	0.14743	0	0	0	0	0	0	0	0	0	0	-1338.2	2.27383e+08	0	0        0   2.14615e+06      0      5.20962    7.06103    0
8.31572	3818878	0	199.419	0.109042	0	0	0	0	0	0	0	0	0	0	-1336.33	4.14277e+08	0	0        0   3.9086e+06      0      7.06103    9.5704    0
11.271	6965839	0	199.847	0.0809414	0	0	0	0	0	0	0	0	0	0	-1338.68	7.55665e+08	0	0        0   7.1312e+06      0      9.5704    12.9716    0
15.2765	12667961	0	199.839	0.0600274	0	0	0	0	0	0	0	0	0	0	-1338.87	1.37493e+09	0	0        0   1.29669e+07      0      12.9716    17.5814    0
20.7055	22957232	0	199.85	0.0446064	0	0	0	0	0	0	0	0	0	0	-1339.08	2.49338e+09	0	0        0   2.34981e+07      0      17.5814    23.8296    0
28.0639	41455022	0	199.808	0.0331977	0	0	0	0	0	0	0	0	0	0	-1338.87	4.50486e+09	0	0        0   4.24274e+07      0      23.8296    32.2982    0
38.0373	74553105	0	199.88	0.0247709	0	0	0	0	0	0	0	0	0	0	-1339.2	8.10313e+09	0	0        0   7.62983e+07      0      32.2982    43.7764    0
51.5551	133196056	0	199.835	0.0185312	0	0	0	0	0	0	0	0	0	0	-1338.74	1.44767e+10	0	0        0   1.36314e+08      0      43.7764    59.3338    0
69.8769	236163763	0	199.904	0.013921	0	0	0	0	0	0	0	0	0	0	-1339.14	2.56556e+10	0	0        0   2.41687e+08      0      59.3338    80.42    0
94.7099	413987736	0	199.973	0.0105122	0	0	0	0	0	0	0	0	0	0	-1339.47	4.49028e+10	0	0        0   4.23681e+08      0      80.42    109    0
