# 1bin_value	2data_points	3sqrt(data_points)	4W	5W_err	6e+	7e+_err	8eX 9eX_err	10e++ 	11e++_err		12eXX	13eXX_err		14e+X	15e+X_err 	16theta          17theta_err       17num_den	18num_err 19LS_err     20wt_num     21wt_num_err  22r_low   23r_high 24sig_crit
0.117769	738	0	197.373	7.77734	0	0	0	0	0	0	0	0	0	0	-1317.13	81645.8	0	0        0   758      0      0.1    0.135538    0
0.159622	1357	0	202.081	5.87832	0	0	0	0	0	0	0	0	0	0	-1349.33	147674	0	0        0   1389      0      0.135538    0.183706    0
0.216349	2452	0	196.101	4.22107	0	0	0	0	0	0	0	0	0	0	-1313.78	266093	0	0        0   2507      0      0.183706    0.248992    0
0.293236	4518	0	202.335	3.21692	0	0	0	0	0	0	0	0	0	0	-1355.01	490083	0	0        0   4635      0      0.248992    0.33748    0
0.397447	8328	0	201.592	2.35733	0	0	0	0	0	0	0	0	0	0	-1354.23	904849	0	0        0   8516      0      0.33748    0.457415    0
0.538693	15076	0	200.259	1.73928	0	0	0	0	0	0	0	0	0	0	-1340.23	1.6291e+06	0	0        0   15428      0      0.457415    0.619972    0
0.730136	27506	0	199.467	1.28356	0	0	0	0	0	0	0	0	0	0	-1336.74	2.98147e+06	0	0        0   28168      0      0.619972    0.8403    0
0.989614	50476	0	200.804	0.953833	0	0	0	0	0	0	0	0	0	0	-1342.13	5.44485e+06	0	0        0   51724      0      0.8403    1.13893    0
1.34131	92319	0	200.49	0.704534	0	0	0	0	0	0	0	0	0	0	-1342.65	9.99527e+06	0	0        0   94567      0      1.13893    1.54368    0
1.81798	169318	0	201.53	0.52305	0	0	0	0	0	0	0	0	0	0	-1349.39	1.83251e+07	0	0        0   173451      0      1.54368    2.09228    0
2.46406	307378	0	199.626	0.384251	0	0	0	0	0	0	0	0	0	0	-1338.04	3.32768e+07	0	0        0   314625      0      2.09228    2.83584    0
3.33975	562984	0	200.445	0.285214	0	0	0	0	0	0	0	0	0	0	-1343.09	6.09793e+07	0	0        0   576385      0      2.83584    3.84365    0
4.52664	1027836	0	199.984	0.210582	0	0	0	0	0	0	0	0	0	0	-1339.71	1.11271e+08	0	0        0   1.05239e+06      0      3.84365    5.20962    0
6.13533	1881655	0	200.248	0.155863	0	0	0	0	0	0	0	0	0	0	-1341.52	2.0371e+08	0	0        0   1.92602e+06      0      5.20962    7.06103    0
8.31572	3429193	0	200.113	0.115409	0	0	0	0	0	0	0	0	0	0	-1340.43	3.71416e+08	0	0        0   3.5109e+06      0      7.06103    9.5704    0
11.271	6243363	0	200.188	0.0855762	0	0	0	0	0	0	0	0	0	0	-1341.2	6.7656e+08	0	0        0   6.39118e+06      0      9.5704    12.9716    0
15.2765	11359668	0	200.3	0.0634967	0	0	0	0	0	0	0	0	0	0	-1341.89	1.23171e+09	0	0        0   1.16292e+07      0      12.9716    17.5814    0
20.7055	20575836	0	200.255	0.0471859	0	0	0	0	0	0	0	0	0	0	-1341.52	2.23218e+09	0	0        0   2.10633e+07      0      17.5814    23.8296    0
28.0639	37143329	0	200.219	0.0351302	0	0	0	0	0	0	0	0	0	0	-1341.19	4.03278e+09	0	0        0   3.80239e+07      0      23.8296    32.2982    0
38.0373	66688525	0	200.169	0.0262274	0	0	0	0	0	0	0	0	0	0	-1340.94	7.24982e+09	0	0        0   6.82642e+07      0      32.2982    43.7764    0
51.5551	118949117	0	200.145	0.0196538	0	0	0	0	0	0	0	0	0	0	-1340.56	1.29513e+10	0	0        0   1.21763e+08      0      43.7764    59.3338    0
69.8769	210407094	0	200.287	0.014806	0	0	0	0	0	0	0	0	0	0	-1341.27	2.2954e+10	0	0        0   2.15391e+08      0      59.3338    80.42    0
94.7099	367456114	0	200.407	0.0112241	0	0	0	0	0	0	0	0	0	0	-1341.88	4.01701e+10	0	0        0   3.76166e+08      0      80.42    109    0
