# 1bin_value	2data_points	3sqrt(data_points)	4W	5W_err	6e+	7e+_err	8eX 9eX_err	10e++ 	11e++_err		12eXX	13eXX_err		14e+X	15e+X_err 	16theta          17theta_err       17num_den	18num_err 19LS_err     20wt_num     21wt_num_err  22r_low   23r_high 24sig_crit
0.117769	865	0	208.163	7.57114	0	0	0	0	0	0	0	0	0	0	-1400.24	94605.1	0	0        0   883      0      0.1    0.135538    0
0.159622	1608	0	215.655	5.77268	0	0	0	0	0	0	0	0	0	0	-1444.46	176189	0	0        0   1645      0      0.135538    0.183706    0
0.216349	2842	0	205.813	4.12957	0	0	0	0	0	0	0	0	0	0	-1381.15	310183	0	0        0   2915      0      0.183706    0.248992    0
0.293236	5145	0	203.797	3.03628	0	0	0	0	0	0	0	0	0	0	-1370.42	564179	0	0        0   5273      0      0.248992    0.33748    0
0.397447	9282	0	201.668	2.2326	0	0	0	0	0	0	0	0	0	0	-1352.49	1.00369e+06	0	0        0   9478      0      0.33748    0.457415    0
0.538693	16925	0	201.32	1.65295	0	0	0	0	0	0	0	0	0	0	-1350.75	1.83877e+06	0	0        0   17321      0      0.457415    0.619972    0
0.730136	30611	0	198.636	1.21179	0	0	0	0	0	0	0	0	0	0	-1331.66	3.31842e+06	0	0        0   31316      0      0.619972    0.8403    0
0.989614	56020	0	199.425	0.900353	0	0	0	0	0	0	0	0	0	0	-1336.75	6.09066e+06	0	0        0   57397      0      0.8403    1.13893    0
1.34131	102501	0	198.907	0.663305	0	0	0	0	0	0	0	0	0	0	-1332.51	1.11078e+07	0	0        0   104930      0      1.13893    1.54368    0
1.81798	187920	0	199.548	0.491549	0	0	0	0	0	0	0	0	0	0	-1337.15	2.03794e+07	0	0        0   192367      0      1.54368    2.09228    0
2.46406	342688	0	199.47	0.363771	0	0	0	0	0	0	0	0	0	0	-1336.65	3.71113e+07	0	0        0   350645      0      2.09228    2.83584    0
3.33975	628171	0	200.137	0.269665	0	0	0	0	0	0	0	0	0	0	-1340.79	6.80337e+07	0	0        0   642862      0      2.83584    3.84365    0
4.52664	1149999	0	200.353	0.199593	0	0	0	0	0	0	0	0	0	0	-1342.18	1.24684e+08	0	0        0   1.17738e+06      0      3.84365    5.20962    0
6.13533	2096777	0	199.833	0.147438	0	0	0	0	0	0	0	0	0	0	-1338.48	2.27383e+08	0	0        0   2.14709e+06      0      5.20962    7.06103    0
8.31572	3819023	0	199.496	0.109063	0	0	0	0	0	0	0	0	0	0	-1336.56	4.14277e+08	0	0        0   3.90951e+06      0      7.06103    9.5704    0
11.271	6964553	0	199.906	0.0809668	0	0	0	0	0	0	0	0	0	0	-1338.79	7.55665e+08	0	0        0   7.13126e+06      0      9.5704    12.9716    0
15.2765	12664368	0	199.931	0.0600625	0	0	0	0	0	0	0	0	0	0	-1339.18	1.37493e+09	0	0        0   1.29658e+07      0      12.9716    17.5814    0
20.7055	22939808	0	199.928	0.0446497	0	0	0	0	0	0	0	0	0	0	-1339.31	2.49338e+09	0	0        0   2.34852e+07      0      17.5814    23.8296    0
28.0639	41400353	0	199.887	0.0332476	0	0	0	0	0	0	0	0	0	0	-1339.05	4.50486e+09	0	0        0   4.23821e+07      0      23.8296    32.2982    0
38.0373	74374623	0	199.935	0.0248313	0	0	0	0	0	0	0	0	0	0	-1339.21	8.10313e+09	0	0        0   7.61359e+07      0      32.2982    43.7764    0
51.5551	132692956	0	199.89	0.0186021	0	0	0	0	0	0	0	0	0	0	-1338.74	1.44767e+10	0	0        0   1.35836e+08      0      43.7764    59.3338    0
69.8769	234831611	0	199.962	0.0140006	0	0	0	0	0	0	0	0	0	0	-1339.12	2.56556e+10	0	0        0   2.40389e+08      0      59.3338    80.42    0
94.7099	410646817	0	200.013	0.0105972	0	0	0	0	0	0	0	0	0	0	-1339.26	4.49028e+10	0	0        0   4.20372e+08      0      80.42    109    0
