# 1bin_value	2data_points	3sqrt(data_points)	4W	5W_err	6e+	7e+_err	8eX 9eX_err	10e++ 	11e++_err		12eXX	13eXX_err		14e+X	15e+X_err 	16theta          17theta_err       17num_den	18num_err 19LS_err     20wt_num     21wt_num_err  22r_low   23r_high 24sig_crit
0.117769	597	0	1274.75	63.1118	16.1646	7.21819	6.04864	7.12664	0	0	0	0	0	0	-40764.4	235.934	0	0        0   608      0      0.1    0.135538    0
0.159622	831	0	1007.74	40.4067	11.0389	4.78093	3.99406	4.49252	0	0	0	0	0	0	-57032.9	132.837	0	0        0   855      0      0.135538    0.183706    0
0.216349	1261	0	865.913	27.9113	8.77186	3.37209	2.17674	3.24553	0	0	0	0	0	0	-86523.2	86.1708	0	0        0   1308      0      0.183706    0.248992    0
0.293236	2166	0	818.507	19.7454	5.92211	2.52124	0.0939423	2.43539	0	0	0	0	0	0	-148817	57.6739	0	0        0   2231      0      0.248992    0.33748    0
0.397447	3224	0	669.046	12.8636	4.91082	1.65694	0.517637	1.60716	0	0	0	0	0	0	-221255	33.1684	0	0        0   3319      0      0.33748    0.457415    0
0.538693	4372	0	502.727	8.1117	3.26937	1.09424	-2.50898	1.07375	0	0	0	0	0	0	-299996	17.3904	0	0        0   4514      0      0.457415    0.619972    0
0.730136	6575	0	412.164	5.33961	1.63001	0.735147	-0.473513	0.725621	0	0	0	0	0	0	-450874	10.167	0	0        0   6755      0      0.619972    0.8403    0
0.989614	10422	0	359.791	3.678	0.462172	0.498226	-0.596151	0.495455	0	0	0	0	0	0	-713228	6.49592	0	0        0   10688      0      0.8403    1.13893    0
1.34131	16551	0	312.493	2.51479	0.985921	0.349661	-0.408326	0.343204	0	0	0	0	0	0	-1.13418e+06	4.11375	0	0        0   16923      0      1.13893    1.54368    0
1.81798	27824	0	288.524	1.78687	0.580804	0.245792	-0.0112799	0.244491	0	0	0	0	0	0	-1.9094e+06	2.79953	0	0        0   28446      0      1.54368    2.09228    0
2.46406	48556	0	276.135	1.29153	0.455457	0.178867	0.0543263	0.178208	0	0	0	0	0	0	-3.32863e+06	1.96132	0	0        0   49621      0      2.09228    2.83584    0
3.33975	83680	0	261.083	0.929357	0.51549	0.127921	-0.0824608	0.128921	0	0	0	0	0	0	-5.7364e+06	1.37182	0	0        0   85542      0      2.83584    3.84365    0
4.52664	144051	0	246.565	0.667907	0.275591	0.0925335	-0.151337	0.0924058	0	0	0	0	0	0	-9.87289e+06	0.960626	0	0        0   147186      0      3.84365    5.20962    0
6.13533	251317	0	235.59	0.482438	0.22583	0.066816	0.110107	0.067114	0	0	0	0	0	0	-1.72357e+07	0.680196	0	0        0   256660      0      5.20962    7.06103    0
8.31572	442118	0	227.488	0.351068	0.189398	0.0487128	0.0896194	0.048716	0	0	0	0	0	0	-3.03029e+07	0.491651	0	0        0   451426      0      7.06103    9.5704    0
11.271	778243	0	220.569	0.25651	0.160403	0.0356416	-0.0160069	0.0356375	0	0	0	0	0	0	-5.33765e+07	0.355999	0	0        0   795032      0      9.5704    12.9716    0
15.2765	1378475	0	215.2	0.188109	0.140723	0.0261173	-0.00402988	0.0260781	0	0	0	0	0	0	-9.45372e+07	0.263936	0	0        0   1.40787e+06      0      12.9716    17.5814    0
20.7055	2437290	0	210.242	0.138247	0.132931	0.0191657	-0.00868377	0.0191761	0	0	0	0	0	0	-1.67155e+08	0.195618	0	0        0   2.48865e+06      0      17.5814    23.8296    0
28.0639	4327336	0	206.967	0.102176	0.153692	0.0141651	0.0023531	0.0141696	0	0	0	0	0	0	-2.96718e+08	0.1461	0	0        0   4.41763e+06      0      23.8296    32.2982    0
38.0373	7674195	0	204.533	0.0758884	0.095898	0.0105283	0.0325795	0.0105295	0	0	0	0	0	0	-5.2608e+08	0.11051	0	0        0   7.83373e+06      0      32.2982    43.7764    0
51.5551	13555414	0	202.671	0.0566461	0.0620456	0.00784459	0.0269781	0.00785767	0	0	0	0	0	0	-9.29111e+08	0.0842894	0	0        0   1.38381e+07      0      43.7764    59.3338    0
69.8769	23850259	0	201.76	0.0425778	0.0360637	0.00589641	0.0248661	0.00589896	0	0	0	0	0	0	-1.63464e+09	0.0650728	0	0        0   2.43469e+07      0      59.3338    80.42    0
94.7099	41632906	0	201.721	0.0322672	0.0287811	0.00446654	0.03254	0.00446966	0	0	0	0	0	0	-2.85309e+09	0.0505132	0	0        0   4.25032e+07      0      80.42    109    0
