# 1bin_value	2data_points	3sqrt(data_points)	4W	5W_err	6e+	7e+_err	8eX 9eX_err	10e++ 	11e++_err		12eXX	13eXX_err		14e+X	15e+X_err 	16theta          17theta_err       17num_den	18num_err 19LS_err     20wt_num     21wt_num_err  22r_low   23r_high 24sig_crit
0.117769	789	0	192.508	7.24605	-0.381096	1.11018	-0.483744	1.11812	0	0	0	0	0	0	-54070.5	16.8752	0	0        0   789      0      0.1    0.135538    0
0.159622	1446	0	195.112	5.40993	-0.684106	0.825046	-0.810789	0.811946	0	0	0	0	0	0	-99076.3	12.5424	0	0        0   1446      0      0.135538    0.183706    0
0.216349	2810	0	205.296	4.10198	0.514651	0.62596	-0.110472	0.613594	0	0	0	0	0	0	-193003	9.83749	0	0        0   2810      0      0.183706    0.248992    0
0.293236	5051	0	203.428	3.02318	-0.110051	0.449294	-0.689465	0.452513	0	0	0	0	0	0	-345045	7.09156	0	0        0   5051      0      0.248992    0.33748    0
0.397447	9226	0	204.036	2.24371	0.112923	0.336612	-0.258301	0.33767	0	0	0	0	0	0	-632527	5.26824	0	0        0   9226      0      0.33748    0.457415    0
0.538693	16857	0	202.923	1.65063	0.151295	0.248045	0.256745	0.246321	0	0	0	0	0	0	-1.15588e+06	3.8851	0	0        0   16857      0      0.457415    0.619972    0
0.730136	30499	0	200.148	1.20906	0.240522	0.180563	0.139059	0.182119	0	0	0	0	0	0	-2.09111e+06	2.82288	0	0        0   30499      0      0.619972    0.8403    0
0.989614	55774	0	200.067	0.893627	0.114341	0.134221	-0.053621	0.134738	0	0	0	0	0	0	-3.82441e+06	2.08399	0	0        0   55774      0      0.8403    1.13893    0
1.34131	102061	0	200.178	0.661057	0.0888881	0.0993512	-0.0627292	0.0990764	0	0	0	0	0	0	-6.99834e+06	1.5438	0	0        0   102061      0      1.13893    1.54368    0
1.81798	187261	0	200.939	0.489952	-0.0304047	0.0734238	0.0660341	0.0735258	0	0	0	0	0	0	-1.28438e+07	1.14545	0	0        0   187261      0      1.54368    2.09228    0
2.46406	342688	0	201.471	0.363179	-0.013698	0.0544346	0.0330452	0.0544394	0	0	0	0	0	0	-2.35069e+07	0.850172	0	0        0   342688      0      2.09228    2.83584    0
3.33975	626928	0	201.839	0.269039	-0.0121123	0.0403486	0.00305128	0.0402855	0	0	0	0	0	0	-4.30068e+07	0.630244	0	0        0   626928      0      2.83584    3.84365    0
4.52664	1145683	0	201.7	0.198902	0.0352533	0.0298193	-0.0135954	0.0298141	0	0	0	0	0	0	-7.85809e+07	0.466366	0	0        0   1.14568e+06      0      3.84365    5.20962    0
6.13533	2096540	0	201.865	0.147171	0.0159811	0.0220591	-0.0373771	0.0220474	0	0	0	0	0	0	-1.43808e+08	0.345301	0	0        0   2.09654e+06      0      5.20962    7.06103    0
8.31572	3828406	0	202.007	0.10901	0.00841169	0.0163188	-0.0284523	0.0163334	0	0	0	0	0	0	-2.62529e+08	0.256144	0	0        0   3.82841e+06      0      7.06103    9.5704    0
11.271	6973241	0	202.162	0.0808537	0.00945632	0.0121092	0.00248413	0.0121132	0	0	0	0	0	0	-4.78261e+08	0.190369	0	0        0   6.97324e+06      0      9.5704    12.9716    0
15.2765	12683040	0	202.241	0.059997	0.0110318	0.00898573	0.00543464	0.00899034	0	0	0	0	0	0	-8.69719e+08	0.141606	0	0        0   1.2683e+07      0      12.9716    17.5814    0
20.7055	22995933	0	202.366	0.0446028	-0.0189965	0.00668007	-0.0068356	0.00668033	0	0	0	0	0	0	-1.57689e+09	0.105577	0	0        0   2.29959e+07      0      17.5814    23.8296    0
28.0639	41559479	0	202.577	0.0332316	-0.00134838	0.0049747	0.00213148	0.00497527	0	0	0	0	0	0	-2.84973e+09	0.0789783	0	0        0   4.15595e+07      0      23.8296    32.2982    0
38.0373	74666745	0	202.624	0.0248167	-0.0113119	0.00371349	0.00414735	0.00371469	0	0	0	0	0	0	-5.1194e+09	0.0592882	0	0        0   7.46667e+07      0      32.2982    43.7764    0
51.5551	133256185	0	202.654	0.0185978	-0.0277386	0.00278137	0.0173918	0.0027814	0	0	0	0	0	0	-9.13547e+09	0.0447407	0	0        0   1.33256e+08      0      43.7764    59.3338    0
69.8769	235677633	0	202.767	0.01401	-0.0171419	0.00209387	0.0287258	0.00209451	0	0	0	0	0	0	-1.61555e+10	0.0339938	0	0        0   2.35678e+08      0      59.3338    80.42    0
94.7099	412269119	0	203.155	0.0106283	0.0108756	0.00158689	0.0340233	0.00158821	0	0	0	0	0	0	-2.82583e+10	0.0260311	0	0        0   4.12269e+08      0      80.42    109    0
