# 1bin_value	2data_points	3sqrt(data_points)	4W	5W_err	6e+	7e+_err	8eX 9eX_err	10e++ 	11e++_err		12eXX	13eXX_err		14e+X	15e+X_err 	16theta          17theta_err       17num_den	18num_err 19LS_err     20wt_num     21wt_num_err  22r_low   23r_high 24sig_crit
0.117769	789	0	192.556	7.24737	-0.203857	1.11026	-0.558751	1.1166	0	0	0	0	0	0	-54052.5	16.8986	0	0        0   789      0      0.1    0.135538    0
0.159622	1448	0	194.849	5.39463	-0.798364	0.823469	-0.647835	0.809831	0	0	0	0	0	0	-99256.6	12.399	0	0        0   1448      0      0.135538    0.183706    0
0.216349	2817	0	205.929	4.1058	0.629433	0.626322	-0.313964	0.614057	0	0	0	0	0	0	-193526	9.75854	0	0        0   2817      0      0.183706    0.248992    0
0.293236	5057	0	203.602	3.02226	-0.0689925	0.449101	-0.58074	0.452398	0	0	0	0	0	0	-345485	7.05673	0	0        0   5057      0      0.248992    0.33748    0
0.397447	9225	0	203.86	2.24185	0.14966	0.336329	-0.252761	0.337422	0	0	0	0	0	0	-632375	5.26773	0	0        0   9225      0      0.33748    0.457415    0
0.538693	16862	0	203.05	1.65116	0.134922	0.248109	0.292778	0.24638	0	0	0	0	0	0	-1.15625e+06	3.88093	0	0        0   16862      0      0.457415    0.619972    0
0.730136	30509	0	200.216	1.20915	0.23075	0.180574	0.130601	0.182133	0	0	0	0	0	0	-2.09207e+06	2.81806	0	0        0   30509      0      0.619972    0.8403    0
0.989614	55744	0	199.883	0.893223	0.147765	0.134172	-0.0451887	0.134687	0	0	0	0	0	0	-3.82237e+06	2.08619	0	0        0   55744      0      0.8403    1.13893    0
1.34131	102016	0	200.056	0.660894	0.0936095	0.099332	-0.051566	0.0990574	0	0	0	0	0	0	-6.99588e+06	1.54422	0	0        0   102016      0      1.13893    1.54368    0
1.81798	187267	0	200.895	0.489823	-0.0412024	0.0734058	0.0553215	0.073508	0	0	0	0	0	0	-1.28439e+07	1.14507	0	0        0   187267      0      1.54368    2.09228    0
2.46406	342649	0	201.381	0.363043	-0.0105056	0.0544164	0.0227903	0.0544213	0	0	0	0	0	0	-2.35047e+07	0.849862	0	0        0   342649      0      2.09228    2.83584    0
3.33975	626675	0	201.695	0.268937	-0.0099085	0.0403358	0.0132274	0.0402728	0	0	0	0	0	0	-4.29882e+07	0.630772	0	0        0   626675      0      2.83584    3.84365    0
4.52664	1145514	0	201.617	0.19884	0.0382845	0.0298111	-0.015868	0.0298059	0	0	0	0	0	0	-7.85702e+07	0.466295	0	0        0   1.14551e+06      0      3.84365    5.20962    0
6.13533	2095764	0	201.755	0.147139	0.0183238	0.0220553	-0.0442006	0.0220436	0	0	0	0	0	0	-1.43749e+08	0.345694	0	0        0   2.09576e+06      0      5.20962    7.06103    0
8.31572	3827003	0	201.903	0.108989	0.00631493	0.0163164	-0.0330696	0.016331	0	0	0	0	0	0	-2.6243e+08	0.256381	0	0        0   3.827e+06      0      7.06103    9.5704    0
11.271	6971206	0	202.081	0.0808422	0.00514494	0.0121079	0.00490889	0.0121119	0	0	0	0	0	0	-4.7812e+08	0.190511	0	0        0   6.97121e+06      0      9.5704    12.9716    0
15.2765	12679196	0	202.17	0.0599918	0.0085413	0.00898524	0.00624161	0.00898985	0	0	0	0	0	0	-8.69453e+08	0.141721	0	0        0   1.26792e+07      0      12.9716    17.5814    0
20.7055	22987610	0	202.293	0.0446012	-0.0152332	0.00668005	-0.00317589	0.00668031	0	0	0	0	0	0	-1.57632e+09	0.105689	0	0        0   2.29876e+07      0      17.5814    23.8296    0
28.0639	41541834	0	202.503	0.0332323	0.00239513	0.00497497	0.00361888	0.00497554	0	0	0	0	0	0	-2.84855e+09	0.0790808	0	0        0   4.15418e+07      0      23.8296    32.2982    0
38.0373	74633234	0	202.55	0.0248179	-0.0076192	0.0037138	0.00212463	0.003715	0	0	0	0	0	0	-5.11726e+09	0.059363	0	0        0   7.46332e+07      0      32.2982    43.7764    0
51.5551	133216988	0	202.586	0.0185965	-0.0242003	0.00278125	0.0159555	0.00278129	0	0	0	0	0	0	-9.13316e+09	0.044763	0	0        0   1.33217e+08      0      43.7764    59.3338    0
69.8769	235768130	0	202.733	0.0140021	-0.0126129	0.00209272	0.0286065	0.00209335	0	0	0	0	0	0	-1.61628e+10	0.0339102	0	0        0   2.35768e+08      0      59.3338    80.42    0
94.7099	412930512	0	203.131	0.0106099	0.0122671	0.00158416	0.0275467	0.00158548	0	0	0	0	0	0	-2.83054e+10	0.0258286	0	0        0   4.12931e+08      0      80.42    109    0
