# 1bin_value	2data_points	3sqrt(data_points)	4W	5W_err	6e+	7e+_err	8eX 9eX_err	10e++ 	11e++_err		12eXX	13eXX_err		14e+X	15e+X_err 	16theta          17theta_err       17num_den	18num_err 19LS_err     20wt_num     21wt_num_err  22r_low   23r_high 24sig_crit
0.117769	736	0	196.089	7.76406	0	0	0	0	0	0	0	0	0	0	-1311.95	81645.8	0	0        0   754      0      0.1    0.135538    0
0.159622	1367	0	203.117	5.86586	0	0	0	0	0	0	0	0	0	0	-1355.99	147674	0	0        0   1400      0      0.135538    0.183706    0
0.216349	2454	0	195.711	4.20856	0	0	0	0	0	0	0	0	0	0	-1311.18	266093	0	0        0   2509      0      0.183706    0.248992    0
0.293236	4517	0	201.732	3.20869	0	0	0	0	0	0	0	0	0	0	-1351.07	490083	0	0        0   4631      0      0.248992    0.33748    0
0.397447	8354	0	201.7	2.35176	0	0	0	0	0	0	0	0	0	0	-1355.35	904849	0	0        0   8540      0      0.33748    0.457415    0
0.538693	15121	0	200.501	1.7367	0	0	0	0	0	0	0	0	0	0	-1342.42	1.6291e+06	0	0        0   15471      0      0.457415    0.619972    0
0.730136	27583	0	199.548	1.281	0	0	0	0	0	0	0	0	0	0	-1337.9	2.98147e+06	0	0        0   28237      0      0.619972    0.8403    0
0.989614	50592	0	200.748	0.951743	0	0	0	0	0	0	0	0	0	0	-1342.29	5.44485e+06	0	0        0   51823      0      0.8403    1.13893    0
1.34131	92620	0	200.675	0.703075	0	0	0	0	0	0	0	0	0	0	-1344.1	9.99527e+06	0	0        0   94858      0      1.13893    1.54368    0
1.81798	169834	0	201.623	0.521808	0	0	0	0	0	0	0	0	0	0	-1350.21	1.83251e+07	0	0        0   173953      0      1.54368    2.09228    0
2.46406	308448	0	199.738	0.383237	0	0	0	0	0	0	0	0	0	0	-1339.07	3.32768e+07	0	0        0   315656      0      2.09228    2.83584    0
3.33975	564956	0	200.531	0.284417	0	0	0	0	0	0	0	0	0	0	-1344.02	6.09793e+07	0	0        0   578267      0      2.83584    3.84365    0
4.52664	1031658	0	200.103	0.209976	0	0	0	0	0	0	0	0	0	0	-1340.7	1.11271e+08	0	0        0   1.0561e+06      0      3.84365    5.20962    0
6.13533	1889222	0	200.395	0.155394	0	0	0	0	0	0	0	0	0	0	-1342.74	2.0371e+08	0	0        0   1.93337e+06      0      5.20962    7.06103    0
8.31572	3443964	0	200.26	0.115027	0	0	0	0	0	0	0	0	0	0	-1341.65	3.71416e+08	0	0        0   3.52534e+06      0      7.06103    9.5704    0
11.271	6272435	0	200.322	0.0852563	0	0	0	0	0	0	0	0	0	0	-1342.31	6.7656e+08	0	0        0   6.41982e+06      0      9.5704    12.9716    0
15.2765	11419106	0	200.43	0.0632238	0	0	0	0	0	0	0	0	0	0	-1343.02	1.23171e+09	0	0        0   1.16876e+07      0      12.9716    17.5814    0
20.7055	20698934	0	200.38	0.0469466	0	0	0	0	0	0	0	0	0	0	-1342.6	2.23218e+09	0	0        0   2.1185e+07      0      17.5814    23.8296    0
28.0639	37400286	0	200.31	0.0349137	0	0	0	0	0	0	0	0	0	0	-1342.06	4.03278e+09	0	0        0   3.82785e+07      0      23.8296    32.2982    0
38.0373	67237947	0	200.218	0.0260262	0	0	0	0	0	0	0	0	0	0	-1341.57	7.24982e+09	0	0        0   6.88106e+07      0      32.2982    43.7764    0
51.5551	120138728	0	200.152	0.0194646	0	0	0	0	0	0	0	0	0	0	-1340.94	1.29513e+10	0	0        0   1.22951e+08      0      43.7764    59.3338    0
69.8769	212983952	0	200.277	0.0146299	0	0	0	0	0	0	0	0	0	0	-1341.59	2.2954e+10	0	0        0   2.17971e+08      0      59.3338    80.42    0
94.7099	372865201	0	200.377	0.0110627	0	0	0	0	0	0	0	0	0	0	-1342.12	4.01701e+10	0	0        0   3.81595e+08      0      80.42    109    0
