# 1bin_value	2data_points	3sqrt(data_points)	4W	5W_err	6e+	7e+_err	8eX 9eX_err	10e++ 	11e++_err		12eXX	13eXX_err		14e+X	15e+X_err 	16theta          17theta_err       17num_den	18num_err 19LS_err     20wt_num     21wt_num_err  22r_low   23r_high 24sig_crit
0.117769	816	0	202.526	7.51505	-1.28799	0.902639	-0.358439	0.929401	0	0	0	0	0	0	-56358.2	17.9395	0	0        0   816      0      0.1    0.135538    0
0.159622	1505	0	204.586	5.59549	-0.860616	0.700445	0.857227	0.692148	0	0	0	0	0	0	-103212	13.5717	0	0        0   1505      0      0.135538    0.183706    0
0.216349	2693	0	195.348	3.97642	-0.372268	0.508799	-0.0882769	0.489308	0	0	0	0	0	0	-184249	9.34345	0	0        0   2693      0      0.183706    0.248992    0
0.293236	4996	0	202.465	3.02961	0.393798	0.370035	-0.946599	0.374108	0	0	0	0	0	0	-342837	7.17342	0	0        0   4996      0      0.248992    0.33748    0
0.397447	9026	0	199.879	2.2233	0.29772	0.272697	-0.191022	0.276977	0	0	0	0	0	0	-618695	5.24882	0	0        0   9026      0      0.33748    0.457415    0
0.538693	16643	0	202.876	1.66228	-0.156251	0.206153	-0.136604	0.206908	0	0	0	0	0	0	-1.14145e+06	3.93616	0	0        0   16643      0      0.457415    0.619972    0
0.730136	30202	0	199.985	1.2158	0.221448	0.149769	-0.333943	0.150067	0	0	0	0	0	0	-2.07221e+06	2.87327	0	0        0   30202      0      0.619972    0.8403    0
0.989614	54928	0	199.165	0.897398	0.0862939	0.111733	0.00400665	0.110916	0	0	0	0	0	0	-3.76576e+06	2.10895	0	0        0   54928      0      0.8403    1.13893    0
1.34131	100874	0	199.586	0.663832	-0.0747654	0.0820781	-0.101096	0.0824305	0	0	0	0	0	0	-6.91753e+06	1.56577	0	0        0   100874      0      1.13893    1.54368    0
1.81798	185567	0	200.909	0.492867	0.0353264	0.0609536	0.0190795	0.0610616	0	0	0	0	0	0	-1.27316e+07	1.16648	0	0        0   185567      0      1.54368    2.09228    0
2.46406	338507	0	200.762	0.364636	0.0291015	0.0451766	-0.0550946	0.0451888	0	0	0	0	0	0	-2.32047e+07	0.862132	0	0        0   338507      0      2.09228    2.83584    0
3.33975	619874	0	201.102	0.269918	0.0013667	0.0334504	-0.0358626	0.0334177	0	0	0	0	0	0	-4.2522e+07	0.638506	0	0        0   619874      0      2.83584    3.84365    0
4.52664	1134372	0	201.266	0.19972	0.01466	0.0247612	-0.0188958	0.024755	0	0	0	0	0	0	-7.77877e+07	0.472911	0	0        0   1.13437e+06      0      3.84365    5.20962    0
6.13533	2070866	0	200.913	0.14755	0.0262798	0.0182824	0.00989219	0.0182919	0	0	0	0	0	0	-1.42002e+08	0.349184	0	0        0   2.07087e+06      0      5.20962    7.06103    0
8.31572	3781995	0	201.175	0.109351	0.0241667	0.0135635	0.0228568	0.0135582	0	0	0	0	0	0	-2.59344e+08	0.259244	0	0        0   3.782e+06      0      7.06103    9.5704    0
11.271	6890699	0	201.398	0.0811229	-0.0183216	0.0100514	-0.0212048	0.0100549	0	0	0	0	0	0	-4.72564e+08	0.192667	0	0        0   6.8907e+06      0      9.5704    12.9716    0
15.2765	12534312	0	201.488	0.0601951	0.0136208	0.00745809	-0.0190778	0.00745797	0	0	0	0	0	0	-8.59555e+08	0.143291	0	0        0   1.25343e+07      0      12.9716    17.5814    0
20.7055	22716622	0	201.501	0.0447336	0.0191073	0.00554182	-0.00573458	0.00554283	0	0	0	0	0	0	-1.55774e+09	0.106775	0	0        0   2.27166e+07      0      17.5814    23.8296    0
28.0639	41022865	0	201.517	0.0333061	0.012206	0.00412503	-0.00781931	0.00412625	0	0	0	0	0	0	-2.81289e+09	0.0797501	0	0        0   4.10229e+07      0      23.8296    32.2982    0
38.0373	73640257	0	201.29	0.024846	0.0166546	0.0030772	-0.00248955	0.00307764	0	0	0	0	0	0	-5.04874e+09	0.0597404	0	0        0   7.36403e+07      0      32.2982    43.7764    0
51.5551	131365207	0	201.108	0.0185971	0.0178128	0.00230394	0.00844755	0.00230356	0	0	0	0	0	0	-9.00533e+09	0.0448989	0	0        0   1.31365e+08      0      43.7764    59.3338    0
69.8769	232585404	0	201.094	0.0139802	0.0340123	0.00173244	0.00408769	0.0017323	0	0	0	0	0	0	-1.59412e+10	0.033815	0	0        0   2.32585e+08      0      59.3338    80.42    0
94.7099	407677893	0	201.38	0.010574	0.0366709	0.00131047	-0.00463565	0.00131003	0	0	0	0	0	0	-2.79387e+10	0.0255422	0	0        0   4.07678e+08      0      80.42    109    0
