# 1bin_value	2data_points	3sqrt(data_points)	4W	5W_err	6e+	7e+_err	8eX 9eX_err	10e++ 	11e++_err		12eXX	13eXX_err		14e+X	15e+X_err 	16theta          17theta_err       17num_den	18num_err 19LS_err     20wt_num     21wt_num_err  22r_low   23r_high 24sig_crit
0.117769	867	0	208.297	7.55983	0	0	0	0	0	0	0	0	0	0	-1399.55	94605.1	0	0        0   885      0      0.1    0.135538    0
0.159622	1610	0	215.641	5.76729	0	0	0	0	0	0	0	0	0	0	-1443.68	176189	0	0        0   1647      0      0.135538    0.183706    0
0.216349	2838	0	205.327	4.12338	0	0	0	0	0	0	0	0	0	0	-1376.59	310183	0	0        0   2912      0      0.183706    0.248992    0
0.293236	5133	0	203.23	3.034	0	0	0	0	0	0	0	0	0	0	-1366.63	564179	0	0        0   5261      0      0.248992    0.33748    0
0.397447	9268	0	201.129	2.23014	0	0	0	0	0	0	0	0	0	0	-1349.64	1.00369e+06	0	0        0   9460      0      0.33748    0.457415    0
0.538693	16924	0	201.011	1.65022	0	0	0	0	0	0	0	0	0	0	-1348.36	1.83877e+06	0	0        0   17320      0      0.457415    0.619972    0
0.730136	30602	0	198.414	1.21056	0	0	0	0	0	0	0	0	0	0	-1330.04	3.31842e+06	0	0        0   31310      0      0.619972    0.8403    0
0.989614	56000	0	199.187	0.899481	0	0	0	0	0	0	0	0	0	0	-1335.21	6.09066e+06	0	0        0   57381      0      0.8403    1.13893    0
1.34131	102548	0	198.797	0.662569	0	0	0	0	0	0	0	0	0	0	-1331.64	1.11078e+07	0	0        0   104986      0      1.13893    1.54368    0
1.81798	187966	0	199.413	0.491043	0	0	0	0	0	0	0	0	0	0	-1336.21	2.03794e+07	0	0        0   192423      0      1.54368    2.09228    0
2.46406	342468	0	199.126	0.36329	0	0	0	0	0	0	0	0	0	0	-1334.27	3.71113e+07	0	0        0   350450      0      2.09228    2.83584    0
3.33975	627915	0	199.83	0.269328	0	0	0	0	0	0	0	0	0	0	-1338.78	6.80337e+07	0	0        0   642602      0      2.83584    3.84365    0
4.52664	1150111	0	200.109	0.199306	0	0	0	0	0	0	0	0	0	0	-1340.54	1.24684e+08	0	0        0   1.17752e+06      0      3.84365    5.20962    0
6.13533	2097295	0	199.58	0.1472	0	0	0	0	0	0	0	0	0	0	-1336.79	2.27383e+08	0	0        0   2.14758e+06      0      5.20962    7.06103    0
8.31572	3821235	0	199.256	0.108856	0	0	0	0	0	0	0	0	0	0	-1334.97	4.14277e+08	0	0        0   3.91177e+06      0      7.06103    9.5704    0
11.271	6971818	0	199.685	0.0807847	0	0	0	0	0	0	0	0	0	0	-1337.34	7.55665e+08	0	0        0   7.13873e+06      0      9.5704    12.9716    0
15.2765	12683278	0	199.704	0.0598986	0	0	0	0	0	0	0	0	0	0	-1337.71	1.37493e+09	0	0        0   1.29851e+07      0      12.9716    17.5814    0
20.7055	22991448	0	199.709	0.0444967	0	0	0	0	0	0	0	0	0	0	-1337.9	2.49338e+09	0	0        0   2.3538e+07      0      17.5814    23.8296    0
28.0639	41539037	0	199.7	0.0331035	0	0	0	0	0	0	0	0	0	0	-1337.88	4.50486e+09	0	0        0   4.25231e+07      0      23.8296    32.2982    0
38.0373	74723102	0	199.774	0.0246943	0	0	0	0	0	0	0	0	0	0	-1338.26	8.10313e+09	0	0        0   7.64908e+07      0      32.2982    43.7764    0
51.5551	133486987	0	199.731	0.0184757	0	0	0	0	0	0	0	0	0	0	-1337.81	1.44767e+10	0	0        0   1.36646e+08      0      43.7764    59.3338    0
69.8769	236466130	0	199.798	0.0138915	0	0	0	0	0	0	0	0	0	0	-1338.19	2.56556e+10	0	0        0   2.42059e+08      0      59.3338    80.42    0
94.7099	413575727	0	199.853	0.0105131	0	0	0	0	0	0	0	0	0	0	-1338.4	4.49028e+10	0	0        0   4.23363e+08      0      80.42    109    0
