# 1bin_value	2data_points	3sqrt(data_points)	4W	5W_err	6e+	7e+_err	8eX 9eX_err	10e++ 	11e++_err		12eXX	13eXX_err		14e+X	15e+X_err 	16theta          17theta_err       17num_den	18num_err 19LS_err     20wt_num     21wt_num_err  22r_low   23r_high 24sig_crit
0.117769	734	0	1969.4	97.26	18.7875	11.7964	7.41188	10.9376	0	0	0	0	0	0	-50330.4	400.082	0	0        0   785      0      0.1    0.135538    0
0.159622	1106	0	1547.44	58.1584	30.9502	7.77816	-5.62737	7.51192	0	0	0	0	0	0	-76042.8	213.45	0	0        0   1190      0      0.135538    0.183706    0
0.216349	1496	0	1210.9	37.844	9.6297	5.2804	3.59227	5.33173	0	0	0	0	0	0	-102610	125.407	0	0        0   1604      0      0.183706    0.248992    0
0.293236	2426	0	1044.91	24.9213	6.50848	5.69873	2.3942	4.76401	0	0	0	0	0	0	-167588	73.6186	0	0        0   2620      0      0.248992    0.33748    0
0.397447	3600	0	850.756	16.2474	5.6927	2.42465	-2.21862	2.462	0	0	0	0	0	0	-247518	42.9045	0	0        0   3880      0      0.33748    0.457415    0
0.538693	4820	0	627.847	9.94643	3.11656	1.62486	-2.6483	1.53731	0	0	0	0	0	0	-329918	22.4663	0	0        0   5160      0      0.457415    0.619972    0
0.730136	6936	0	492.812	6.4115	2.96137	1.03057	-0.147003	1.03482	0	0	0	0	0	0	-475977	12.4409	0	0        0   7359      0      0.619972    0.8403    0
0.989614	10292	0	399.019	4.18353	0.960188	1.13002	-0.182092	0.774616	0	0	0	0	0	0	-704848	7.10641	0	0        0   10888      0      0.8403    1.13893    0
1.34131	16109	0	342.87	2.85379	1.14377	0.479718	0.427945	0.470321	0	0	0	0	0	0	-1.10405e+06	4.5488	0	0        0   17017      0      1.13893    1.54368    0
1.81798	26663	0	310.802	2.00392	-0.0154898	0.338009	0.115069	0.378506	0	0	0	0	0	0	-1.83008e+06	3.02863	0	0        0   28061      0      1.54368    2.09228    0
2.46406	45481	0	289.916	1.42135	0.253052	0.320212	0.285512	0.301679	0	0	0	0	0	0	-3.11924e+06	2.0451	0	0        0   47734      0      2.09228    2.83584    0
3.33975	77758	0	272.848	1.02539	0.521754	0.186742	-0.183916	0.183737	0	0	0	0	0	0	-5.33273e+06	1.40938	0	0        0   81796      0      2.83584    3.84365    0
4.52664	133829	0	257.777	0.735922	0.465564	0.137878	0.0662656	0.130855	0	0	0	0	0	0	-9.1738e+06	0.987771	0	0        0   140801      0      3.84365    5.20962    0
6.13533	233277	0	245.968	0.531132	0.343779	0.0955628	-0.252599	0.0956874	0	0	0	0	0	0	-1.59955e+07	0.702189	0	0        0   245264      0      5.20962    7.06103    0
8.31572	405918	0	234.504	0.383368	0.311836	0.071283	0.0201356	0.0742568	0	0	0	0	0	0	-2.7815e+07	0.505878	0	0        0   425921      0      7.06103    9.5704    0
11.271	710053	0	225.903	0.278943	0.24552	0.0569962	-0.0923811	0.0583997	0	0	0	0	0	0	-4.86778e+07	0.36537	0	0        0   745257      0      9.5704    12.9716    0
15.2765	1249502	0	218.89	0.203743	0.226507	0.0426996	-0.0341189	0.0429533	0	0	0	0	0	0	-8.56862e+07	0.266802	0	0        0   1.31085e+06      0      12.9716    17.5814    0
20.7055	2211600	0	214.037	0.149723	0.158361	0.0316354	-0.0141179	0.0341716	0	0	0	0	0	0	-1.51662e+08	0.196984	0	0        0   2.31888e+06      0      17.5814    23.8296    0
28.0639	3909624	0	209.817	0.110441	0.115867	0.0227805	0.0140775	0.02375	0	0	0	0	0	0	-2.68091e+08	0.146461	0	0        0   4.09913e+06      0      23.8296    32.2982    0
38.0373	6904422	0	206.459	0.0817948	0.122816	0.0168073	0.00905977	0.0170753	0	0	0	0	0	0	-4.73377e+08	0.10968	0	0        0   7.23859e+06      0      32.2982    43.7764    0
51.5551	12155935	0	203.734	0.0608598	0.12302	0.0127438	0.00348813	0.0122889	0	0	0	0	0	0	-8.33295e+08	0.0829879	0	0        0   1.27402e+07      0      43.7764    59.3338    0
69.8769	21308373	0	202.054	0.0456498	0.0469441	0.00932264	0.0459637	0.0091876	0	0	0	0	0	0	-1.46049e+09	0.0641247	0	0        0   2.2328e+07      0      59.3338    80.42    0
94.7099	36989305	0	200.982	0.0345185	0.0385469	0.00697517	0.0368097	0.00705677	0	0	0	0	0	0	-2.53546e+09	0.0499037	0	0        0   3.87678e+07      0      80.42    109    0
