# 1bin_value	2data_points	3sqrt(data_points)	4W	5W_err	6e+	7e+_err	8eX 9eX_err	10e++ 	11e++_err		12eXX	13eXX_err		14e+X	15e+X_err 	16theta          17theta_err       17num_den	18num_err 19LS_err     20wt_num     21wt_num_err  22r_low   23r_high 24sig_crit
0.117769	665	0	1556.45	76.072	24.1022	7.11554	4.6231	7.70798	0	0	0	0	0	0	-45297.3	304.739	0	0        0   684      0      0.1    0.135538    0
0.159622	939	0	1235.01	48.6898	8.34092	5.2196	4.47035	5.39915	0	0	0	0	0	0	-64041.3	178.508	0	0        0   968      0      0.135538    0.183706    0
0.216349	1394	0	967.68	30.1561	17.9367	3.44339	0.930917	3.48332	0	0	0	0	0	0	-95577.2	99.6527	0	0        0   1433      0      0.183706    0.248992    0
0.293236	2276	0	868.074	20.5201	7.71408	2.51728	4.26496	2.41575	0	0	0	0	0	0	-156044	61.5768	0	0        0   2340      0      0.248992    0.33748    0
0.397447	3370	0	709.504	13.4686	5.23005	1.66816	1.16169	1.64011	0	0	0	0	0	0	-230913	35.9223	0	0        0   3481      0      0.33748    0.457415    0
0.538693	4664	0	540.738	8.50869	2.45286	1.08506	-0.956561	1.06668	0	0	0	0	0	0	-320158	19.4366	0	0        0   4803      0      0.457415    0.619972    0
0.730136	6813	0	429.553	5.49637	1.23954	0.711878	-0.159483	0.714241	0	0	0	0	0	0	-467272	11.1724	0	0        0   6987      0      0.619972    0.8403    0
0.989614	10755	0	371.662	3.73895	1.40452	0.502335	0.724804	0.491107	0	0	0	0	0	0	-736682	6.58385	0	0        0   11024      0      0.8403    1.13893    0
1.34131	17051	0	321.906	2.55572	0.615764	0.336293	0.509924	0.331735	0	0	0	0	0	0	-1.16861e+06	4.26301	0	0        0   17424      0      1.13893    1.54368    0
1.81798	28527	0	296.48	1.81492	0.51392	0.242176	-0.43851	0.238657	0	0	0	0	0	0	-1.95596e+06	2.87564	0	0        0   29171      0      1.54368    2.09228    0
2.46406	49189	0	280.806	1.30644	0.680313	0.172858	-0.139836	0.172862	0	0	0	0	0	0	-3.37258e+06	1.9984	0	0        0   50296      0      2.09228    2.83584    0
3.33975	83652	0	261.884	0.932592	0.275624	0.123432	0.0600638	0.123446	0	0	0	0	0	0	-5.73518e+06	1.38109	0	0        0   85513      0      2.83584    3.84365    0
4.52664	144250	0	247.305	0.669549	0.376093	0.0887164	0.0545438	0.0887894	0	0	0	0	0	0	-9.88879e+06	0.975422	0	0        0   147332      0      3.84365    5.20962    0
6.13533	252729	0	237.705	0.485977	0.393079	0.06456	0.00871694	0.0644148	0	0	0	0	0	0	-1.73346e+07	0.693001	0	0        0   258346      0      5.20962    7.06103    0
8.31572	441370	0	227.854	0.352221	0.257204	0.0468419	0.0405673	0.0467148	0	0	0	0	0	0	-3.02706e+07	0.497996	0	0        0   450919      0      7.06103    9.5704    0
11.271	777648	0	220.861	0.257153	0.144083	0.0342012	0.0281031	0.0341418	0	0	0	0	0	0	-5.33564e+07	0.362422	0	0        0   794474      0      9.5704    12.9716    0
15.2765	1370858	0	214.383	0.187906	0.16865	0.0250171	-0.00454987	0.0249975	0	0	0	0	0	0	-9.40113e+07	0.263305	0	0        0   1.40022e+06      0      12.9716    17.5814    0
20.7055	2435190	0	210.318	0.138279	0.147332	0.0183927	-0.00455552	0.0184056	0	0	0	0	0	0	-1.67004e+08	0.193602	0	0        0   2.48637e+06      0      17.5814    23.8296    0
28.0639	4333033	0	207.406	0.102234	0.0382633	0.013588	0.0383955	0.0135909	0	0	0	0	0	0	-2.97109e+08	0.142948	0	0        0   4.42474e+06      0      23.8296    32.2982    0
38.0373	7678179	0	204.57	0.0757551	0.0676417	0.0100893	0.0516757	0.010084	0	0	0	0	0	0	-5.26405e+08	0.106276	0	0        0   7.83951e+06      0      32.2982    43.7764    0
51.5551	13565075	0	202.473	0.0564293	0.0341336	0.00751121	0.0312079	0.00751594	0	0	0	0	0	0	-9.29745e+08	0.0794841	0	0        0   1.38525e+07      0      43.7764    59.3338    0
69.8769	23874473	0	201.334	0.0423235	0.0296426	0.00562863	0.0115827	0.00562934	0	0	0	0	0	0	-1.63622e+09	0.0604124	0	0        0   2.43794e+07      0      59.3338    80.42    0
94.7099	41716757	0	201.216	0.0320193	0.00450851	0.0042556	0.014467	0.00425688	0	0	0	0	0	0	-2.85899e+09	0.046258	0	0        0   4.25997e+07      0      80.42    109    0
