# 1bin_value	2data_points	3sqrt(data_points)	4W	5W_err	6e+	7e+_err	8eX 9eX_err	10e++ 	11e++_err		12eXX	13eXX_err		14e+X	15e+X_err 	16theta          17theta_err       17num_den	18num_err 19LS_err     20wt_num     21wt_num_err  22r_low   23r_high 24sig_crit
0.117769	730	0	194.112	7.60727	0.504682	1.03023	-1.78291	1.0412	0	0	0	0	0	0	-49654	18.0562	0	0        0   730      0      0.1    0.135538    0
0.159622	1348	0	200.78	5.80261	0.181127	0.805134	-0.323865	0.786233	0	0	0	0	0	0	-92068.9	13.9242	0	0        0   1348      0      0.135538    0.183706    0
0.216349	2461	0	196.867	4.20131	-0.371777	0.578678	-0.843196	0.586643	0	0	0	0	0	0	-168515	9.99189	0	0        0   2461      0      0.183706    0.248992    0
0.293236	4599	0	205.585	3.2073	0.407644	0.440078	0.174851	0.438032	0	0	0	0	0	0	-315641	7.65742	0	0        0   4599      0      0.248992    0.33748    0
0.397447	8237	0	199.834	2.32879	-0.259002	0.319829	-0.188713	0.325749	0	0	0	0	0	0	-565664	5.54766	0	0        0   8237      0      0.33748    0.457415    0
0.538693	14784	0	196.773	1.70984	-0.0242659	0.239315	0.0890731	0.241432	0	0	0	0	0	0	-1.01417e+06	4.04322	0	0        0   14784      0      0.457415    0.619972    0
0.730136	27683	0	200.652	1.27511	-0.135479	0.178524	0.265031	0.178636	0	0	0	0	0	0	-1.89837e+06	3.03207	0	0        0   27683      0      0.619972    0.8403    0
0.989614	50610	0	201.117	0.945164	-0.128359	0.13207	0.204816	0.131621	0	0	0	0	0	0	-3.47014e+06	2.24028	0	0        0   50610      0      0.8403    1.13893    0
1.34131	92446	0	200.745	0.697926	0.0785828	0.0969718	-0.0316801	0.0972647	0	0	0	0	0	0	-6.33932e+06	1.65478	0	0        0   92446      0      1.13893    1.54368    0
1.81798	168977	0	201.001	0.516988	0.0131098	0.0719908	0.0209408	0.0720458	0	0	0	0	0	0	-1.1584e+07	1.22741	0	0        0   168977      0      1.54368    2.09228    0
2.46406	309900	0	201.299	0.382312	-0.0159677	0.0532939	0.0402712	0.053336	0	0	0	0	0	0	-2.1261e+07	0.907521	0	0        0   309900      0      2.09228    2.83584    0
3.33975	566083	0	201.548	0.283234	-0.0976886	0.0395243	0.0369547	0.0394204	0	0	0	0	0	0	-3.88307e+07	0.672595	0	0        0   566083      0      2.83584    3.84365    0
4.52664	1035489	0	201.45	0.209334	0.00477109	0.0291844	0.00144248	0.0291561	0	0	0	0	0	0	-7.10194e+07	0.497464	0	0        0   1.03549e+06      0      3.84365    5.20962    0
6.13533	1896816	0	201.84	0.154977	0.0260617	0.021593	-0.0183279	0.0215743	0	0	0	0	0	0	-1.30075e+08	0.368429	0	0        0   1.89682e+06      0      5.20962    7.06103    0
8.31572	3457926	0	201.689	0.114714	-0.00105335	0.016005	-0.00180678	0.0159951	0	0	0	0	0	0	-2.37159e+08	0.273093	0	0        0   3.45793e+06      0      7.06103    9.5704    0
11.271	6298583	0	201.817	0.0850624	-0.00542559	0.011855	0.0134165	0.01186	0	0	0	0	0	0	-4.31897e+08	0.202648	0	0        0   6.29858e+06      0      9.5704    12.9716    0
15.2765	11442255	0	201.536	0.0630236	0.0146032	0.00878464	0.00662971	0.00878818	0	0	0	0	0	0	-7.84593e+08	0.15013	0	0        0   1.14423e+07      0      12.9716    17.5814    0
20.7055	20736038	0	201.516	0.0468207	0.00202688	0.00652649	0.00062413	0.00652581	0	0	0	0	0	0	-1.42188e+09	0.111697	0	0        0   2.0736e+07      0      17.5814    23.8296    0
28.0639	37446717	0	201.417	0.0348294	0.00206872	0.00485426	0.0126752	0.00485542	0	0	0	0	0	0	-2.56759e+09	0.0831689	0	0        0   3.74467e+07      0      23.8296    32.2982    0
38.0373	67200926	0	201.085	0.0259599	-0.00636176	0.00361536	0.0065619	0.00361667	0	0	0	0	0	0	-4.60742e+09	0.0620347	0	0        0   6.72009e+07      0      32.2982    43.7764    0
51.5551	119731107	0	200.552	0.0193997	-0.00118215	0.00270124	0.00293185	0.00270188	0	0	0	0	0	0	-8.20802e+09	0.0464005	0	0        0   1.19731e+08      0      43.7764    59.3338    0
69.8769	211654480	0	200.183	0.0145661	-0.000855751	0.00202775	0.0138417	0.00202824	0	0	0	0	0	0	-1.45062e+10	0.0348783	0	0        0   2.11654e+08      0      59.3338    80.42    0
94.7099	370074081	0	200.089	0.0110104	0.0122686	0.00153254	0.0375751	0.00153271	0	0	0	0	0	0	-2.53561e+10	0.0263733	0	0        0   3.70074e+08      0      80.42    109    0
