# 1bin_value	2data_points	3sqrt(data_points)	4W	5W_err	6e+	7e+_err	8eX 9eX_err	10e++ 	11e++_err		12eXX	13eXX_err		14e+X	15e+X_err 	16theta          17theta_err       17num_den	18num_err 19LS_err     20wt_num     21wt_num_err  22r_low   23r_high 24sig_crit
0.117769	781	inf	1703.68	89.3785	28.8405	8.07682	-5.84135	7.52766	0	0	0	0	0	0	-11293.8	374.377	0	inf        0   0      0      0.1    0.135538    0
0.159622	1049	20.5966	1123.23	50.3917	27.3822	5.27049	0.633994	5.29258	0	0	0	0	0	0	-7454.14	178.595	0	20.5966        0   0      0      0.135538    0.183706    0
0.216349	1493	14.3273	857.592	32.1064	11.515	3.44632	-7.78573	3.43544	0	0	0	0	0	0	-5692.88	104.877	0	14.3273        0   0      0      0.183706    0.248992    0
0.293236	2466	9.05611	752.214	22.3632	12.6316	2.59434	-3.76824	2.44892	0	0	0	0	0	0	-4986.78	69.0085	0	9.05611        0   0      0      0.248992    0.33748    0
0.397447	3727	6.14768	588.541	14.6355	7.55524	1.70886	0.631206	1.6501	0	0	0	0	0	0	-3916.33	39.2353	0	6.14768        0   0      0      0.33748    0.457415    0
0.538693	4924	4.80142	373.372	9.16972	4.54427	1.10975	0.0500873	1.12085	0	0	0	0	0	0	-2459.04	20.9344	0	4.80142        0   0      0      0.457415    0.619972    0
0.730136	6977	3.58623	247.895	5.90822	1.71856	0.725344	-0.537525	0.715687	0	0	0	0	0	0	-1620.95	11.711	0	3.58623        0   0      0      0.619972    0.8403    0
0.989614	10885	2.61538	184.053	4.04075	1.20071	0.49552	-0.0775694	0.50509	0	0	0	0	0	0	-1204.6	7.02337	0	2.61538        0   0      0      0.8403    1.13893    0
1.34131	17349	1.94865	134.916	2.79969	0.399771	0.344568	0.375024	0.34943	0	0	0	0	0	0	-877.174	4.50173	0	1.94865        0   0      0      1.13893    1.54368    0
1.81798	28690	1.45286	101.816	1.97251	0.465555	0.245533	0.0407701	0.241708	0	0	0	0	0	0	-655.452	3.01871	0	1.45286        0   0      0      1.54368    2.09228    0
2.46406	49287	1.07925	84.9751	1.42492	0.686919	0.175845	-0.0836238	0.176296	0	0	0	0	0	0	-545.039	2.12489	0	1.07925        0   0      0      2.09228    2.83584    0
3.33975	84136	0.801937	66.5766	1.02358	0.587967	0.126394	0.134256	0.126548	0	0	0	0	0	0	-417.587	1.48725	0	0.801937        0   0      0      2.83584    3.84365    0
4.52664	144885	0.595942	50.9922	0.738226	0.411087	0.0911328	-0.048986	0.0912083	0	0	0	0	0	0	-316.528	1.04207	0	0.595942        0   0      0      3.84365    5.20962    0
6.13533	252926	0.441716	40.6882	0.535424	0.18934	0.0659838	-0.0188192	0.0660576	0	0	0	0	0	0	-245.488	0.749035	0	0.441716        0   0      0      5.20962    7.06103    0
8.31572	442594	0.328026	31.0243	0.389923	0.313112	0.0481001	0.0444325	0.0480871	0	0	0	0	0	0	-179.447	0.538026	0	0.328026        0   0      0      7.06103    9.5704    0
11.271	774348	0.244659	22.248	0.28461	0.180278	0.0351488	0.00152718	0.0351473	0	0	0	0	0	0	-120.427	0.391423	0	0.244659        0   0      0      9.5704    12.9716    0
15.2765	1367240	0.182356	15.8772	0.208693	0.103376	0.0257311	0.0360811	0.0257342	0	0	0	0	0	0	-78.1962	0.286321	0	0.182356        0   0      0      12.9716    17.5814    0
20.7055	2417272	0.13623	10.6828	0.153587	0.153467	0.0189387	0.0183471	0.0189217	0	0	0	0	0	0	-43.3833	0.210847	0	0.13623        0   0      0      17.5814    23.8296    0
28.0639	4287481	0.101882	7.17533	0.11358	0.11579	0.0140032	0.00193932	0.013987	0	0	0	0	0	0	-19.4153	0.156961	0	0.101882        0   0      0      23.8296    32.2982    0
38.0373	7590467	0.076389	4.38634	0.0842778	0.101016	0.0103749	0.00305634	0.0103607	0	0	0	0	0	0	-0.636514	0.117332	0	0.076389        0   0      0      32.2982    43.7764    0
51.5551	13393188	0.0574373	2.12005	0.0628361	0.0591236	0.00772653	0.0342004	0.00772576	0	0	0	0	0	0	13.5811	0.0888737	0	0.0574373        0   0      0      43.7764    59.3338    0
69.8769	23541301	0.043294	0.819612	0.0471494	0.0206478	0.0057959	-0.00148887	0.00579492	0	0	0	0	0	0	21.8391	0.0675507	0	0.043294        0   0      0      59.3338    80.42    0
94.7099	41054437	0.0327733	0.0943384	0.0356591	0.0304022	0.0043865	0.0158195	0.00438394	0	0	0	0	0	0	26.0508	0.0517506	0	0.0327733        0   0      0      80.42    109    0
