# 1bin_value	2data_points	3sqrt(data_points)	4W	5W_err	6e+	7e+_err	8eX 9eX_err	10e++ 	11e++_err		12eXX	13eXX_err		14e+X	15e+X_err 	16theta          17theta_err       17num_den	18num_err 19LS_err     20wt_num     21wt_num_err  22r_low   23r_high 24sig_crit
0.117769	442	0	999.153	54.769	6.13111	7.52274	2.16327	6.64285	0	0	0	0	0	0	-30419	184.262	0	0        0   449      0      0.1    0.135538    0
0.159622	650	0	874.071	38.9173	6.17166	5.46209	5.09365	5.50531	0	0	0	0	0	0	-44614.8	121.497	0	0        0   667      0      0.135538    0.183706    0
0.216349	1016	0	703.677	24.3583	6.3455	3.50917	2.32835	3.49033	0	0	0	0	0	0	-69266.3	68.0296	0	0        0   1038      0      0.183706    0.248992    0
0.293236	1745	0	671.825	17.6082	3.807	2.52561	0.869404	2.54595	0	0	0	0	0	0	-119817	46.4169	0	0        0   1795      0      0.248992    0.33748    0
0.397447	2751	0	581.882	11.9368	2.59876	1.80079	-0.495753	1.77768	0	0	0	0	0	0	-188531	27.3358	0	0        0   2844      0      0.33748    0.457415    0
0.538693	3937	0	459.368	7.72984	2.15814	1.16054	0.265485	1.1793	0	0	0	0	0	0	-269664	15.4659	0	0        0   4050      0      0.457415    0.619972    0
0.730136	6158	0	392.858	5.23622	1.21322	0.802079	0.597051	0.7925	0	0	0	0	0	0	-422183	9.33582	0	0        0   6324      0      0.619972    0.8403    0
0.989614	9679	0	337.912	3.56039	0.626813	0.542057	-0.326933	0.561543	0	0	0	0	0	0	-663951	5.9092	0	0        0   9898      0      0.8403    1.13893    0
1.34131	15984	0	306.455	2.50189	0.415738	0.391378	-0.380272	0.388866	0	0	0	0	0	0	-1.09588e+06	3.85361	0	0        0   16347      0      1.13893    1.54368    0
1.81798	26926	0	282.594	1.77274	0.585033	0.275859	0.370338	0.273152	0	0	0	0	0	0	-1.84697e+06	2.65979	0	0        0   27483      0      1.54368    2.09228    0
2.46406	46675	0	268.813	1.27819	0.360341	0.199302	-0.272478	0.199699	0	0	0	0	0	0	-3.20036e+06	1.85575	0	0        0   47602      0      2.09228    2.83584    0
3.33975	80917	0	255.843	0.923273	0.337672	0.144162	-0.183588	0.143071	0	0	0	0	0	0	-5.54605e+06	1.29068	0	0        0   82662      0      2.83584    3.84365    0
4.52664	141127	0	244.825	0.668543	0.206031	0.104546	0.11972	0.104014	0	0	0	0	0	0	-9.67828e+06	0.915867	0	0        0   144269      0      3.84365    5.20962    0
6.13533	247415	0	235.049	0.48418	0.223742	0.075519	-0.130245	0.0755964	0	0	0	0	0	0	-1.69686e+07	0.653289	0	0        0   252703      0      5.20962    7.06103    0
8.31572	433149	0	225.817	0.351345	0.126682	0.0548921	0.172279	0.0549587	0	0	0	0	0	0	-2.97106e+07	0.469816	0	0        0   442324      0      7.06103    9.5704    0
11.271	764186	0	219.281	0.256877	0.130701	0.0401204	0.0437667	0.0401868	0	0	0	0	0	0	-5.24227e+07	0.342045	0	0        0   780430      0      9.5704    12.9716    0
15.2765	1354056	0	213.995	0.188324	0.191182	0.0293824	0.041937	0.0294215	0	0	0	0	0	0	-9.28372e+07	0.249971	0	0        0   1.38315e+06      0      12.9716    17.5814    0
20.7055	2408373	0	210.172	0.138649	0.0681539	0.0216715	0.0951557	0.0216799	0	0	0	0	0	0	-1.65167e+08	0.184477	0	0        0   2.45916e+06      0      17.5814    23.8296    0
28.0639	4285433	0	207.231	0.102511	0.0178219	0.0160164	0.0487762	0.01602	0	0	0	0	0	0	-2.93891e+08	0.137266	0	0        0   4.37548e+06      0      23.8296    32.2982    0
38.0373	7612582	0	204.933	0.0760893	0.0184998	0.0118675	-0.0453702	0.0118903	0	0	0	0	0	0	-5.21891e+08	0.102894	0	0        0   7.77114e+06      0      32.2982    43.7764    0
51.5551	13472154	0	203.175	0.0567425	-0.0168023	0.0088576	0.0103751	0.00886886	0	0	0	0	0	0	-9.23462e+08	0.0777473	0	0        0   1.37545e+07      0      43.7764    59.3338    0
69.8769	23746311	0	202.428	0.042612	0.0102303	0.00665803	-0.00104765	0.00665452	0	0	0	0	0	0	-1.62748e+09	0.0592527	0	0        0   2.42444e+07      0      59.3338    80.42    0
94.7099	41474883	0	202.248	0.0322385	0.0247236	0.00503136	0.0156783	0.00503149	0	0	0	0	0	0	-2.84271e+09	0.0455312	0	0        0   4.23455e+07      0      80.42    109    0
