# 1bin_value	2data_points	3sqrt(data_points)	4W	5W_err	6e+	7e+_err	8eX 9eX_err	10e++ 	11e++_err		12eXX	13eXX_err		14e+X	15e+X_err 	16theta          17theta_err       17num_den	18num_err 19LS_err     20wt_num     21wt_num_err  22r_low   23r_high 24sig_crit
0.117769	598	inf	1079.29	63.9299	17.8528	7.28154	5.59082	7.18439	0	0	0	0	0	0	-7314.8	234.887	0	inf        0   0      0      0.1    0.135538    0
0.159622	827	20.7071	797.307	41.2075	10.9794	4.85201	5.68904	4.5342	0	0	0	0	0	0	-5330.14	133.979	0	20.7071        0   0      0      0.135538    0.183706    0
0.216349	1270	14.0948	686.54	28.6053	7.75055	3.42278	2.66851	3.29427	0	0	0	0	0	0	-4464.38	86.4996	0	14.0948        0   0      0      0.183706    0.248992    0
0.293236	2155	8.98383	618.543	20.2986	6.66328	2.56508	0.83113	2.48004	0	0	0	0	0	0	-4104.3	59.1091	0	8.98383        0   0      0      0.248992    0.33748    0
0.397447	3223	6.4428	470.871	13.2479	5.20091	1.6827	0.482648	1.63393	0	0	0	0	0	0	-3098.5	33.6969	0	6.4428        0   0      0      0.33748    0.457415    0
0.538693	4375	4.79826	301.769	8.43958	3.01397	1.11621	-2.63959	1.09597	0	0	0	0	0	0	-1982.65	17.7972	0	4.79826        0   0      0      0.457415    0.619972    0
0.730136	6559	3.55654	213.741	5.60485	1.57532	0.752581	-0.388645	0.742725	0	0	0	0	0	0	-1389.05	10.6303	0	3.55654        0   0      0      0.619972    0.8403    0
0.989614	10434	2.6165	159.841	3.89123	0.530267	0.512223	-0.523407	0.509619	0	0	0	0	0	0	-1029.54	6.77021	0	2.6165        0   0      0      0.8403    1.13893    0
1.34131	16572	1.96229	111.137	2.68636	0.924835	0.360758	-0.539303	0.354501	0	0	0	0	0	0	-722.799	4.34379	0	1.96229        0   0      0      1.13893    1.54368    0
1.81798	27827	1.46869	88.4344	1.91729	0.635511	0.254262	0.0120048	0.252994	0	0	0	0	0	0	-566.32	3.03695	0	1.46869        0   0      0      1.54368    2.09228    0
2.46406	48623	1.07302	76.4898	1.39024	0.376136	0.185278	-0.0153805	0.184661	0	0	0	0	0	0	-482.454	2.12186	0	1.07302        0   0      0      2.09228    2.83584    0
3.33975	83795	0.797284	61.3733	1.0041	0.466368	0.132803	-0.11256	0.133783	0	0	0	0	0	0	-380.847	1.49926	0	0.797284        0   0      0      2.83584    3.84365    0
4.52664	144018	0.594203	45.5989	0.724838	0.269199	0.096248	-0.173889	0.0961161	0	0	0	0	0	0	-276.456	1.07212	0	0.594203        0   0      0      3.84365    5.20962    0
6.13533	251351	0.440797	34.9724	0.525356	0.245655	0.0696106	0.0909158	0.0698921	0	0	0	0	0	0	-205.197	0.764577	0	0.440797        0   0      0      5.20962    7.06103    0
8.31572	442213	0.326896	26.8712	0.383285	0.137094	0.0508036	0.076086	0.0508069	0	0	0	0	0	0	-150.026	0.554804	0	0.326896        0   0      0      7.06103    9.5704    0
11.271	778087	0.243491	19.2368	0.280705	0.154001	0.0372066	-0.018531	0.0372058	0	0	0	0	0	0	-100.36	0.405095	0	0.243491        0   0      0      9.5704    12.9716    0
15.2765	1379387	0.181258	14.0948	0.206198	0.155663	0.0272867	-0.0141266	0.027248	0	0	0	0	0	0	-64.8436	0.298219	0	0.181258        0   0      0      12.9716    17.5814    0
20.7055	2440232	0.13544	9.11326	0.151777	0.146314	0.0200385	-0.00371554	0.0200485	0	0	0	0	0	0	-31.2107	0.220246	0	0.13544        0   0      0      17.5814    23.8296    0
28.0639	4335227	0.101256	5.59738	0.112261	0.147561	0.0148115	-0.00802714	0.0148163	0	0	0	0	0	0	-8.39324	0.163456	0	0.101256        0   0      0      23.8296    32.2982    0
38.0373	7698976	0.0758177	3.09619	0.0833726	0.0854951	0.0110019	0.0221635	0.0110034	0	0	0	0	0	0	8.64317	0.121792	0	0.0758177        0   0      0      32.2982    43.7764    0
51.5551	13632889	0.0569055	1.09673	0.0621813	0.0598107	0.00818855	0.0167589	0.00820122	0	0	0	0	0	0	21.9129	0.090757	0	0.0569055        0   0      0      43.7764    59.3338    0
69.8769	24072845	0.0428027	0.136674	0.0466463	0.0358068	0.0061416	0.0132146	0.00614409	0	0	0	0	0	0	27.852	0.0676565	0	0.0428027        0   0      0      59.3338    80.42    0
94.7099	42211792	0.0323163	-0.164662	0.0352468	0.0300567	0.00463876	0.0122243	0.00464172	0	0	0	0	0	0	29.811	0.0502205	0	0.0323163        0   0      0      80.42    109    0
