# 1bin_value	2data_points	3sqrt(data_points)	4W	5W_err	6e+	7e+_err	8eX 9eX_err	10e++ 	11e++_err		12eXX	13eXX_err		14e+X	15e+X_err 	16theta          17theta_err       17num_den	18num_err 19LS_err     20wt_num     21wt_num_err  22r_low   23r_high 24sig_crit
0.117769	869	0	208.834	7.56529	0	0	0	0	0	0	0	0	0	0	-1403.47	94605.1	0	0        0   887      0      0.1    0.135538    0
0.159622	1614	0	215.669	5.75917	0	0	0	0	0	0	0	0	0	0	-1446.8	176189	0	0        0   1649      0      0.135538    0.183706    0
0.216349	2838	0	205.616	4.12786	0	0	0	0	0	0	0	0	0	0	-1378.86	310183	0	0        0   2913      0      0.183706    0.248992    0
0.293236	5138	0	203.544	3.03797	0	0	0	0	0	0	0	0	0	0	-1368.72	564179	0	0        0   5263      0      0.248992    0.33748    0
0.397447	9282	0	201.467	2.23041	0	0	0	0	0	0	0	0	0	0	-1351.48	1.00369e+06	0	0        0   9476      0      0.33748    0.457415    0
0.538693	16949	0	201.326	1.65108	0	0	0	0	0	0	0	0	0	0	-1350.93	1.83877e+06	0	0        0   17341      0      0.457415    0.619972    0
0.730136	30608	0	198.361	1.21007	0	0	0	0	0	0	0	0	0	0	-1329.79	3.31842e+06	0	0        0   31313      0      0.619972    0.8403    0
0.989614	56053	0	199.308	0.89967	0	0	0	0	0	0	0	0	0	0	-1336.68	6.09066e+06	0	0        0   57403      0      0.8403    1.13893    0
1.34131	102501	0	198.603	0.662399	0	0	0	0	0	0	0	0	0	0	-1330.87	1.11078e+07	0	0        0   104901      0      1.13893    1.54368    0
1.81798	187870	0	199.237	0.490951	0	0	0	0	0	0	0	0	0	0	-1335.45	2.03794e+07	0	0        0   192269      0      1.54368    2.09228    0
2.46406	342452	0	199.032	0.363273	0	0	0	0	0	0	0	0	0	0	-1334.15	3.71113e+07	0	0        0   350286      0      2.09228    2.83584    0
3.33975	627963	0	199.766	0.269288	0	0	0	0	0	0	0	0	0	0	-1338.69	6.80337e+07	0	0        0   642474      0      2.83584    3.84365    0
4.52664	1150004	0	200.033	0.199303	0	0	0	0	0	0	0	0	0	0	-1340.43	1.24684e+08	0	0        0   1.17706e+06      0      3.84365    5.20962    0
6.13533	2096436	0	199.453	0.1472	0	0	0	0	0	0	0	0	0	0	-1336.36	2.27383e+08	0	0        0   2.14611e+06      0      5.20962    7.06103    0
8.31572	3819475	0	199.168	0.108888	0	0	0	0	0	0	0	0	0	0	-1334.81	4.14277e+08	0	0        0   3.90872e+06      0      7.06103    9.5704    0
11.271	6966290	0	199.55	0.0808192	0	0	0	0	0	0	0	0	0	0	-1336.88	7.55665e+08	0	0        0   7.13042e+06      0      9.5704    12.9716    0
15.2765	12667259	0	199.533	0.0599397	0	0	0	0	0	0	0	0	0	0	-1337.01	1.37493e+09	0	0        0   1.29641e+07      0      12.9716    17.5814    0
20.7055	22951218	0	199.519	0.0445449	0	0	0	0	0	0	0	0	0	0	-1337.09	2.49338e+09	0	0        0   2.3488e+07      0      17.5814    23.8296    0
28.0639	41430365	0	199.457	0.033159	0	0	0	0	0	0	0	0	0	0	-1336.7	4.50486e+09	0	0        0   4.23955e+07      0      23.8296    32.2982    0
38.0373	74453909	0	199.494	0.0247554	0	0	0	0	0	0	0	0	0	0	-1336.78	8.10313e+09	0	0        0   7.61855e+07      0      32.2982    43.7764    0
51.5551	132846568	0	199.415	0.0185403	0	0	0	0	0	0	0	0	0	0	-1336.07	1.44767e+10	0	0        0   1.35935e+08      0      43.7764    59.3338    0
69.8769	234995629	0	199.434	0.0139569	0	0	0	0	0	0	0	0	0	0	-1336.13	2.56556e+10	0	0        0   2.40446e+08      0      59.3338    80.42    0
94.7099	410569070	0	199.458	0.0105724	0	0	0	0	0	0	0	0	0	0	-1336.14	4.49028e+10	0	0        0   4.20086e+08      0      80.42    109    0
