# 1bin_value	2data_points	3sqrt(data_points)	4W	5W_err	6e+	7e+_err	8eX 9eX_err	10e++ 	11e++_err		12eXX	13eXX_err		14e+X	15e+X_err 	16theta          17theta_err       17num_den	18num_err 19LS_err     20wt_num     21wt_num_err  22r_low   23r_high 24sig_crit
0.117769	811	0	193.384	7.16829	-1.30395	0.991768	-0.164796	0.971416	0	0	0	0	0	0	-55710.3	16.5456	0	0        0   811      0      0.1    0.135538    0
0.159622	1559	0	202.865	5.43734	0.313844	0.729109	-1.20917	0.703382	0	0	0	0	0	0	-106628	12.8511	0	0        0   1559      0      0.135538    0.183706    0
0.216349	2666	0	192.702	3.94398	0.17894	0.512166	-0.75042	0.511638	0	0	0	0	0	0	-183605	9.30857	0	0        0   2666      0      0.183706    0.248992    0
0.293236	5046	0	197.994	2.94564	-0.0622251	0.39671	-0.082752	0.397786	0	0	0	0	0	0	-345275	6.95136	0	0        0   5046      0      0.248992    0.33748    0
0.397447	9143	0	197.82	2.18524	0.0630496	0.289717	-0.334961	0.290036	0	0	0	0	0	0	-628494	5.15773	0	0        0   9143      0      0.33748    0.457415    0
0.538693	16786	0	198.388	1.61769	0.142391	0.215601	0.12188	0.215437	0	0	0	0	0	0	-1.15043e+06	3.8183	0	0        0   16786      0      0.457415    0.619972    0
0.730136	30665	0	198.145	1.19476	-0.123021	0.159645	-0.0972652	0.157903	0	0	0	0	0	0	-2.10391e+06	2.80562	0	0        0   30665      0      0.619972    0.8403    0
0.989614	56513	0	200.49	0.891085	0.0327424	0.118367	-0.0116442	0.118881	0	0	0	0	0	0	-3.87919e+06	2.1029	0	0        0   56513      0      0.8403    1.13893    0
1.34131	104037	0	201.155	0.65878	0.043645	0.0872617	0.126471	0.0873944	0	0	0	0	0	0	-7.13355e+06	1.55345	0	0        0   104037      0      1.13893    1.54368    0
1.81798	189150	0	200.319	0.486437	-0.0125094	0.0644542	-0.042345	0.0644419	0	0	0	0	0	0	-1.29671e+07	1.14463	0	0        0   189150      0      1.54368    2.09228    0
2.46406	345951	0	200.482	0.360077	0.0461322	0.0478153	0.0282533	0.0478768	0	0	0	0	0	0	-2.37304e+07	0.849098	0	0        0   345951      0      2.09228    2.83584    0
3.33975	632163	0	200.386	0.266279	-0.010514	0.0353661	0.03682	0.0354145	0	0	0	0	0	0	-4.33516e+07	0.628942	0	0        0   632163      0      2.83584    3.84365    0
4.52664	1158454	0	201.1	0.197448	0.0181503	0.0262319	-0.0041712	0.0262029	0	0	0	0	0	0	-7.94482e+07	0.466914	0	0        0   1.15845e+06      0      3.84365    5.20962    0
6.13533	2118409	0	201.06	0.146009	-0.0171053	0.0193864	0.00108471	0.0193659	0	0	0	0	0	0	-1.45277e+08	0.345737	0	0        0   2.11841e+06      0      5.20962    7.06103    0
8.31572	3866825	0	201.057	0.108091	0.0555759	0.0143474	0.0202227	0.0143482	0	0	0	0	0	0	-2.65175e+08	0.25638	0	0        0   3.86682e+06      0      7.06103    9.5704    0
11.271	7047424	0	201.374	0.0802165	0.0172017	0.0106428	-0.00853149	0.010654	0	0	0	0	0	0	-4.83307e+08	0.190687	0	0        0   7.04742e+06      0      9.5704    12.9716    0
15.2765	12818660	0	201.5	0.0595372	-0.00240347	0.0079011	0.00305964	0.00789742	0	0	0	0	0	0	-8.79019e+08	0.141885	0	0        0   1.28187e+07      0      12.9716    17.5814    0
20.7055	23233394	0	201.554	0.0442586	0.00242458	0.00587287	-0.00107815	0.00587304	0	0	0	0	0	0	-1.59327e+09	0.105881	0	0        0   2.32334e+07      0      17.5814    23.8296    0
28.0639	41968095	0	201.678	0.0329698	0.00706462	0.00437551	0.0104013	0.00437717	0	0	0	0	0	0	-2.87753e+09	0.0791926	0	0        0   4.19681e+07      0      23.8296    32.2982    0
38.0373	75406054	0	201.717	0.0246216	0.00875938	0.00326684	0.010279	0.00326815	0	0	0	0	0	0	-5.1696e+09	0.0594846	0	0        0   7.54061e+07      0      32.2982    43.7764    0
51.5551	134609675	0	201.822	0.0184586	0.00611938	0.00244817	0.0107162	0.00244896	0	0	0	0	0	0	-9.22721e+09	0.0449436	0	0        0   1.3461e+08      0      43.7764    59.3338    0
69.8769	237977711	0	201.853	0.0139051	0.00614196	0.00184388	0.0148637	0.00184414	0	0	0	0	0	0	-1.631e+10	0.034195	0	0        0   2.37978e+08      0      59.3338    80.42    0
94.7099	415981179	0	202.201	0.0105534	0.00850435	0.00139898	0.0209184	0.00139901	0	0	0	0	0	0	-2.85047e+10	0.0262436	0	0        0   4.15981e+08      0      80.42    109    0
