# 1bin_value	2data_points	3sqrt(data_points)	4W	5W_err	6e+	7e+_err	8eX 9eX_err	10e++ 	11e++_err		12eXX	13eXX_err		14e+X	15e+X_err 	16theta          17theta_err       17num_den	18num_err 19LS_err     20wt_num     21wt_num_err  22r_low   23r_high 24sig_crit
0.117769	688	0	190.43	7.77123	0	0	0	0	0	0	0	0	0	0	-1276.68	77051.2	0	0        0   708      0      0.1    0.135538    0
0.159622	1378	0	200.333	5.76722	0	0	0	0	0	0	0	0	0	0	-1342.34	149583	0	0        0   1407      0      0.135538    0.183706    0
0.216349	2360	0	192.195	4.21474	0	0	0	0	0	0	0	0	0	0	-1289.49	256554	0	0        0   2417      0      0.183706    0.248992    0
0.293236	4365	0	194.499	3.1437	0	0	0	0	0	0	0	0	0	0	-1303.75	475489	0	0        0   4470      0      0.248992    0.33748    0
0.397447	8079	0	194.831	2.31224	0	0	0	0	0	0	0	0	0	0	-1308.46	877309	0	0        0   8252      0      0.33748    0.457415    0
0.538693	14912	0	197.611	1.72692	0	0	0	0	0	0	0	0	0	0	-1324.93	1.61535e+06	0	0        0   15254      0      0.457415    0.619972    0
0.730136	27183	0	196.928	1.27519	0	0	0	0	0	0	0	0	0	0	-1319.58	2.95038e+06	0	0        0   27854      0      0.619972    0.8403    0
0.989614	50505	0	200.23	0.95124	0	0	0	0	0	0	0	0	0	0	-1338.2	5.45509e+06	0	0        0   51757      0      0.8403    1.13893    0
1.34131	92240	0	200.298	0.704408	0	0	0	0	0	0	0	0	0	0	-1340.74	9.97881e+06	0	0        0   94448      0      1.13893    1.54368    0
1.81798	167889	0	199.218	0.518737	0	0	0	0	0	0	0	0	0	0	-1334.85	1.81634e+07	0	0        0   171791      0      1.54368    2.09228    0
2.46406	306625	0	199.035	0.383651	0	0	0	0	0	0	0	0	0	0	-1333.45	3.31947e+07	0	0        0   313828      0      2.09228    2.83584    0
3.33975	561499	0	199.665	0.284475	0	0	0	0	0	0	0	0	0	0	-1337.39	6.08058e+07	0	0        0   574905      0      2.83584    3.84365    0
4.52664	1030188	0	200.426	0.210832	0	0	0	0	0	0	0	0	0	0	-1342.84	1.11572e+08	0	0        0   1.05456e+06      0      3.84365    5.20962    0
6.13533	1881035	0	200.006	0.155681	0	0	0	0	0	0	0	0	0	0	-1340.13	2.03701e+08	0	0        0   1.92534e+06      0      5.20962    7.06103    0
8.31572	3434165	0	200.053	0.115261	0	0	0	0	0	0	0	0	0	0	-1340.31	3.71984e+08	0	0        0   3.51586e+06      0      7.06103    9.5704    0
11.271	6247747	0	199.92	0.0853943	0	0	0	0	0	0	0	0	0	0	-1339.25	6.76574e+08	0	0        0   6.3963e+06      0      9.5704    12.9716    0
15.2765	11359534	0	199.879	0.0633249	0	0	0	0	0	0	0	0	0	0	-1338.84	1.23031e+09	0	0        0   1.163e+07      0      12.9716    17.5814    0
20.7055	20598000	0	199.951	0.0470521	0	0	0	0	0	0	0	0	0	0	-1339.44	2.23158e+09	0	0        0   2.10872e+07      0      17.5814    23.8296    0
28.0639	37184169	0	199.808	0.0349963	0	0	0	0	0	0	0	0	0	0	-1338.53	4.02879e+09	0	0        0   3.8065e+07      0      23.8296    32.2982    0
38.0373	66865989	0	199.82	0.0261027	0	0	0	0	0	0	0	0	0	0	-1338.68	7.24583e+09	0	0        0   6.84442e+07      0      32.2982    43.7764    0
51.5551	119485582	0	199.834	0.0195318	0	0	0	0	0	0	0	0	0	0	-1338.57	1.29474e+10	0	0        0   1.22307e+08      0      43.7764    59.3338    0
69.8769	211673248	0	199.928	0.0146868	0	0	0	0	0	0	0	0	0	0	-1339.11	2.29462e+10	0	0        0   2.16672e+08      0      59.3338    80.42    0
94.7099	370169115	0	200	0.0111175	0	0	0	0	0	0	0	0	0	0	-1339.42	4.01683e+10	0	0        0   3.78919e+08      0      80.42    109    0
