# 1bin_value	2data_points	3sqrt(data_points)	4W	5W_err	6e+	7e+_err	8eX 9eX_err	10e++ 	11e++_err		12eXX	13eXX_err		14e+X	15e+X_err 	16theta          17theta_err       17num_den	18num_err 19LS_err     20wt_num     21wt_num_err  22r_low   23r_high 24sig_crit
0.117769	855	0	204.135	7.48595	0	0	0	0	0	0	0	0	0	0	-1359.23	93571.6	0	0        0   879      0      0.1    0.135538    0
0.159622	1570	0	204.663	5.5433	0	0	0	0	0	0	0	0	0	0	-1367.62	171819	0	0        0   1613      0      0.135538    0.183706    0
0.216349	2734	0	196.45	4.00689	0	0	0	0	0	0	0	0	0	0	-1324.25	299000	0	0        0   2787      0      0.183706    0.248992    0
0.293236	5146	0	201.843	3.00824	0	0	0	0	0	0	0	0	0	0	-1355.87	560932	0	0        0   5277      0      0.248992    0.33748    0
0.397447	9198	0	198.81	2.21479	0	0	0	0	0	0	0	0	0	0	-1331.02	995852	0	0        0   9413      0      0.33748    0.457415    0
0.538693	17145	0	202.216	1.64859	0	0	0	0	0	0	0	0	0	0	-1355.87	1.85731e+06	0	0        0   17528      0      0.457415    0.619972    0
0.730136	30859	0	199.332	1.2116	0	0	0	0	0	0	0	0	0	0	-1332.22	3.33251e+06	0	0        0   31636      0      0.619972    0.8403    0
0.989614	56565	0	200.242	0.898784	0	0	0	0	0	0	0	0	0	0	-1341.76	6.12293e+06	0	0        0   57918      0      0.8403    1.13893    0
1.34131	104214	0	201.016	0.664618	0	0	0	0	0	0	0	0	0	0	-1347.13	1.12778e+07	0	0        0   106634      0      1.13893    1.54368    0
1.81798	189383	0	200.232	0.491113	0	0	0	0	0	0	0	0	0	0	-1341.3	2.0497e+07	0	0        0   193938      0      1.54368    2.09228    0
2.46406	345477	0	199.837	0.362884	0	0	0	0	0	0	0	0	0	0	-1338.43	3.73918e+07	0	0        0   353823      0      2.09228    2.83584    0
3.33975	632057	0	199.961	0.268445	0	0	0	0	0	0	0	0	0	0	-1339.51	6.84011e+07	0	0        0   647183      0      2.83584    3.84365    0
4.52664	1154713	0	199.977	0.198595	0	0	0	0	0	0	0	0	0	0	-1339.65	1.24936e+08	0	0        0   1.1822e+06      0      3.84365    5.20962    0
6.13533	2110896	0	199.837	0.146774	0	0	0	0	0	0	0	0	0	0	-1339.12	2.28491e+08	0	0        0   2.16087e+06      0      5.20962    7.06103    0
8.31572	3852289	0	199.806	0.108645	0	0	0	0	0	0	0	0	0	0	-1338.48	4.16824e+08	0	0        0   3.94378e+06      0      7.06103    9.5704    0
11.271	7018583	0	200.013	0.0805899	0	0	0	0	0	0	0	0	0	0	-1339.86	7.59557e+08	0	0        0   7.18519e+06      0      9.5704    12.9716    0
15.2765	12751068	0	199.849	0.0597471	0	0	0	0	0	0	0	0	0	0	-1338.65	1.38003e+09	0	0        0   1.30535e+07      0      12.9716    17.5814    0
20.7055	23100653	0	199.76	0.0443807	0	0	0	0	0	0	0	0	0	0	-1338.2	2.50196e+09	0	0        0   2.3649e+07      0      17.5814    23.8296    0
28.0639	41746603	0	199.866	0.0330401	0	0	0	0	0	0	0	0	0	0	-1338.92	4.5234e+09	0	0        0   4.27344e+07      0      23.8296    32.2982    0
38.0373	75018458	0	199.807	0.0246485	0	0	0	0	0	0	0	0	0	0	-1338.5	8.13342e+09	0	0        0   7.67892e+07      0      32.2982    43.7764    0
51.5551	133991050	0	199.867	0.0184583	0	0	0	0	0	0	0	0	0	0	-1338.69	1.45373e+10	0	0        0   1.3716e+08      0      43.7764    59.3338    0
69.8769	237185894	0	199.913	0.0138854	0	0	0	0	0	0	0	0	0	0	-1338.88	2.57564e+10	0	0        0   2.42785e+08      0      59.3338    80.42    0
94.7099	414547375	0	199.921	0.0105099	0	0	0	0	0	0	0	0	0	0	-1338.73	4.50527e+10	0	0        0   4.2434e+08      0      80.42    109    0
