# 1bin_value	2data_points	3sqrt(data_points)	4W	5W_err	6e+	7e+_err	8eX 9eX_err	10e++ 	11e++_err		12eXX	13eXX_err		14e+X	15e+X_err 	16theta          17theta_err       17num_den	18num_err 19LS_err     20wt_num     21wt_num_err  22r_low   23r_high 24sig_crit
0.117769	788	0	192.04	7.23723	-0.422904	1.10912	-0.373055	1.11705	0	0	0	0	0	0	-53994.8	16.9551	0	0        0   788      0      0.1    0.135538    0
0.159622	1442	0	194.635	5.40989	-0.732147	0.82522	-0.865259	0.812424	0	0	0	0	0	0	-98796	12.6534	0	0        0   1442      0      0.135538    0.183706    0
0.216349	2814	0	205.77	4.10753	0.433135	0.626529	-0.11785	0.614436	0	0	0	0	0	0	-193296	9.81342	0	0        0   2814      0      0.183706    0.248992    0
0.293236	5031	0	202.724	3.02324	-0.120055	0.449426	-0.649872	0.452686	0	0	0	0	0	0	-343644	7.17837	0	0        0   5031      0      0.248992    0.33748    0
0.397447	9191	0	203.177	2.24191	0.10953	0.336474	-0.252068	0.337496	0	0	0	0	0	0	-630090	5.32829	0	0        0   9191      0      0.33748    0.457415    0
0.538693	16791	0	202.243	1.6509	0.204986	0.248154	0.288761	0.246419	0	0	0	0	0	0	-1.1517e+06	3.9248	0	0        0   16791      0      0.457415    0.619972    0
0.730136	30406	0	199.713	1.20991	0.234362	0.180725	0.0926818	0.182288	0	0	0	0	0	0	-2.08499e+06	2.85192	0	0        0   30406      0      0.619972    0.8403    0
0.989614	55514	0	199.202	0.893618	0.127551	0.134273	-0.0399485	0.134791	0	0	0	0	0	0	-3.80646e+06	2.11652	0	0        0   55514      0      0.8403    1.13893    0
1.34131	101603	0	199.38	0.661156	0.0801477	0.0994022	-0.0496114	0.0991279	0	0	0	0	0	0	-6.96718e+06	1.56622	0	0        0   101603      0      1.13893    1.54368    0
1.81798	186452	0	200.234	0.490191	-0.0382473	0.0734836	0.0683782	0.0735855	0	0	0	0	0	0	-1.2787e+07	1.16308	0	0        0   186452      0      1.54368    2.09228    0
2.46406	341133	0	200.719	0.363355	-0.0210885	0.0544798	0.0317915	0.0544846	0	0	0	0	0	0	-2.34004e+07	0.863291	0	0        0   341133      0      2.09228    2.83584    0
3.33975	624131	0	201.1	0.269166	-0.013239	0.0403811	0.000133997	0.040318	0	0	0	0	0	0	-4.28159e+07	0.639637	0	0        0   624131      0      2.83584    3.84365    0
4.52664	1140842	0	201.023	0.199012	0.0290115	0.0298449	-0.0204476	0.0298397	0	0	0	0	0	0	-7.82485e+07	0.473072	0	0        0   1.14084e+06      0      3.84365    5.20962    0
6.13533	2087355	0	201.17	0.147264	0.0112627	0.0220798	-0.0406678	0.0220682	0	0	0	0	0	0	-1.43178e+08	0.350479	0	0        0   2.08736e+06      0      5.20962    7.06103    0
8.31572	3810749	0	201.273	0.109082	0.000429222	0.0163349	-0.0281474	0.0163496	0	0	0	0	0	0	-2.61314e+08	0.260197	0	0        0   3.81075e+06      0      7.06103    9.5704    0
11.271	6940745	0	201.45	0.0809209	0.00639064	0.0121232	0.00434187	0.0121272	0	0	0	0	0	0	-4.76029e+08	0.193447	0	0        0   6.94074e+06      0      9.5704    12.9716    0
15.2765	12621889	0	201.534	0.0600576	0.00892324	0.0089977	0.00483622	0.00900232	0	0	0	0	0	0	-8.65518e+08	0.14399	0	0        0   1.26219e+07      0      12.9716    17.5814    0
20.7055	22879439	0	201.639	0.0446544	-0.0182001	0.00669	-0.00465265	0.00669026	0	0	0	0	0	0	-1.56887e+09	0.10746	0	0        0   2.28794e+07      0      17.5814    23.8296    0
28.0639	41329739	0	201.795	0.0332756	-0.000748226	0.00498306	0.0014113	0.00498363	0	0	0	0	0	0	-2.83394e+09	0.0805052	0	0        0   4.13297e+07      0      23.8296    32.2982    0
38.0373	74220890	0	201.793	0.0248541	-0.00989402	0.00372049	0.00393459	0.00372169	0	0	0	0	0	0	-5.08887e+09	0.0605098	0	0        0   7.42209e+07      0      32.2982    43.7764    0
51.5551	132429242	0	201.79	0.018627	-0.0271732	0.00278682	0.0229899	0.00278686	0	0	0	0	0	0	-9.07909e+09	0.0456775	0	0        0   1.32429e+08      0      43.7764    59.3338    0
69.8769	234303563	0	201.876	0.0140247	-0.012816	0.00209691	0.036282	0.00209755	0	0	0	0	0	0	-1.60623e+10	0.0346208	0	0        0   2.34304e+08      0      59.3338    80.42    0
94.7099	410454968	0	202.273	0.0106248	0.0103231	0.001587	0.0366424	0.00158832	0	0	0	0	0	0	-2.81355e+10	0.0263399	0	0        0   4.10455e+08      0      80.42    109    0
