# 1bin_value	2data_points	3sqrt(data_points)	4W	5W_err	6e+	7e+_err	8eX 9eX_err	10e++ 	11e++_err		12eXX	13eXX_err		14e+X	15e+X_err 	16theta          17theta_err       17num_den	18num_err 19LS_err     20wt_num     21wt_num_err  22r_low   23r_high 24sig_crit
0.117769	736	0	1915.04	93.2489	25.6408	9.84249	2.17629	9.20599	0	0	0	0	0	0	-50448.9	391.118	0	0        0   768      0      0.1    0.135538    0
0.159622	1114	0	1558.79	57.8014	29.1735	6.61554	1.18849	6.39301	0	0	0	0	0	0	-76538.7	223.183	0	0        0   1157      0      0.135538    0.183706    0
0.216349	1505	0	1155.1	34.9889	9.54947	4.213	2.42537	4.19173	0	0	0	0	0	0	-103220	119.682	0	0        0   1551      0      0.183706    0.248992    0
0.293236	2424	0	1045.86	24.3751	11.6041	3.04956	-1.3983	3.00668	0	0	0	0	0	0	-167429	77.0767	0	0        0   2516      0      0.248992    0.33748    0
0.397447	3608	0	852.725	15.8738	5.12977	1.99616	-1.28505	2.04418	0	0	0	0	0	0	-248029	45.2796	0	0        0   3730      0      0.33748    0.457415    0
0.538693	4836	0	624.987	9.69986	3.91554	1.3261	-1.85385	1.25893	0	0	0	0	0	0	-331084	23.0464	0	0        0   4972      0      0.457415    0.619972    0
0.730136	6939	0	490.79	6.23865	2.74433	0.861073	-0.635314	0.853239	0	0	0	0	0	0	-476103	12.7865	0	0        0   7131      0      0.619972    0.8403    0
0.989614	10283	0	397.827	4.09986	1.62724	0.573231	0.307561	0.564448	0	0	0	0	0	0	-704257	7.371	0	0        0   10540      0      0.8403    1.13893    0
1.34131	16120	0	342.454	2.8028	0.954042	0.39559	0.330021	0.390588	0	0	0	0	0	0	-1.10494e+06	4.67317	0	0        0   16530      0      1.13893    1.54368    0
1.81798	26698	0	310.424	1.96231	0.0216499	0.279051	-0.0523798	0.281429	0	0	0	0	0	0	-1.83221e+06	3.08428	0	0        0   27289      0      1.54368    2.09228    0
2.46406	45476	0	289.671	1.39968	0.342753	0.201694	0.569913	0.201318	0	0	0	0	0	0	-3.11899e+06	2.0995	0	0        0   46494      0      2.09228    2.83584    0
3.33975	77633	0	271.848	1.00443	0.506102	0.144691	-0.0587914	0.14459	0	0	0	0	0	0	-5.3239e+06	1.47369	0	0        0   79362      0      2.83584    3.84365    0
4.52664	133642	0	256.564	0.72164	0.51827	0.103509	0.118715	0.103979	0	0	0	0	0	0	-9.16091e+06	1.02656	0	0        0   136689      0      3.84365    5.20962    0
6.13533	232779	0	244.974	0.521892	0.352524	0.0751561	-0.16817	0.0755594	0	0	0	0	0	0	-1.59611e+07	0.7371	0	0        0   238097      0      5.20962    7.06103    0
8.31572	405494	0	234.169	0.377443	0.291121	0.0545196	-0.036529	0.0546802	0	0	0	0	0	0	-2.7788e+07	0.524186	0	0        0   414407      0      7.06103    9.5704    0
11.271	709382	0	225.514	0.27465	0.242282	0.0398605	-0.128151	0.0398493	0	0	0	0	0	0	-4.86324e+07	0.378744	0	0        0   724892      0      9.5704    12.9716    0
15.2765	1248478	0	218.653	0.20076	0.210057	0.0291859	-0.0680839	0.02918	0	0	0	0	0	0	-8.56174e+07	0.275904	0	0        0   1.27626e+06      0      12.9716    17.5814    0
20.7055	2209497	0	213.793	0.147575	0.142996	0.0214436	0.0032076	0.021457	0	0	0	0	0	0	-1.51526e+08	0.203813	0	0        0   2.2579e+06      0      17.5814    23.8296    0
28.0639	3907285	0	209.508	0.10876	0.111027	0.0158111	-0.0119089	0.0158068	0	0	0	0	0	0	-2.67935e+08	0.150971	0	0        0   3.99199e+06      0      23.8296    32.2982    0
38.0373	6899489	0	206.141	0.0805715	0.102382	0.0117115	-0.0135271	0.0117109	0	0	0	0	0	0	-4.73062e+08	0.11312	0	0        0   7.04926e+06      0      32.2982    43.7764    0
51.5551	12135903	0	203.303	0.0599907	0.0897498	0.0087091	-0.0266406	0.00871296	0	0	0	0	0	0	-8.31934e+08	0.0864307	0	0        0   1.24004e+07      0      43.7764    59.3338    0
69.8769	21287664	0	201.684	0.0449858	0.0294718	0.00653034	0.0120609	0.00653366	0	0	0	0	0	0	-1.45916e+09	0.0662001	0	0        0   2.17491e+07      0      59.3338    80.42    0
94.7099	37009151	0	200.737	0.0339862	0.0175221	0.00493701	0.0143082	0.00493858	0	0	0	0	0	0	-2.53704e+09	0.0507253	0	0        0   3.78126e+07      0      80.42    109    0
