# 1bin_value	2data_points	3sqrt(data_points)	4W	5W_err	6e+	7e+_err	8eX 9eX_err	10e++ 	11e++_err		12eXX	13eXX_err		14e+X	15e+X_err 	16theta          17theta_err       17num_den	18num_err 19LS_err     20wt_num     21wt_num_err  22r_low   23r_high 24sig_crit
0.117769	671	0	1577.82	76.9102	25.6976	7.15533	4.81232	7.74945	0	0	0	0	0	0	-45626.7	309.572	0	0        0   690      0      0.1    0.135538    0
0.159622	945	0	1247.11	48.9656	8.21348	5.23991	4.69902	5.4106	0	0	0	0	0	0	-64370.6	179.675	0	0        0   975      0      0.135538    0.183706    0
0.216349	1410	0	981.612	30.2587	17.3579	3.44843	1.37391	3.48761	0	0	0	0	0	0	-96696.2	98.6421	0	0        0   1451      0      0.183706    0.248992    0
0.293236	2290	0	873.772	20.5479	7.7043	2.51871	4.48309	2.41631	0	0	0	0	0	0	-157018	61.0775	0	0        0   2354      0      0.248992    0.33748    0
0.397447	3407	0	716.997	13.4858	5.44136	1.6693	1.10173	1.64022	0	0	0	0	0	0	-233542	35.08	0	0        0   3517      0      0.33748    0.457415    0
0.538693	4692	0	544.714	8.52505	2.44998	1.0866	-1.04112	1.06802	0	0	0	0	0	0	-321958	19.1828	0	0        0   4832      0      0.457415    0.619972    0
0.730136	6865	0	433.062	5.5021	1.41944	0.712264	-0.135899	0.714585	0	0	0	0	0	0	-471188	10.7363	0	0        0   7040      0      0.619972    0.8403    0
0.989614	10790	0	372.959	3.74125	1.4706	0.502534	0.731469	0.491328	0	0	0	0	0	0	-739177	6.45522	0	0        0   11059      0      0.8403    1.13893    0
1.34131	17134	0	323.589	2.55648	0.654764	0.336377	0.484031	0.331794	0	0	0	0	0	0	-1.1747e+06	4.08967	0	0        0   17512      0      1.13893    1.54368    0
1.81798	28620	0	297.544	1.81548	0.465603	0.242236	-0.412807	0.23873	0	0	0	0	0	0	-1.96259e+06	2.78951	0	0        0   29267      0      1.54368    2.09228    0
2.46406	49431	0	282.261	1.30711	0.699794	0.172927	-0.124794	0.172927	0	0	0	0	0	0	-3.38953e+06	1.91166	0	0        0   50541      0      2.09228    2.83584    0
3.33975	83992	0	263.036	0.932946	0.28973	0.123468	0.0644662	0.123482	0	0	0	0	0	0	-5.75808e+06	1.33076	0	0        0   85865      0      2.83584    3.84365    0
4.52664	144890	0	248.557	0.669947	0.373609	0.0887619	0.0560556	0.0888347	0	0	0	0	0	0	-9.93203e+06	0.934492	0	0        0   148003      0      3.84365    5.20962    0
6.13533	253748	0	238.819	0.48634	0.396811	0.0646044	0.0197465	0.0644591	0	0	0	0	0	0	-1.74023e+07	0.666831	0	0        0   259386      0      5.20962    7.06103    0
8.31572	443150	0	228.968	0.352527	0.266714	0.0468802	0.0314929	0.0467527	0	0	0	0	0	0	-3.03925e+07	0.477405	0	0        0   452765      0      7.06103    9.5704    0
11.271	780971	0	222.012	0.257411	0.143881	0.0342337	0.0350687	0.034174	0	0	0	0	0	0	-5.35854e+07	0.346276	0	0        0   797890      0      9.5704    12.9716    0
15.2765	1375400	0	215.346	0.188134	0.166969	0.0250464	0.000274156	0.0250267	0	0	0	0	0	0	-9.43263e+07	0.254114	0	0        0   1.4049e+06      0      12.9716    17.5814    0
20.7055	2440860	0	211.132	0.138493	0.149687	0.0184205	-0.00216606	0.0184334	0	0	0	0	0	0	-1.67394e+08	0.189108	0	0        0   2.49228e+06      0      17.5814    23.8296    0
28.0639	4338457	0	208.09	0.102442	0.038007	0.0136153	0.0338217	0.0136182	0	0	0	0	0	0	-2.97485e+08	0.141355	0	0        0   4.43049e+06      0      23.8296    32.2982    0
38.0373	7677755	0	205.118	0.0759603	0.0645182	0.0101164	0.0560322	0.010111	0	0	0	0	0	0	-5.26324e+08	0.106932	0	0        0   7.83956e+06      0      32.2982    43.7764    0
51.5551	13539807	0	202.846	0.0566358	0.0346323	0.00753856	0.0383881	0.0075433	0	0	0	0	0	0	-9.27866e+08	0.081658	0	0        0   1.38277e+07      0      43.7764    59.3338    0
69.8769	23801737	0	201.74	0.0425356	0.0324829	0.00565672	0.0216892	0.00565744	0	0	0	0	0	0	-1.63098e+09	0.06282	0	0        0   2.43069e+07      0      59.3338    80.42    0
94.7099	41540048	0	201.708	0.0322319	0.00249883	0.00428375	0.0170727	0.00428504	0	0	0	0	0	0	-2.84649e+09	0.0486791	0	0        0   4.24231e+07      0      80.42    109    0
