# 1bin_value	2data_points	3sqrt(data_points)	4W	5W_err	6e+	7e+_err	8eX 9eX_err	10e++ 	11e++_err		12eXX	13eXX_err		14e+X	15e+X_err 	16theta          17theta_err       17num_den	18num_err 19LS_err     20wt_num     21wt_num_err  22r_low   23r_high 24sig_crit
0.117769	440	inf	803.969	55.6927	5.12895	7.60174	2.2307	6.72385	0	0	0	0	0	0	-5564.79	185.603	0	inf        0   0      0      0.1    0.135538    0
0.159622	650	18.6426	673.589	39.5758	6.41965	5.51499	7.00255	5.54312	0	0	0	0	0	0	-4521.61	121.002	0	18.6426        0   0      0      0.135538    0.183706    0
0.216349	1009	13.1995	498.46	25.1123	4.27819	3.58222	2.22711	3.55698	0	0	0	0	0	0	-3271.17	69.6928	0	13.1995        0   0      0      0.183706    0.248992    0
0.293236	1736	9.50446	468.688	18.1887	3.29994	2.57412	1.6203	2.59514	0	0	0	0	0	0	-3099.32	47.8883	0	9.50446        0   0      0      0.248992    0.33748    0
0.397447	2733	6.54725	374.164	12.3586	2.23571	1.83397	-0.28239	1.81121	0	0	0	0	0	0	-2448.04	28.255	0	6.54725        0   0      0      0.33748    0.457415    0
0.538693	3916	4.85346	254.232	8.08129	1.85068	1.18792	-0.165424	1.20583	0	0	0	0	0	0	-1657.53	16.3922	0	4.85346        0   0      0      0.457415    0.619972    0
0.730136	6129	3.57173	192.835	5.51353	1.2895	0.822414	0.546006	0.813651	0	0	0	0	0	0	-1245.92	9.99404	0	3.57173        0   0      0      0.619972    0.8403    0
0.989614	9661	2.64645	138.366	3.78438	0.756246	0.55904	-0.411107	0.57815	0	0	0	0	0	0	-898.687	6.39787	0	2.64645        0   0      0      0.8403    1.13893    0
1.34131	15930	1.96937	106.566	2.67498	0.486636	0.404156	-0.256447	0.401692	0	0	0	0	0	0	-683.766	4.24967	0	1.96937        0   0      0      1.13893    1.54368    0
1.81798	26881	1.46546	82.3958	1.9061	0.698144	0.285736	0.321033	0.283159	0	0	0	0	0	0	-525.725	2.92928	0	1.46546        0   0      0      1.54368    2.09228    0
2.46406	46550	1.08415	68.2287	1.37956	0.406639	0.206832	-0.308178	0.207224	0	0	0	0	0	0	-428.279	2.09767	0	1.08415        0   0      0      2.09228    2.83584    0
3.33975	80636	0.804153	54.8663	1.00003	0.378824	0.149886	-0.145777	0.148823	0	0	0	0	0	0	-334.292	1.48601	0	0.804153        0   0      0      2.83584    3.84365    0
4.52664	140640	0.597435	43.5357	0.726503	0.211827	0.10886	0.140427	0.108346	0	0	0	0	0	0	-261.213	1.06376	0	0.597435        0   0      0      3.84365    5.20962    0
6.13533	246457	0.442569	33.4398	0.52785	0.220772	0.0787734	-0.0803222	0.0788452	0	0	0	0	0	0	-195.087	0.768074	0	0.442569        0   0      0      5.20962    7.06103    0
8.31572	431568	0.3297	24.022	0.384278	0.124083	0.0573367	0.204009	0.0574048	0	0	0	0	0	0	-133.622	0.554951	0	0.3297        0   0      0      7.06103    9.5704    0
11.271	761425	0.245501	17.5432	0.281598	0.130089	0.0419609	0.0207217	0.0420258	0	0	0	0	0	0	-88.5456	0.405551	0	0.245501        0   0      0      9.5704    12.9716    0
15.2765	1348672	0.183011	12.0512	0.206846	0.175405	0.0307624	0.0373748	0.0308011	0	0	0	0	0	0	-51.1226	0.298465	0	0.183011        0   0      0      12.9716    17.5814    0
20.7055	2397788	0.136513	8.20097	0.152517	0.0882183	0.0227035	0.0921905	0.0227117	0	0	0	0	0	0	-25.2231	0.221308	0	0.136513        0   0      0      17.5814    23.8296    0
28.0639	4265953	0.102026	5.13233	0.112899	0.0110566	0.0167899	0.043886	0.0167936	0	0	0	0	0	0	-4.18568	0.164968	0	0.102026        0   0      0      23.8296    32.2982    0
38.0373	7576504	0.0764047	2.70394	0.083878	0.0301821	0.0124479	-0.0484772	0.0124701	0	0	0	0	0	0	11.8986	0.123769	0	0.0764047        0   0      0      32.2982    43.7764    0
51.5551	13409006	0.0573764	0.912618	0.0625945	0.0157139	0.00929294	-0.0104762	0.00930372	0	0	0	0	0	0	24.0732	0.0932381	0	0.0573764        0   0      0      43.7764    59.3338    0
69.8769	23629973	0.0431986	0.00297405	0.0470242	0.0220825	0.00698594	-0.0341705	0.00698277	0	0	0	0	0	0	30.2819	0.0709716	0	0.0431986        0   0      0      59.3338    80.42    0
94.7099	41284953	0.0326729	-0.537909	0.0355841	0.00978888	0.00528018	-0.0195654	0.00528069	0	0	0	0	0	0	33.4575	0.0542432	0	0.0326729        0   0      0      80.42    109    0
