# 1bin_value	2data_points	3sqrt(data_points)	4W	5W_err	6e+	7e+_err	8eX 9eX_err	10e++ 	11e++_err		12eXX	13eXX_err		14e+X	15e+X_err 	16theta          17theta_err       17num_den	18num_err 19LS_err     20wt_num     21wt_num_err  22r_low   23r_high 24sig_crit
0.117769	804	0	192.107	7.17676	-1.27791	0.993144	-0.2457	0.973611	0	0	0	0	0	0	-55186.3	17.1127	0	0        0   804      0      0.1    0.135538    0
0.159622	1572	0	204.544	5.44337	0.536679	0.728849	-1.18107	0.703289	0	0	0	0	0	0	-107578	12.514	0	0        0   1572      0      0.135538    0.183706    0
0.216349	2684	0	194.023	3.94686	0.0613264	0.512298	-0.831681	0.511711	0	0	0	0	0	0	-184847	9.11951	0	0        0   2684      0      0.183706    0.248992    0
0.293236	5058	0	198.621	2.94903	-0.104307	0.397033	-0.0733048	0.398233	0	0	0	0	0	0	-346041	6.92483	0	0        0   5058      0      0.248992    0.33748    0
0.397447	9178	0	198.711	2.18777	0.00711711	0.289946	-0.340405	0.290255	0	0	0	0	0	0	-630880	5.10855	0	0        0   9178      0      0.33748    0.457415    0
0.538693	16851	0	199.431	1.62074	0.165412	0.215893	0.136702	0.215736	0	0	0	0	0	0	-1.15521e+06	3.7759	0	0        0   16851      0      0.457415    0.619972    0
0.730136	30749	0	198.808	1.19589	-0.128335	0.159747	-0.108978	0.158004	0	0	0	0	0	0	-2.10937e+06	2.78866	0	0        0   30749      0      0.619972    0.8403    0
0.989614	56672	0	201.151	0.891735	0.0242136	0.118418	-0.00405251	0.118931	0	0	0	0	0	0	-3.88934e+06	2.08864	0	0        0   56672      0      0.8403    1.13893    0
1.34131	104292	0	201.809	0.659509	0.0360992	0.0873312	0.125861	0.0874656	0	0	0	0	0	0	-7.15146e+06	1.54353	0	0        0   104292      0      1.13893    1.54368    0
1.81798	189590	0	200.928	0.486931	-0.00774243	0.0645019	-0.0279363	0.0644897	0	0	0	0	0	0	-1.29981e+07	1.13766	0	0        0   189590      0      1.54368    2.09228    0
2.46406	347071	0	201.222	0.360366	0.046243	0.0478378	0.0250882	0.0478994	0	0	0	0	0	0	-2.38056e+07	0.841991	0	0        0   347071      0      2.09228    2.83584    0
3.33975	634313	0	201.194	0.266545	-0.00133867	0.0353883	0.0451474	0.0354367	0	0	0	0	0	0	-4.35001e+07	0.623046	0	0        0   634313      0      2.83584    3.84365    0
4.52664	1162441	0	201.879	0.197602	0.0222403	0.0262431	-0.00449309	0.0262141	0	0	0	0	0	0	-7.97186e+07	0.462528	0	0        0   1.16244e+06      0      3.84365    5.20962    0
6.13533	2126249	0	201.869	0.146109	-0.0186506	0.0193926	0.00685981	0.0193721	0	0	0	0	0	0	-1.45813e+08	0.342107	0	0        0   2.12625e+06      0      5.20962    7.06103    0
8.31572	3882273	0	201.902	0.108155	0.0490012	0.0143504	0.0245356	0.0143512	0	0	0	0	0	0	-2.66236e+08	0.253399	0	0        0   3.88227e+06      0      7.06103    9.5704    0
11.271	7077529	0	202.218	0.080241	0.0161453	0.0106419	-0.00555416	0.0106531	0	0	0	0	0	0	-4.85368e+08	0.188241	0	0        0   7.07753e+06      0      9.5704    12.9716    0
15.2765	12879586	0	202.363	0.059533	-0.00387999	0.00789744	0.00939921	0.00789376	0	0	0	0	0	0	-8.8318e+08	0.139786	0	0        0   1.28796e+07      0      12.9716    17.5814    0
20.7055	23362349	0	202.476	0.0442343	-0.00019307	0.00586718	0.00140297	0.00586735	0	0	0	0	0	0	-1.60208e+09	0.103986	0	0        0   2.33623e+07      0      17.5814    23.8296    0
28.0639	42235060	0	202.636	0.0329314	0.00675205	0.00436851	0.0113741	0.00437017	0	0	0	0	0	0	-2.89576e+09	0.0775153	0	0        0   4.22351e+07      0      23.8296    32.2982    0
38.0373	75999104	0	202.794	0.024572	0.0063179	0.00325867	0.014101	0.00325998	0	0	0	0	0	0	-5.21005e+09	0.0578932	0	0        0   7.59991e+07      0      32.2982    43.7764    0
51.5551	135922892	0	203.037	0.0184005	0.000761241	0.00243912	0.0132137	0.00243991	0	0	0	0	0	0	-9.31667e+09	0.0434316	0	0        0   1.35923e+08      0      43.7764    59.3338    0
69.8769	240898760	0	203.225	0.0138385	-0.00153833	0.00183391	0.0155843	0.00183417	0	0	0	0	0	0	-1.65089e+10	0.0327313	0	0        0   2.40899e+08      0      59.3338    80.42    0
94.7099	422285849	0	203.702	0.0104802	-0.00653137	0.00138834	0.0203666	0.00138836	0	0	0	0	0	0	-2.89325e+10	0.0248506	0	0        0   4.22286e+08      0      80.42    109    0
