# 1bin_value	2data_points	3sqrt(data_points)	4W	5W_err	6e+	7e+_err	8eX 9eX_err	10e++ 	11e++_err		12eXX	13eXX_err		14e+X	15e+X_err 	16theta          17theta_err       17num_den	18num_err 19LS_err     20wt_num     21wt_num_err  22r_low   23r_high 24sig_crit
0.117769	8265	0	200	0	0	0	0	0	0	0	0	0	0	0	0	0	0	0        0   8265      0      0.1    0.135538    0
0.159622	14869	0	200	0	0	0	0	0	0	0	0	0	0	0	0	0	0	0        0   14869      0      0.135538    0.183706    0
0.216349	27442	0	200	0	0	0	0	0	0	0	0	0	0	0	0	0	0	0        0   27442      0      0.183706    0.248992    0
0.293236	49675	0	200	0	0	0	0	0	0	0	0	0	0	0	0	0	0	0        0   49675      0      0.248992    0.33748    0
0.397447	90557	0	200	0	0	0	0	0	0	0	0	0	0	0	0	0	0	0        0   90557      0      0.33748    0.457415    0
0.538693	166203	0	200	0	0	0	0	0	0	0	0	0	0	0	0	0	0	0        0   166203      0      0.457415    0.619972    0
0.730136	304627	0	200	0	0	0	0	0	0	0	0	0	0	0	0	0	0	0        0   304627      0      0.619972    0.8403    0
0.989614	557625	0	200	0	0	0	0	0	0	0	0	0	0	0	0	0	0	0        0   557625      0      0.8403    1.13893    0
1.34131	1019427	0	200	0	0	0	0	0	0	0	0	0	0	0	0	0	0	0        0   1.01943e+06      0      1.13893    1.54368    0
1.81798	1863501	0	200	0	0	0	0	0	0	0	0	0	0	0	0	0	0	0        0   1.8635e+06      0      1.54368    2.09228    0
2.46406	3400998	0	200	0	0	0	0	0	0	0	0	0	0	0	0	0	0	0        0   3.401e+06      0      2.09228    2.83584    0
3.33975	6211240	0	200	0	0	0	0	0	0	0	0	0	0	0	0	0	0	0        0   6.21124e+06      0      2.83584    3.84365    0
4.52664	11358672	0	200	0	0	0	0	0	0	0	0	0	0	0	0	0	0	0        0   1.13587e+07      0      3.84365    5.20962    0
6.13533	20769579	0	200	0	0	0	0	0	0	0	0	0	0	0	0	0	0	0        0   2.07696e+07      0      5.20962    7.06103    0
8.31572	37907868	0	200	0	0	0	0	0	0	0	0	0	0	0	0	0	0	0        0   3.79079e+07      0      7.06103    9.5704    0
11.271	68999563	0	200	0	0	0	0	0	0	0	0	0	0	0	0	0	0	0        0   6.89996e+07      0      9.5704    12.9716    0
15.2765	125481051	0	200	0	0	0	0	0	0	0	0	0	0	0	0	0	0	0        0   1.25481e+08      0      12.9716    17.5814    0
20.7055	227422621	0	200	0	0	0	0	0	0	0	0	0	0	0	0	0	0	0        0   2.27423e+08      0      17.5814    23.8296    0
28.0639	410765544	0	200	0	0	0	0	0	0	0	0	0	0	0	0	0	0	0        0   4.10766e+08      0      23.8296    32.2982    0
38.0373	738289998	0	200	0	0	0	0	0	0	0	0	0	0	0	0	0	0	0        0   7.3829e+08      0      32.2982    43.7764    0
51.5551	1318553609	0	200	0	0	0	0	0	0	0	0	0	0	0	0	0	0	0        0   1.31855e+09      0      43.7764    59.3338    0
69.8769	2333319449	0	200	0	0	0	0	0	0	0	0	0	0	0	0	0	0	0        0   2.33332e+09      0      59.3338    80.42    0
94.7099	4079233623	0	200	0	0	0	0	0	0	0	0	0	0	0	0	0	0	0        0   4.07923e+09      0      80.42    109    0
