# 1bin_value	2data_points	3sqrt(data_points)	4W	5W_err	6e+	7e+_err	8eX 9eX_err	10e++ 	11e++_err		12eXX	13eXX_err		14e+X	15e+X_err 	16theta          17theta_err       17num_den	18num_err 19LS_err     20wt_num     21wt_num_err  22r_low   23r_high 24sig_crit
0.117769	731	0	1907.21	93.4414	23.8151	9.87365	-0.257282	9.2477	0	0	0	0	0	0	-50150.9	393.024	0	0        0   762      0      0.1    0.135538    0
0.159622	1112	0	1560.81	58.0723	29.2255	6.65096	1.51394	6.41427	0	0	0	0	0	0	-76475	225.099	0	0        0   1155      0      0.135538    0.183706    0
0.216349	1498	0	1152.73	35.0079	10.0581	4.21977	1.97304	4.20029	0	0	0	0	0	0	-102646	120.14	0	0        0   1545      0      0.183706    0.248992    0
0.293236	2437	0	1049.07	24.3482	12.2668	3.04304	-1.53447	3.00286	0	0	0	0	0	0	-168398	76.5006	0	0        0   2529      0      0.248992    0.33748    0
0.397447	3605	0	852.417	15.9013	5.13007	1.99984	-1.37756	2.04689	0	0	0	0	0	0	-247942	45.5139	0	0        0   3724      0      0.33748    0.457415    0
0.538693	4815	0	622.634	9.69516	3.83211	1.32611	-2.05783	1.25955	0	0	0	0	0	0	-329391	23.4065	0	0        0   4954      0      0.457415    0.619972    0
0.730136	6957	0	492.412	6.24414	2.95982	0.861619	-0.509347	0.854005	0	0	0	0	0	0	-477301	12.6579	0	0        0   7149      0      0.619972    0.8403    0
0.989614	10247	0	396.728	4.1025	1.67566	0.57357	0.150961	0.564784	0	0	0	0	0	0	-701574	7.56961	0	0        0   10505      0      0.8403    1.13893    0
1.34131	16100	0	342.283	2.80457	0.921305	0.395876	0.432849	0.390815	0	0	0	0	0	0	-1.1036e+06	4.71277	0	0        0   16510      0      1.13893    1.54368    0
1.81798	26663	0	310.23	1.96355	-0.00630127	0.279217	-0.0450478	0.281613	0	0	0	0	0	0	-1.83037e+06	3.10768	0	0        0   27256      0      1.54368    2.09228    0
2.46406	45464	0	289.825	1.40066	0.398437	0.201832	0.506559	0.201459	0	0	0	0	0	0	-3.11808e+06	2.10616	0	0        0   46486      0      2.09228    2.83584    0
3.33975	77623	0	272.086	1.00511	0.568113	0.144777	-0.118068	0.144684	0	0	0	0	0	0	-5.3232e+06	1.47598	0	0        0   79375      0      2.83584    3.84365    0
4.52664	133684	0	256.847	0.722115	0.526634	0.103572	0.0947433	0.104046	0	0	0	0	0	0	-9.16339e+06	1.02541	0	0        0   136753      0      3.84365    5.20962    0
6.13533	233077	0	245.478	0.52226	0.365921	0.0752068	-0.166145	0.0756103	0	0	0	0	0	0	-1.59817e+07	0.727679	0	0        0   238430      0      5.20962    7.06103    0
8.31572	405823	0	234.562	0.377748	0.326418	0.0545619	-0.0242913	0.0547235	0	0	0	0	0	0	-2.78105e+07	0.520005	0	0        0   414771      0      7.06103    9.5704    0
11.271	709722	0	225.843	0.274906	0.25223	0.0398966	-0.114794	0.0398859	0	0	0	0	0	0	-4.86569e+07	0.376763	0	0        0   725266      0      9.5704    12.9716    0
15.2765	1249247	0	219.027	0.20098	0.225414	0.0292174	-0.0758244	0.0292114	0	0	0	0	0	0	-8.567e+07	0.274447	0	0        0   1.27708e+06      0      12.9716    17.5814    0
20.7055	2209960	0	214.13	0.147773	0.142311	0.0214721	0.00128072	0.0214854	0	0	0	0	0	0	-1.51548e+08	0.203998	0	0        0   2.2585e+06      0      17.5814    23.8296    0
28.0639	3907088	0	209.842	0.108933	0.108735	0.0158359	-0.014195	0.0158316	0	0	0	0	0	0	-2.67909e+08	0.151498	0	0        0   3.99207e+06      0      23.8296    32.2982    0
38.0373	6898298	0	206.531	0.0807329	0.111642	0.0117347	-0.00901059	0.0117342	0	0	0	0	0	0	-4.72957e+08	0.113702	0	0        0   7.04856e+06      0      32.2982    43.7764    0
51.5551	12141898	0	203.911	0.0601379	0.0985898	0.00873021	-0.0198821	0.00873409	0	0	0	0	0	0	-8.32284e+08	0.0863938	0	0        0   1.24075e+07      0      43.7764    59.3338    0
69.8769	21293344	0	202.365	0.0451233	0.0403812	0.00655009	0.0134645	0.00655342	0	0	0	0	0	0	-1.4593e+09	0.0665032	0	0        0   2.17568e+07      0      59.3338    80.42    0
94.7099	36967397	0	201.359	0.0341273	0.0330873	0.00495736	0.0159044	0.00495894	0	0	0	0	0	0	-2.53351e+09	0.051763	0	0        0   3.7774e+07      0      80.42    109    0
