# 1bin_value	2data_points	3sqrt(data_points)	4W	5W_err	6e+	7e+_err	8eX 9eX_err	10e++ 	11e++_err		12eXX	13eXX_err		14e+X	15e+X_err 	16theta          17theta_err       17num_den	18num_err 19LS_err     20wt_num     21wt_num_err  22r_low   23r_high 24sig_crit
0.117769	858	0	204.976	7.49159	0	0	0	0	0	0	0	0	0	0	-1363.94	93571.6	0	0        0   882      0      0.1    0.135538    0
0.159622	1571	0	205.535	5.5651	0	0	0	0	0	0	0	0	0	0	-1373.34	171819	0	0        0   1614      0      0.135538    0.183706    0
0.216349	2735	0	196.703	4.01039	0	0	0	0	0	0	0	0	0	0	-1325.99	299000	0	0        0   2788      0      0.183706    0.248992    0
0.293236	5139	0	201.952	3.01329	0	0	0	0	0	0	0	0	0	0	-1356.44	560932	0	0        0   5271      0      0.248992    0.33748    0
0.397447	9216	0	199.457	2.2181	0	0	0	0	0	0	0	0	0	0	-1335.22	995852	0	0        0   9433      0      0.33748    0.457415    0
0.538693	17160	0	202.468	1.64959	0	0	0	0	0	0	0	0	0	0	-1357.83	1.85731e+06	0	0        0   17542      0      0.457415    0.619972    0
0.730136	30852	0	199.453	1.21258	0	0	0	0	0	0	0	0	0	0	-1333.02	3.33251e+06	0	0        0   31632      0      0.619972    0.8403    0
0.989614	56446	0	199.991	0.899388	0	0	0	0	0	0	0	0	0	0	-1340.03	6.12293e+06	0	0        0   57799      0      0.8403    1.13893    0
1.34131	104149	0	201.11	0.665374	0	0	0	0	0	0	0	0	0	0	-1347.74	1.12778e+07	0	0        0   106569      0      1.13893    1.54368    0
1.81798	189174	0	200.243	0.491655	0	0	0	0	0	0	0	0	0	0	-1341.34	2.0497e+07	0	0        0   193735      0      1.54368    2.09228    0
2.46406	345138	0	199.911	0.36336	0	0	0	0	0	0	0	0	0	0	-1338.85	3.73918e+07	0	0        0   353502      0      2.09228    2.83584    0
3.33975	631338	0	200.012	0.268819	0	0	0	0	0	0	0	0	0	0	-1339.77	6.84011e+07	0	0        0   646475      0      2.83584    3.84365    0
4.52664	1152724	0	199.919	0.198861	0	0	0	0	0	0	0	0	0	0	-1339.15	1.24936e+08	0	0        0   1.18025e+06      0      3.84365    5.20962    0
6.13533	2107539	0	199.802	0.146977	0	0	0	0	0	0	0	0	0	0	-1338.83	2.28491e+08	0	0        0   2.1575e+06      0      5.20962    7.06103    0
8.31572	3844356	0	199.708	0.108807	0	0	0	0	0	0	0	0	0	0	-1337.79	4.16824e+08	0	0        0   3.93588e+06      0      7.06103    9.5704    0
11.271	7004299	0	199.955	0.0807242	0	0	0	0	0	0	0	0	0	0	-1339.41	7.59557e+08	0	0        0   7.17097e+06      0      9.5704    12.9716    0
15.2765	12720455	0	199.749	0.0598554	0	0	0	0	0	0	0	0	0	0	-1337.91	1.38003e+09	0	0        0   1.30228e+07      0      12.9716    17.5814    0
20.7055	23037708	0	199.657	0.0444747	0	0	0	0	0	0	0	0	0	0	-1337.45	2.50196e+09	0	0        0   2.35858e+07      0      17.5814    23.8296    0
28.0639	41616419	0	199.765	0.0331232	0	0	0	0	0	0	0	0	0	0	-1338.17	4.5234e+09	0	0        0   4.26036e+07      0      23.8296    32.2982    0
38.0373	74739670	0	199.7	0.0247244	0	0	0	0	0	0	0	0	0	0	-1337.72	8.13342e+09	0	0        0   7.65084e+07      0      32.2982    43.7764    0
51.5551	133389839	0	199.779	0.0185315	0	0	0	0	0	0	0	0	0	0	-1338.05	1.45373e+10	0	0        0   1.36553e+08      0      43.7764    59.3338    0
69.8769	235839967	0	199.84	0.013958	0	0	0	0	0	0	0	0	0	0	-1338.35	2.57564e+10	0	0        0   2.41425e+08      0      59.3338    80.42    0
94.7099	411500513	0	199.835	0.010582	0	0	0	0	0	0	0	0	0	0	-1338.13	4.50527e+10	0	0        0   4.21252e+08      0      80.42    109    0
