# 1bin_value	2data_points	3sqrt(data_points)	4W	5W_err	6e+	7e+_err	8eX 9eX_err	10e++ 	11e++_err		12eXX	13eXX_err		14e+X	15e+X_err 	16theta          17theta_err       17num_den	18num_err 19LS_err     20wt_num     21wt_num_err  22r_low   23r_high 24sig_crit
0.117769	807	0	194.12	7.23376	0.716096	0.898131	-1.30525	0.960838	0	0	0	0	0	0	-55288.5	17.1828	0	0        0   807      0      0.1    0.135538    0
0.159622	1507	0	202.191	5.50974	-0.179748	0.687967	0.652877	0.663992	0	0	0	0	0	0	-103003	13.095	0	0        0   1507      0      0.135538    0.183706    0
0.216349	2854	0	206.395	4.09171	-0.712997	0.528941	-0.99338	0.518988	0	0	0	0	0	0	-195928	9.81486	0	0        0   2854      0      0.183706    0.248992    0
0.293236	5131	0	203.392	2.99713	-0.266659	0.3814	-0.548749	0.382231	0	0	0	0	0	0	-351604	7.03892	0	0        0   5131      0      0.248992    0.33748    0
0.397447	9034	0	196.886	2.18738	-0.153601	0.276807	0.297447	0.274375	0	0	0	0	0	0	-620097	5.13097	0	0        0   9034      0      0.33748    0.457415    0
0.538693	16730	0	198.984	1.62387	0.24511	0.20608	-0.203578	0.206573	0	0	0	0	0	0	-1.14835e+06	3.80939	0	0        0   16730      0      0.457415    0.619972    0
0.730136	30808	0	200.039	1.20416	-0.124254	0.153798	-0.0752347	0.155451	0	0	0	0	0	0	-2.11285e+06	2.84405	0	0        0   30808      0      0.619972    0.8403    0
0.989614	56433	0	200.886	0.893101	0.0712085	0.113189	0.136033	0.113876	0	0	0	0	0	0	-3.87125e+06	2.10205	0	0        0   56433      0      0.8403    1.13893    0
1.34131	103304	0	200.5	0.658806	0.0359509	0.0836206	-0.0192792	0.0837493	0	0	0	0	0	0	-7.08539e+06	1.55045	0	0        0   103304      0      1.13893    1.54368    0
1.81798	188961	0	200.779	0.487864	0.0670257	0.0623505	0.0995283	0.0621847	0	0	0	0	0	0	-1.29586e+07	1.15034	0	0        0   188961      0      1.54368    2.09228    0
2.46406	345586	0	201.365	0.361878	-0.040336	0.0461708	-0.0108567	0.0461144	0	0	0	0	0	0	-2.37067e+07	0.854234	0	0        0   345586      0      2.09228    2.83584    0
3.33975	631124	0	201.274	0.26772	0.00194453	0.034166	0.0187084	0.0342061	0	0	0	0	0	0	-4.32853e+07	0.632802	0	0        0   631124      0      2.83584    3.84365    0
4.52664	1155308	0	201.398	0.198007	0.0128836	0.025272	0.0175883	0.0252209	0	0	0	0	0	0	-7.92321e+07	0.46826	0	0        0   1.15531e+06      0      3.84365    5.20962    0
6.13533	2111295	0	201.265	0.146383	0.00769683	0.0186843	-0.00565449	0.0186716	0	0	0	0	0	0	-1.44789e+08	0.346343	0	0        0   2.1113e+06      0      5.20962    7.06103    0
8.31572	3856089	0	201.552	0.108494	0.0137691	0.0138394	0.01353	0.0138272	0	0	0	0	0	0	-2.6442e+08	0.257079	0	0        0   3.85609e+06      0      7.06103    9.5704    0
11.271	7027893	0	201.772	0.080474	-0.00807481	0.0102636	0.0166316	0.0102613	0	0	0	0	0	0	-4.8196e+08	0.191086	0	0        0   7.02789e+06      0      9.5704    12.9716    0
15.2765	12770601	0	201.654	0.0596832	-0.0141583	0.00761229	0.00708608	0.00760901	0	0	0	0	0	0	-8.75711e+08	0.142046	0	0        0   1.27706e+07      0      12.9716    17.5814    0
20.7055	23139742	0	201.697	0.0443672	-0.0120598	0.00565882	-0.0142363	0.00565669	0	0	0	0	0	0	-1.58676e+09	0.105928	0	0        0   2.31397e+07      0      17.5814    23.8296    0
28.0639	41814757	0	201.887	0.0330537	-0.0154473	0.00421344	-0.00530506	0.00421346	0	0	0	0	0	0	-2.86726e+09	0.0792178	0	0        0   4.18148e+07      0      23.8296    32.2982    0
38.0373	75109855	0	201.88	0.0246804	-0.00979713	0.00314608	0.00115946	0.00314521	0	0	0	0	0	0	-5.1496e+09	0.0594681	0	0        0   7.51099e+07      0      32.2982    43.7764    0
51.5551	134004271	0	201.83	0.0184927	-0.0105721	0.00235626	0.00555094	0.0023559	0	0	0	0	0	0	-9.18631e+09	0.0448872	0	0        0   1.34004e+08      0      43.7764    59.3338    0
69.8769	236848583	0	201.778	0.0139264	-0.00834563	0.00177367	0.00411541	0.00177345	0	0	0	0	0	0	-1.62338e+10	0.0341324	0	0        0   2.36849e+08      0      59.3338    80.42    0
94.7099	413853079	0	201.968	0.0105624	-0.0085237	0.00134437	0.00748288	0.00134416	0	0	0	0	0	0	-2.83604e+10	0.0261617	0	0        0   4.13853e+08      0      80.42    109    0
