# 1bin_value	2data_points	3sqrt(data_points)	4W	5W_err	6e+	7e+_err	8eX 9eX_err	10e++ 	11e++_err		12eXX	13eXX_err		14e+X	15e+X_err 	16theta          17theta_err       17num_den	18num_err 19LS_err     20wt_num     21wt_num_err  22r_low   23r_high 24sig_crit
0.117769	816	0	197.125	7.27429	0.747682	0.902441	-1.10419	0.96432	0	0	0	0	0	0	-55911.2	16.6814	0	0        0   816      0      0.1    0.135538    0
0.159622	1512	0	202.55	5.50092	-0.167377	0.686948	0.481187	0.663211	0	0	0	0	0	0	-103370	12.8896	0	0        0   1512      0      0.135538    0.183706    0
0.216349	2875	0	207.85	4.0926	-0.606613	0.529008	-0.958883	0.518821	0	0	0	0	0	0	-197382	9.586	0	0        0   2875      0      0.183706    0.248992    0
0.293236	5140	0	203.293	2.99045	-0.256206	0.380544	-0.635136	0.381422	0	0	0	0	0	0	-352117	6.98897	0	0        0   5140      0      0.248992    0.33748    0
0.397447	9073	0	197.706	2.18774	-0.214455	0.276745	0.326695	0.2743	0	0	0	0	0	0	-622688	5.06517	0	0        0   9073      0      0.33748    0.457415    0
0.538693	16780	0	199.458	1.62319	0.225824	0.205942	-0.211723	0.206448	0	0	0	0	0	0	-1.15195e+06	3.76474	0	0        0   16780      0      0.457415    0.619972    0
0.730136	30942	0	200.724	1.20338	-0.137047	0.153651	-0.0585956	0.155308	0	0	0	0	0	0	-2.12199e+06	2.80145	0	0        0   30942      0      0.619972    0.8403    0
0.989614	56625	0	201.435	0.892714	0.0623188	0.113111	0.136842	0.113799	0	0	0	0	0	0	-3.8843e+06	2.07774	0	0        0   56625      0      0.8403    1.13893    0
1.34131	103639	0	201.049	0.658641	0.044765	0.0835787	-0.0225137	0.0837068	0	0	0	0	0	0	-7.1087e+06	1.53326	0	0        0   103639      0      1.13893    1.54368    0
1.81798	189628	0	201.28	0.487479	0.0746767	0.0622869	0.0987603	0.0621214	0	0	0	0	0	0	-1.30048e+07	1.13567	0	0        0   189628      0      1.54368    2.09228    0
2.46406	346686	0	201.828	0.361635	-0.0313432	0.04613	-0.0193753	0.0460735	0	0	0	0	0	0	-2.37821e+07	0.844654	0	0        0   346686      0      2.09228    2.83584    0
3.33975	633476	0	201.8	0.267484	0.000816302	0.0341278	0.0165604	0.0341678	0	0	0	0	0	0	-4.34469e+07	0.624371	0	0        0   633476      0      2.83584    3.84365    0
4.52664	1159835	0	201.932	0.197806	0.0137231	0.0252402	0.0153628	0.0251892	0	0	0	0	0	0	-7.95433e+07	0.461651	0	0        0   1.15984e+06      0      3.84365    5.20962    0
6.13533	2119550	0	201.779	0.146219	0.00369666	0.0186592	-0.0048545	0.0186464	0	0	0	0	0	0	-1.45358e+08	0.3414	0	0        0   2.11955e+06      0      5.20962    7.06103    0
8.31572	3871418	0	202.045	0.108353	0.011372	0.0138183	0.0114642	0.0138061	0	0	0	0	0	0	-2.6547e+08	0.253322	0	0        0   3.87142e+06      0      7.06103    9.5704    0
11.271	7058623	0	202.297	0.0803514	-0.00879842	0.0102455	0.0172243	0.0102432	0	0	0	0	0	0	-4.84058e+08	0.188018	0	0        0   7.05862e+06      0      9.5704    12.9716    0
15.2765	12832830	0	202.21	0.0595726	-0.0161188	0.00759626	0.00638662	0.00759299	0	0	0	0	0	0	-8.79963e+08	0.139475	0	0        0   1.28328e+07      0      12.9716    17.5814    0
20.7055	23264301	0	202.248	0.0442612	-0.0111535	0.0056439	-0.0117685	0.00564178	0	0	0	0	0	0	-1.59528e+09	0.103765	0	0        0   2.32643e+07      0      17.5814    23.8296    0
28.0639	42066754	0	202.422	0.0329509	-0.0140677	0.00419931	-0.00659388	0.00419934	0	0	0	0	0	0	-2.88443e+09	0.0773722	0	0        0   4.20668e+07      0      23.8296    32.2982    0
38.0373	75662080	0	202.459	0.0245772	-0.0107603	0.00313209	0.00193151	0.00313123	0	0	0	0	0	0	-5.18723e+09	0.0577577	0	0        0   7.56621e+07      0      32.2982    43.7764    0
51.5551	135233367	0	202.472	0.0183884	-0.0111186	0.00234229	0.00987806	0.00234193	0	0	0	0	0	0	-9.27004e+09	0.0432681	0	0        0   1.35233e+08      0      43.7764    59.3338    0
69.8769	239653050	0	202.515	0.0138184	-0.00777782	0.00175933	0.0044629	0.00175911	0	0	0	0	0	0	-1.64247e+10	0.0325456	0	0        0   2.39653e+08      0      59.3338    80.42    0
94.7099	420047166	0	202.76	0.0104512	-0.00827626	0.00132974	0.00343791	0.00132954	0	0	0	0	0	0	-2.87821e+10	0.0246216	0	0        0   4.20047e+08      0      80.42    109    0
