# 1bin_value	2data_points	3sqrt(data_points)	4W	5W_err	6e+	7e+_err	8eX 9eX_err	10e++ 	11e++_err		12eXX	13eXX_err		14e+X	15e+X_err 	16theta          17theta_err       17num_den	18num_err 19LS_err     20wt_num     21wt_num_err  22r_low   23r_high 24sig_crit
0.117769	733	0	196.005	7.77115	0	0	0	0	0	0	0	0	0	0	-1307.36	81645.8	0	0        0   753      0      0.1    0.135538    0
0.159622	1366	0	203.217	5.87175	0	0	0	0	0	0	0	0	0	0	-1357.84	147674	0	0        0   1399      0      0.135538    0.183706    0
0.216349	2462	0	196.724	4.21808	0	0	0	0	0	0	0	0	0	0	-1318.24	266093	0	0        0   2517      0      0.183706    0.248992    0
0.293236	4509	0	201.938	3.21584	0	0	0	0	0	0	0	0	0	0	-1352.17	490083	0	0        0   4626      0      0.248992    0.33748    0
0.397447	8336	0	201.744	2.35691	0	0	0	0	0	0	0	0	0	0	-1355.32	904849	0	0        0   8524      0      0.33748    0.457415    0
0.538693	15091	0	200.397	1.73897	0	0	0	0	0	0	0	0	0	0	-1341.45	1.6291e+06	0	0        0   15442      0      0.457415    0.619972    0
0.730136	27557	0	199.719	1.28292	0	0	0	0	0	0	0	0	0	0	-1338.65	2.98147e+06	0	0        0   28220      0      0.619972    0.8403    0
0.989614	50477	0	200.664	0.953064	0	0	0	0	0	0	0	0	0	0	-1341.15	5.44485e+06	0	0        0   51725      0      0.8403    1.13893    0
1.34131	92449	0	200.712	0.704384	0	0	0	0	0	0	0	0	0	0	-1344.08	9.99527e+06	0	0        0   94702      0      1.13893    1.54368    0
1.81798	169356	0	201.465	0.522756	0	0	0	0	0	0	0	0	0	0	-1348.95	1.83251e+07	0	0        0   173486      0      1.54368    2.09228    0
2.46406	307488	0	199.619	0.3841	0	0	0	0	0	0	0	0	0	0	-1338.01	3.32768e+07	0	0        0   314735      0      2.09228    2.83584    0
3.33975	563390	0	200.494	0.285093	0	0	0	0	0	0	0	0	0	0	-1343.52	6.09793e+07	0	0        0   576781      0      2.83584    3.84365    0
4.52664	1028229	0	200.005	0.210533	0	0	0	0	0	0	0	0	0	0	-1339.85	1.11271e+08	0	0        0   1.05275e+06      0      3.84365    5.20962    0
6.13533	1883195	0	200.327	0.155811	0	0	0	0	0	0	0	0	0	0	-1342.1	2.0371e+08	0	0        0   1.92749e+06      0      5.20962    7.06103    0
8.31572	3431575	0	200.177	0.115374	0	0	0	0	0	0	0	0	0	0	-1340.91	3.71416e+08	0	0        0   3.51316e+06      0      7.06103    9.5704    0
11.271	6247620	0	200.247	0.0855485	0	0	0	0	0	0	0	0	0	0	-1341.63	6.7656e+08	0	0        0   6.39527e+06      0      9.5704    12.9716    0
15.2765	11366759	0	200.348	0.0634776	0	0	0	0	0	0	0	0	0	0	-1342.3	1.23171e+09	0	0        0   1.16357e+07      0      12.9716    17.5814    0
20.7055	20587906	0	200.306	0.0471736	0	0	0	0	0	0	0	0	0	0	-1341.93	2.23218e+09	0	0        0   2.10744e+07      0      17.5814    23.8296    0
28.0639	37161174	0	200.268	0.0351248	0	0	0	0	0	0	0	0	0	0	-1341.58	4.03278e+09	0	0        0   3.80397e+07      0      23.8296    32.2982    0
38.0373	66707300	0	200.21	0.0262273	0	0	0	0	0	0	0	0	0	0	-1341.27	7.24982e+09	0	0        0   6.82794e+07      0      32.2982    43.7764    0
51.5551	118981025	0	200.175	0.0196528	0	0	0	0	0	0	0	0	0	0	-1340.82	1.29513e+10	0	0        0   1.21788e+08      0      43.7764    59.3338    0
69.8769	210551041	0	200.34	0.014801	0	0	0	0	0	0	0	0	0	0	-1341.7	2.2954e+10	0	0        0   2.15522e+08      0      59.3338    80.42    0
94.7099	367885070	0	200.429	0.0112132	0	0	0	0	0	0	0	0	0	0	-1342.13	4.01701e+10	0	0        0   3.76577e+08      0      80.42    109    0
