# 1bin_value	2data_points	3sqrt(data_points)	4W	5W_err	6e+	7e+_err	8eX 9eX_err	10e++ 	11e++_err		12eXX	13eXX_err		14e+X	15e+X_err 	16theta          17theta_err       17num_den	18num_err 19LS_err     20wt_num     21wt_num_err  22r_low   23r_high 24sig_crit
0.117769	868	0	208.44	7.55933	0	0	0	0	0	0	0	0	0	0	-1400.9	94605.1	0	0        0   886      0      0.1    0.135538    0
0.159622	1617	0	217.033	5.78143	0	0	0	0	0	0	0	0	0	0	-1453.66	176189	0	0        0   1654      0      0.135538    0.183706    0
0.216349	2845	0	206.183	4.12992	0	0	0	0	0	0	0	0	0	0	-1381.81	310183	0	0        0   2920      0      0.183706    0.248992    0
0.293236	5161	0	204.599	3.03984	0	0	0	0	0	0	0	0	0	0	-1375.42	564179	0	0        0   5289      0      0.248992    0.33748    0
0.397447	9295	0	201.72	2.23013	0	0	0	0	0	0	0	0	0	0	-1353.12	1.00369e+06	0	0        0   9491      0      0.33748    0.457415    0
0.538693	16937	0	201.272	1.65129	0	0	0	0	0	0	0	0	0	0	-1350.22	1.83877e+06	0	0        0   17333      0      0.457415    0.619972    0
0.730136	30658	0	198.853	1.21122	0	0	0	0	0	0	0	0	0	0	-1332.91	3.31842e+06	0	0        0   31367      0      0.619972    0.8403    0
0.989614	56121	0	199.738	0.9003	0	0	0	0	0	0	0	0	0	0	-1338.88	6.09066e+06	0	0        0   57501      0      0.8403    1.13893    0
1.34131	102645	0	199.084	0.663045	0	0	0	0	0	0	0	0	0	0	-1333.71	1.11078e+07	0	0        0   105074      0      1.13893    1.54368    0
1.81798	188226	0	199.799	0.491429	0	0	0	0	0	0	0	0	0	0	-1338.93	2.03794e+07	0	0        0   192675      0      1.54368    2.09228    0
2.46406	342992	0	199.581	0.363647	0	0	0	0	0	0	0	0	0	0	-1337.34	3.71113e+07	0	0        0   350977      0      2.09228    2.83584    0
3.33975	628725	0	200.257	0.269604	0	0	0	0	0	0	0	0	0	0	-1341.66	6.80337e+07	0	0        0   643433      0      2.83584    3.84365    0
4.52664	1151328	0	200.519	0.19954	0	0	0	0	0	0	0	0	0	0	-1343.3	1.24684e+08	0	0        0   1.17875e+06      0      3.84365    5.20962    0
6.13533	2098743	0	199.945	0.147391	0	0	0	0	0	0	0	0	0	0	-1339.3	2.27383e+08	0	0        0   2.14906e+06      0      5.20962    7.06103    0
8.31572	3823159	0	199.647	0.109035	0	0	0	0	0	0	0	0	0	0	-1337.61	4.14277e+08	0	0        0   3.91366e+06      0      7.06103    9.5704    0
11.271	6972954	0	200.068	0.0809414	0	0	0	0	0	0	0	0	0	0	-1339.91	7.55665e+08	0	0        0   7.13974e+06      0      9.5704    12.9716    0
15.2765	12676973	0	200.069	0.0600474	0	0	0	0	0	0	0	0	0	0	-1340.11	1.37493e+09	0	0        0   1.29787e+07      0      12.9716    17.5814    0
20.7055	22968624	0	200.117	0.0446392	0	0	0	0	0	0	0	0	0	0	-1340.6	2.49338e+09	0	0        0   2.35149e+07      0      17.5814    23.8296    0
28.0639	41451593	0	200.072	0.0332397	0	0	0	0	0	0	0	0	0	0	-1340.29	4.50486e+09	0	0        0   4.24347e+07      0      23.8296    32.2982    0
38.0373	74472559	0	200.117	0.0248231	0	0	0	0	0	0	0	0	0	0	-1340.44	8.10313e+09	0	0        0   7.62365e+07      0      32.2982    43.7764    0
51.5551	132846085	0	200.037	0.0185951	0	0	0	0	0	0	0	0	0	0	-1339.71	1.44767e+10	0	0        0   1.35994e+08      0      43.7764    59.3338    0
69.8769	235087729	0	200.087	0.0139945	0	0	0	0	0	0	0	0	0	0	-1339.95	2.56556e+10	0	0        0   2.40656e+08      0      59.3338    80.42    0
94.7099	411231038	0	200.152	0.01059	0	0	0	0	0	0	0	0	0	0	-1340.24	4.49028e+10	0	0        0   4.20972e+08      0      80.42    109    0
