# 1bin_value	2data_points	3sqrt(data_points)	4W	5W_err	6e+	7e+_err	8eX 9eX_err	10e++ 	11e++_err		12eXX	13eXX_err		14e+X	15e+X_err 	16theta          17theta_err       17num_den	18num_err 19LS_err     20wt_num     21wt_num_err  22r_low   23r_high 24sig_crit
0.117769	791	0	193.139	7.25385	-0.263872	1.11157	-0.365395	1.118	0	0	0	0	0	0	-54194	16.7744	0	0        0   791      0      0.1    0.135538    0
0.159622	1447	0	195.3	5.41156	-0.716471	0.825285	-0.775266	0.811862	0	0	0	0	0	0	-99145.7	12.5269	0	0        0   1447      0      0.135538    0.183706    0
0.216349	2821	0	206.468	4.11228	0.659257	0.627119	-0.150981	0.614591	0	0	0	0	0	0	-193727	9.76761	0	0        0   2821      0      0.183706    0.248992    0
0.293236	5055	0	203.699	3.025	-0.0516366	0.449551	-0.589891	0.452882	0	0	0	0	0	0	-345262	7.08813	0	0        0   5055      0      0.248992    0.33748    0
0.397447	9214	0	203.944	2.24549	0.155534	0.336886	-0.18142	0.337974	0	0	0	0	0	0	-631625	5.30198	0	0        0   9214      0      0.33748    0.457415    0
0.538693	16860	0	203.181	1.65262	0.145163	0.248302	0.258077	0.246569	0	0	0	0	0	0	-1.1563e+06	3.88507	0	0        0   16860      0      0.457415    0.619972    0
0.730136	30463	0	200.182	1.21071	0.252657	0.180809	0.109566	0.182371	0	0	0	0	0	0	-2.08871e+06	2.83934	0	0        0   30463      0      0.619972    0.8403    0
0.989614	55752	0	200.069	0.894002	0.144094	0.134277	-0.0456335	0.134793	0	0	0	0	0	0	-3.8227e+06	2.08923	0	0        0   55752      0      0.8403    1.13893    0
1.34131	102097	0	200.436	0.661757	0.0850864	0.0994454	-0.0529126	0.0991704	0	0	0	0	0	0	-7.0014e+06	1.54392	0	0        0   102097      0      1.13893    1.54368    0
1.81798	187236	0	201.128	0.490521	-0.0494018	0.0735028	0.0426082	0.0736051	0	0	0	0	0	0	-1.28414e+07	1.14857	0	0        0   187236      0      1.54368    2.09228    0
2.46406	342583	0	201.582	0.363517	-0.00694076	0.0544825	0.0419273	0.0544872	0	0	0	0	0	0	-2.35008e+07	0.852143	0	0        0   342583      0      2.09228    2.83584    0
3.33975	626664	0	201.934	0.269294	-0.0106493	0.040385	0.00573294	0.0403219	0	0	0	0	0	0	-4.29888e+07	0.632101	0	0        0   626664      0      2.83584    3.84365    0
4.52664	1145679	0	201.873	0.199089	0.0373061	0.029845	-0.00998136	0.0298398	0	0	0	0	0	0	-7.85815e+07	0.46707	0	0        0   1.14568e+06      0      3.84365    5.20962    0
6.13533	2096656	0	202.038	0.147302	0.0111012	0.0220769	-0.0434221	0.0220652	0	0	0	0	0	0	-1.43813e+08	0.345806	0	0        0   2.09666e+06      0      5.20962    7.06103    0
8.31572	3829397	0	202.191	0.109092	0.00996628	0.0163296	-0.0303344	0.0163443	0	0	0	0	0	0	-2.62597e+08	0.256256	0	0        0   3.8294e+06      0      7.06103    9.5704    0
11.271	6977886	0	202.38	0.0808957	0.00659183	0.0121143	0.00376632	0.0121183	0	0	0	0	0	0	-4.78574e+08	0.190151	0	0        0   6.97789e+06      0      9.5704    12.9716    0
15.2765	12697655	0	202.489	0.0600085	0.0103127	0.00898646	0.00392839	0.00899108	0	0	0	0	0	0	-8.70709e+08	0.141155	0	0        0   1.26977e+07      0      12.9716    17.5814    0
20.7055	23035034	0	202.63	0.0445911	-0.0157358	0.00667752	-0.005484	0.00667778	0	0	0	0	0	0	-1.57952e+09	0.104996	0	0        0   2.3035e+07      0      17.5814    23.8296    0
28.0639	41663006	0	202.869	0.0332015	-0.000939358	0.00496954	0.000731075	0.00497011	0	0	0	0	0	0	-2.85669e+09	0.0782792	0	0        0   4.1663e+07      0      23.8296    32.2982    0
38.0373	74948153	0	202.993	0.024773	-0.00945306	0.00370633	0.00182002	0.00370753	0	0	0	0	0	0	-5.13836e+09	0.0584596	0	0        0   7.49482e+07      0      32.2982    43.7764    0
51.5551	133982976	0	203.113	0.0185429	-0.0220051	0.00277257	0.017688	0.00277261	0	0	0	0	0	0	-9.18434e+09	0.0438196	0	0        0   1.33983e+08      0      43.7764    59.3338    0
69.8769	237469953	0	203.332	0.0139466	-0.00954217	0.00208388	0.0332069	0.00208451	0	0	0	0	0	0	-1.62755e+10	0.0330165	0	0        0   2.3747e+08      0      59.3338    80.42    0
94.7099	416426370	0	203.819	0.0105599	0.0118004	0.00157619	0.0343988	0.00157751	0	0	0	0	0	0	-2.85346e+10	0.0250483	0	0        0   4.16426e+08      0      80.42    109    0
