# 1bin_value	2data_points	3sqrt(data_points)	4W	5W_err	6e+	7e+_err	8eX 9eX_err	10e++ 	11e++_err		12eXX	13eXX_err		14e+X	15e+X_err 	16theta          17theta_err       17num_den	18num_err 19LS_err     20wt_num     21wt_num_err  22r_low   23r_high 24sig_crit
0.117769	1397	0	202.974	5.99459	0	0	0	0	0	0	0	0	0	0	-1299.42	153214	0	0        0   1499.23      0      0.1    0.135538    0
0.159622	2614	0	200.73	4.33154	0	0	0	0	0	0	0	0	0	0	-1296.27	286535	0	0        0   2790.26      0      0.135538    0.183706    0
0.216349	4680	0	197.54	3.17821	0	0	0	0	0	0	0	0	0	0	-1261.5	505863	0	0        0   5027.95      0      0.183706    0.248992    0
0.293236	8637	0	200.251	2.34789	0	0	0	0	0	0	0	0	0	0	-1279.8	928251	0	0        0   9259.29      0      0.248992    0.33748    0
0.397447	15753	0	198.362	1.72774	0	0	0	0	0	0	0	0	0	0	-1275.54	1.70318e+06	0	0        0   16809.7      0      0.33748    0.457415    0
0.538693	28570	0	198.449	1.28424	0	0	0	0	0	0	0	0	0	0	-1271.69	3.08134e+06	0	0        0   30544.3      0      0.457415    0.619972    0
0.730136	52934	0	200.996	0.957779	0	0	0	0	0	0	0	0	0	0	-1289.75	5.72185e+06	0	0        0   56578.2      0      0.619972    0.8403    0
0.989614	96036	0	199.435	0.704781	0	0	0	0	0	0	0	0	0	0	-1278.96	1.03788e+07	0	0        0   102742      0      0.8403    1.13893    0
1.34131	176161	0	199.702	0.520314	0	0	0	0	0	0	0	0	0	0	-1281.41	1.90004e+07	0	0        0   188220      0      1.13893    1.54368    0
1.81798	322602	0	199.514	0.384225	0	0	0	0	0	0	0	0	0	0	-1281.5	3.48647e+07	0	0        0   344650      0      1.54368    2.09228    0
2.46406	589697	0	199.758	0.284955	0	0	0	0	0	0	0	0	0	0	-1281.24	6.36808e+07	0	0        0   630531      0      2.09228    2.83584    0
3.33975	1077114	0	199.484	0.210446	0	0	0	0	0	0	0	0	0	0	-1279.44	1.16278e+08	0	0        0   1.15175e+06      0      2.83584    3.84365    0
4.52664	1971473	0	199.995	0.156004	0	0	0	0	0	0	0	0	0	0	-1283.08	2.1286e+08	0	0        0   2.10753e+06      0      3.84365    5.20962    0
6.13533	3600277	0	199.719	0.115273	0	0	0	0	0	0	0	0	0	0	-1281.78	3.88788e+08	0	0        0   3.84742e+06      0      5.20962    7.06103    0
8.31572	6597155	0	199.741	0.0851528	0	0	0	0	0	0	0	0	0	0	-1281.99	7.12151e+08	0	0        0   7.04845e+06      0      7.06103    9.5704    0
11.271	12088825	0	199.814	0.062938	0	0	0	0	0	0	0	0	0	0	-1282.72	1.30557e+09	0	0        0   1.29153e+07      0      9.5704    12.9716    0
15.2765	22043455	0	199.793	0.0466069	0	0	0	0	0	0	0	0	0	0	-1282.74	2.38095e+09	0	0        0   2.35478e+07      0      12.9716    17.5814    0
20.7055	40254789	0	199.819	0.0344987	0	0	0	0	0	0	0	0	0	0	-1282.92	4.34818e+09	0	0        0   4.29999e+07      0      17.5814    23.8296    0
28.0639	73344870	0	199.782	0.0255547	0	0	0	0	0	0	0	0	0	0	-1283.07	7.92477e+09	0	0        0   7.83256e+07      0      23.8296    32.2982    0
38.0373	133412233	0	199.718	0.0189448	0	0	0	0	0	0	0	0	0	0	-1283.18	1.44201e+10	0	0        0   1.42416e+08      0      32.2982    43.7764    0
51.5551	242099420	0	199.683	0.0140642	0	0	0	0	0	0	0	0	0	0	-1283.39	2.61787e+10	0	0        0   2.58345e+08      0      43.7764    59.3338    0
69.8769	438078523	0	199.641	0.0104563	0	0	0	0	0	0	0	0	0	0	-1283.57	4.73992e+10	0	0        0   4.67322e+08      0      59.3338    80.42    0
94.7099	789535805	0	199.575	0.00778876	0	0	0	0	0	0	0	0	0	0	-1283.8	8.54838e+10	0	0        0   8.41835e+08      0      80.42    109    0
