# 1bin_value	2data_points	3sqrt(data_points)	4W	5W_err	6e+	7e+_err	8eX 9eX_err	10e++ 	11e++_err		12eXX	13eXX_err		14e+X	15e+X_err 	16theta          17theta_err       17num_den	18num_err 19LS_err     20wt_num     21wt_num_err  22r_low   23r_high 24sig_crit
0.117769	13785	0	200	0	0	0	0	0	0	0	0	0	0	0	0	0	0	0        0   13785      0      0.1    0.135538    0
0.159622	25881	0	200	0	0	0	0	0	0	0	0	0	0	0	0	0	0	0        0   25881      0      0.135538    0.183706    0
0.216349	47465	0	200	0	0	0	0	0	0	0	0	0	0	0	0	0	0	0        0   47465      0      0.183706    0.248992    0
0.293236	86100	0	200	0	0	0	0	0	0	0	0	0	0	0	0	0	0	0        0   86100      0      0.248992    0.33748    0
0.397447	157848	0	200	0	0	0	0	0	0	0	0	0	0	0	0	0	0	0        0   157848      0      0.33748    0.457415    0
0.538693	286738	0	200	0	0	0	0	0	0	0	0	0	0	0	0	0	0	0        0   286738      0      0.457415    0.619972    0
0.730136	523984	0	200	0	0	0	0	0	0	0	0	0	0	0	0	0	0	0        0   523984      0      0.619972    0.8403    0
0.989614	959632	0	200	0	0	0	0	0	0	0	0	0	0	0	0	0	0	0        0   959632      0      0.8403    1.13893    0
1.34131	1754920	0	200	0	0	0	0	0	0	0	0	0	0	0	0	0	0	0        0   1.75492e+06      0      1.13893    1.54368    0
1.81798	3215601	0	200	0	0	0	0	0	0	0	0	0	0	0	0	0	0	0        0   3.2156e+06      0      1.54368    2.09228    0
2.46406	5874766	0	200	0	0	0	0	0	0	0	0	0	0	0	0	0	0	0        0   5.87477e+06      0      2.09228    2.83584    0
3.33975	10746456	0	200	0	0	0	0	0	0	0	0	0	0	0	0	0	0	0        0   1.07465e+07      0      2.83584    3.84365    0
4.52664	19612445	0	200	0	0	0	0	0	0	0	0	0	0	0	0	0	0	0        0   1.96124e+07      0      3.84365    5.20962    0
6.13533	35847426	0	200	0	0	0	0	0	0	0	0	0	0	0	0	0	0	0        0   3.58474e+07      0      5.20962    7.06103    0
8.31572	65656067	0	200	0	0	0	0	0	0	0	0	0	0	0	0	0	0	0        0   6.56561e+07      0      7.06103    9.5704    0
11.271	120233990	0	200	0	0	0	0	0	0	0	0	0	0	0	0	0	0	0        0   1.20234e+08      0      9.5704    12.9716    0
15.2765	219177854	0	200	0	0	0	0	0	0	0	0	0	0	0	0	0	0	0        0   2.19178e+08      0      12.9716    17.5814    0
20.7055	400046797	0	200	0	0	0	0	0	0	0	0	0	0	0	0	0	0	0        0   4.00047e+08      0      17.5814    23.8296    0
28.0639	728509278	0	200	0	0	0	0	0	0	0	0	0	0	0	0	0	0	0        0   7.28509e+08      0      23.8296    32.2982    0
38.0373	1324274892	0	200	0	0	0	0	0	0	0	0	0	0	0	0	0	0	0        0   1.32427e+09      0      32.2982    43.7764    0
51.5551	2400945332	0	200	0	0	0	0	0	0	0	0	0	0	0	0	0	0	0        0   2.40095e+09      0      43.7764    59.3338    0
69.8769	4339691086	0	200	0	0	0	0	0	0	0	0	0	0	0	0	0	0	0        0   4.33969e+09      0      59.3338    80.42    0
94.7099	7807941229	0	200	0	0	0	0	0	0	0	0	0	0	0	0	0	0	0        0   7.80794e+09      0      80.42    109    0
