# 1bin_value	2data_points	3sqrt(data_points)	4W	5W_err	6e+	7e+_err	8eX 9eX_err	10e++ 	11e++_err		12eXX	13eXX_err		14e+X	15e+X_err 	16theta          17theta_err       17num_den	18num_err 19LS_err     20wt_num     21wt_num_err  22r_low   23r_high 24sig_crit
0.117769	13774	0	200	0	0	0	0	0	0	0	0	0	0	0	0	0	0	0        0   13774      0      0.1    0.135538    0
0.159622	25882	0	200	0	0	0	0	0	0	0	0	0	0	0	0	0	0	0        0   25882      0      0.135538    0.183706    0
0.216349	47401	0	200	0	0	0	0	0	0	0	0	0	0	0	0	0	0	0        0   47401      0      0.183706    0.248992    0
0.293236	86043	0	200	0	0	0	0	0	0	0	0	0	0	0	0	0	0	0        0   86043      0      0.248992    0.33748    0
0.397447	157777	0	200	0	0	0	0	0	0	0	0	0	0	0	0	0	0	0        0   157777      0      0.33748    0.457415    0
0.538693	286624	0	200	0	0	0	0	0	0	0	0	0	0	0	0	0	0	0        0   286624      0      0.457415    0.619972    0
0.730136	523998	0	200	0	0	0	0	0	0	0	0	0	0	0	0	0	0	0        0   523998      0      0.619972    0.8403    0
0.989614	959315	0	200	0	0	0	0	0	0	0	0	0	0	0	0	0	0	0        0   959315      0      0.8403    1.13893    0
1.34131	1754694	0	200	0	0	0	0	0	0	0	0	0	0	0	0	0	0	0        0   1.75469e+06      0      1.13893    1.54368    0
1.81798	3215951	0	200	0	0	0	0	0	0	0	0	0	0	0	0	0	0	0        0   3.21595e+06      0      1.54368    2.09228    0
2.46406	5875058	0	200	0	0	0	0	0	0	0	0	0	0	0	0	0	0	0        0   5.87506e+06      0      2.09228    2.83584    0
3.33975	10747300	0	200	0	0	0	0	0	0	0	0	0	0	0	0	0	0	0        0   1.07473e+07      0      2.83584    3.84365    0
4.52664	19612538	0	200	0	0	0	0	0	0	0	0	0	0	0	0	0	0	0        0   1.96125e+07      0      3.84365    5.20962    0
6.13533	35849123	0	200	0	0	0	0	0	0	0	0	0	0	0	0	0	0	0        0   3.58491e+07      0      5.20962    7.06103    0
8.31572	65664382	0	200	0	0	0	0	0	0	0	0	0	0	0	0	0	0	0        0   6.56644e+07      0      7.06103    9.5704    0
11.271	120245447	0	200	0	0	0	0	0	0	0	0	0	0	0	0	0	0	0        0   1.20245e+08      0      9.5704    12.9716    0
15.2765	219203002	0	200	0	0	0	0	0	0	0	0	0	0	0	0	0	0	0        0   2.19203e+08      0      12.9716    17.5814    0
20.7055	400110641	0	200	0	0	0	0	0	0	0	0	0	0	0	0	0	0	0        0   4.00111e+08      0      17.5814    23.8296    0
28.0639	728626158	0	200	0	0	0	0	0	0	0	0	0	0	0	0	0	0	0        0   7.28626e+08      0      23.8296    32.2982    0
38.0373	1324508776	0	200	0	0	0	0	0	0	0	0	0	0	0	0	0	0	0        0   1.32451e+09      0      32.2982    43.7764    0
51.5551	2401395971	0	200	0	0	0	0	0	0	0	0	0	0	0	0	0	0	0        0   2.4014e+09      0      43.7764    59.3338    0
69.8769	4340503907	0	200	0	0	0	0	0	0	0	0	0	0	0	0	0	0	0        0   4.3405e+09      0      59.3338    80.42    0
94.7099	7811064525	0	200	0	0	0	0	0	0	0	0	0	0	0	0	0	0	0        0   7.81106e+09      0      80.42    109    0
