# 1bin_value	2data_points	3sqrt(data_points)	4W	5W_err	6e+	7e+_err	8eX 9eX_err	10e++ 	11e++_err		12eXX	13eXX_err		14e+X	15e+X_err 	16theta          17theta_err       17num_den	18num_err 19LS_err     20wt_num     21wt_num_err  22r_low   23r_high 24sig_crit
0.117769	1396	0	203.587	6.0229	0	0	0	0	0	0	0	0	0	0	-1304.31	153214	0	0        0   1497.16      0      0.1    0.135538    0
0.159622	2607	0	200.945	4.35624	0	0	0	0	0	0	0	0	0	0	-1299.09	286535	0	0        0   2778.03      0      0.135538    0.183706    0
0.216349	4667	0	197.835	3.1898	0	0	0	0	0	0	0	0	0	0	-1262.59	505863	0	0        0   5018.01      0      0.183706    0.248992    0
0.293236	8605	0	200.234	2.35532	0	0	0	0	0	0	0	0	0	0	-1279.18	928251	0	0        0   9229.69      0      0.248992    0.33748    0
0.397447	15725	0	198.695	1.73376	0	0	0	0	0	0	0	0	0	0	-1277.5	1.70318e+06	0	0        0   16781.2      0      0.33748    0.457415    0
0.538693	28516	0	198.904	1.28994	0	0	0	0	0	0	0	0	0	0	-1274.81	3.08134e+06	0	0        0   30483.7      0      0.457415    0.619972    0
0.730136	52859	0	201.473	0.961437	0	0	0	0	0	0	0	0	0	0	-1292.62	5.72185e+06	0	0        0   56508.2      0      0.619972    0.8403    0
0.989614	95827	0	199.685	0.707347	0	0	0	0	0	0	0	0	0	0	-1280.69	1.03788e+07	0	0        0   102512      0      0.8403    1.13893    0
1.34131	175648	0	199.802	0.522124	0	0	0	0	0	0	0	0	0	0	-1282.04	1.90004e+07	0	0        0   187673      0      1.13893    1.54368    0
1.81798	321821	0	199.746	0.385609	0	0	0	0	0	0	0	0	0	0	-1282.94	3.48647e+07	0	0        0   343839      0      1.54368    2.09228    0
2.46406	588270	0	199.96	0.285952	0	0	0	0	0	0	0	0	0	0	-1282.52	6.36808e+07	0	0        0   629026      0      2.09228    2.83584    0
3.33975	1074411	0	199.674	0.211194	0	0	0	0	0	0	0	0	0	0	-1280.68	1.16278e+08	0	0        0   1.14886e+06      0      2.83584    3.84365    0
4.52664	1966676	0	200.209	0.156568	0	0	0	0	0	0	0	0	0	0	-1284.52	2.1286e+08	0	0        0   2.10235e+06      0      3.84365    5.20962    0
6.13533	3591621	0	199.949	0.115694	0	0	0	0	0	0	0	0	0	0	-1283.25	3.88788e+08	0	0        0   3.8382e+06      0      5.20962    7.06103    0
8.31572	6580240	0	199.934	0.0854611	0	0	0	0	0	0	0	0	0	0	-1283.23	7.12151e+08	0	0        0   7.03038e+06      0      7.06103    9.5704    0
11.271	12057594	0	200.024	0.0631725	0	0	0	0	0	0	0	0	0	0	-1284.07	1.30557e+09	0	0        0   1.28821e+07      0      9.5704    12.9716    0
15.2765	21985243	0	200.007	0.0467851	0	0	0	0	0	0	0	0	0	0	-1284.12	2.38095e+09	0	0        0   2.34854e+07      0      12.9716    17.5814    0
20.7055	40143155	0	200.026	0.0346336	0	0	0	0	0	0	0	0	0	0	-1284.25	4.34818e+09	0	0        0   4.28808e+07      0      17.5814    23.8296    0
28.0639	73135112	0	199.994	0.0256578	0	0	0	0	0	0	0	0	0	0	-1284.44	7.92477e+09	0	0        0   7.81008e+07      0      23.8296    32.2982    0
38.0373	133030896	0	199.953	0.0190232	0	0	0	0	0	0	0	0	0	0	-1284.67	1.44201e+10	0	0        0   1.42011e+08      0      32.2982    43.7764    0
51.5551	241402540	0	199.923	0.014123	0	0	0	0	0	0	0	0	0	0	-1284.91	2.61787e+10	0	0        0   2.57605e+08      0      43.7764    59.3338    0
69.8769	436796041	0	199.891	0.0105012	0	0	0	0	0	0	0	0	0	0	-1285.15	4.73992e+10	0	0        0   4.6596e+08      0      59.3338    80.42    0
94.7099	787146535	0	199.864	0.00782443	0	0	0	0	0	0	0	0	0	0	-1285.59	8.54838e+10	0	0        0   8.39317e+08      0      80.42    109    0
