# 1bin_value	2data_points	3sqrt(data_points)	4W	5W_err	6e+	7e+_err	8eX 9eX_err	10e++ 	11e++_err		12eXX	13eXX_err		14e+X	15e+X_err 	16theta          17theta_err       17num_den	18num_err 19LS_err     20wt_num     21wt_num_err  22r_low   23r_high 24sig_crit
0.117769	13807	0	200	0	0	0	0	0	0	0	0	0	0	0	0	0	0	0        0   13807      0      0.1    0.135538    0
0.159622	25886	0	200	0	0	0	0	0	0	0	0	0	0	0	0	0	0	0        0   25886      0      0.135538    0.183706    0
0.216349	47423	0	200	0	0	0	0	0	0	0	0	0	0	0	0	0	0	0        0   47423      0      0.183706    0.248992    0
0.293236	86215	0	200	0	0	0	0	0	0	0	0	0	0	0	0	0	0	0        0   86215      0      0.248992    0.33748    0
0.397447	157922	0	200	0	0	0	0	0	0	0	0	0	0	0	0	0	0	0        0   157922      0      0.33748    0.457415    0
0.538693	286945	0	200	0	0	0	0	0	0	0	0	0	0	0	0	0	0	0        0   286945      0      0.457415    0.619972    0
0.730136	524651	0	200	0	0	0	0	0	0	0	0	0	0	0	0	0	0	0        0   524651      0      0.619972    0.8403    0
0.989614	960761	0	200	0	0	0	0	0	0	0	0	0	0	0	0	0	0	0        0   960761      0      0.8403    1.13893    0
1.34131	1756856	0	200	0	0	0	0	0	0	0	0	0	0	0	0	0	0	0        0   1.75686e+06      0      1.13893    1.54368    0
1.81798	3219716	0	200	0	0	0	0	0	0	0	0	0	0	0	0	0	0	0        0   3.21972e+06      0      1.54368    2.09228    0
2.46406	5882398	0	200	0	0	0	0	0	0	0	0	0	0	0	0	0	0	0        0   5.8824e+06      0      2.09228    2.83584    0
3.33975	10760885	0	200	0	0	0	0	0	0	0	0	0	0	0	0	0	0	0        0   1.07609e+07      0      2.83584    3.84365    0
4.52664	19638801	0	200	0	0	0	0	0	0	0	0	0	0	0	0	0	0	0        0   1.96388e+07      0      3.84365    5.20962    0
6.13533	35901940	0	200	0	0	0	0	0	0	0	0	0	0	0	0	0	0	0        0   3.59019e+07      0      5.20962    7.06103    0
8.31572	65766212	0	200	0	0	0	0	0	0	0	0	0	0	0	0	0	0	0        0   6.57662e+07      0      7.06103    9.5704    0
11.271	120454564	0	200	0	0	0	0	0	0	0	0	0	0	0	0	0	0	0        0   1.20455e+08      0      9.5704    12.9716    0
15.2765	219639895	0	200	0	0	0	0	0	0	0	0	0	0	0	0	0	0	0        0   2.1964e+08      0      12.9716    17.5814    0
20.7055	401033914	0	200	0	0	0	0	0	0	0	0	0	0	0	0	0	0	0        0   4.01034e+08      0      17.5814    23.8296    0
28.0639	730676349	0	200	0	0	0	0	0	0	0	0	0	0	0	0	0	0	0        0   7.30676e+08      0      23.8296    32.2982    0
38.0373	1329130458	0	200	0	0	0	0	0	0	0	0	0	0	0	0	0	0	0        0   1.32913e+09      0      32.2982    43.7764    0
51.5551	2411972292	0	200	0	0	0	0	0	0	0	0	0	0	0	0	0	0	0        0   2.41197e+09      0      43.7764    59.3338    0
69.8769	4365028932	0	200	0	0	0	0	0	0	0	0	0	0	0	0	0	0	0        0   4.36503e+09      0      59.3338    80.42    0
94.7099	7867729744	0	200	0	0	0	0	0	0	0	0	0	0	0	0	0	0	0        0   7.86773e+09      0      80.42    109    0
