# 1bin_value	2data_points	3sqrt(data_points)	4W	5W_err	6e+	7e+_err	8eX 9eX_err	10e++ 	11e++_err		12eXX	13eXX_err		14e+X	15e+X_err 	16theta          17theta_err       17num_den	18num_err 19LS_err     20wt_num     21wt_num_err  22r_low   23r_high 24sig_crit
0.117769	798	23.5749	858.602	45.6452	27.2097	6.17343	7.45259	5.40047	0	0	0	0	0	0	-5592.24	150.391	0	23.5749        0   0      0      0.1    0.135538    0
0.159622	1038	inf	563.953	27.9527	8.74718	3.68986	1.89697	3.58585	0	0	0	0	0	0	-3602.65	77.631	0	inf        0   0      0      0.135538    0.183706    0
0.216349	1463	12.1427	383.301	17.367	8.59937	2.40049	-0.197884	2.20351	0	0	0	0	0	0	-2395.44	42.8119	0	12.1427        0   0      0      0.183706    0.248992    0
0.293236	2224	9.0898	290.358	11.9473	6.23851	1.65868	-3.25835	1.61272	0	0	0	0	0	0	-1827.95	27.3887	0	9.0898        0   0      0      0.248992    0.33748    0
0.397447	3965	5.74202	284.614	8.77495	4.88064	1.2181	0.77558	1.17767	0	0	0	0	0	0	-1718.44	18.4208	0	5.74202        0   0      0      0.33748    0.457415    0
0.538693	7726	3.60853	326.661	6.84743	5.99603	0.986939	-0.292641	0.959831	0	0	0	0	0	0	-1964.85	13.5139	0	3.60853        0   0      0      0.457415    0.619972    0
0.730136	11370	2.71496	221.975	4.50979	4.08054	0.656696	-0.0262423	0.639054	0	0	0	0	0	0	-1320.33	7.74914	0	2.71496        0   0      0      0.619972    0.8403    0
0.989614	17913	1.98773	165.1	3.08738	1.84818	0.448912	-0.424641	0.450002	0	0	0	0	0	0	-951.724	4.82771	0	1.98773        0   0      0      0.8403    1.13893    0
1.34131	29316	1.48078	124.778	2.15789	1.61113	0.314828	0.480874	0.311314	0	0	0	0	0	0	-707.03	3.1723	0	1.48078        0   0      0      1.13893    1.54368    0
1.81798	49194	1.10571	97.3192	1.52124	1.01963	0.220734	-0.174748	0.218681	0	0	0	0	0	0	-541.917	2.15121	0	1.10571        0   0      0      1.54368    2.09228    0
2.46406	84304	0.818704	79.2795	1.09901	0.788693	0.159339	0.0539217	0.160069	0	0	0	0	0	0	-421.797	1.51988	0	0.818704        0   0      0      2.09228    2.83584    0
3.33975	145910	0.605902	65.0892	0.792559	0.512667	0.115289	-0.0764668	0.11446	0	0	0	0	0	0	-331.604	1.06029	0	0.605902        0   0      0      2.83584    3.84365    0
4.52664	250696	0.450709	49.2458	0.573328	0.555366	0.0832758	0.0790863	0.083253	0	0	0	0	0	0	-230.881	0.756108	0	0.450709        0   0      0      3.84365    5.20962    0
6.13533	439548	0.333556	39.4374	0.416183	0.286501	0.0601662	-0.0341866	0.0602042	0	0	0	0	0	0	-168.182	0.539504	0	0.333556        0   0      0      5.20962    7.06103    0
8.31572	772152	0.247616	29.2764	0.301462	0.353727	0.0436123	-0.0952412	0.0435809	0	0	0	0	0	0	-105.492	0.388983	0	0.247616        0   0      0      7.06103    9.5704    0
11.271	1367048	0.183811	21.6173	0.219836	0.159146	0.0318726	-0.0390746	0.0318009	0	0	0	0	0	0	-56.9702	0.28182	0	0.183811        0   0      0      9.5704    12.9716    0
15.2765	2416056	0.136987	14.6235	0.160705	0.191622	0.0232662	0.0389678	0.0232555	0	0	0	0	0	0	-12.4517	0.205409	0	0.136987        0   0      0      12.9716    17.5814    0
20.7055	4317016	0.101869	9.97257	0.117989	0.14435	0.0170634	0.0204824	0.0170448	0	0	0	0	0	0	17.6566	0.150883	0	0.101869        0   0      0      17.5814    23.8296    0
28.0639	7713104	0.0759156	5.86366	0.0867867	0.162661	0.0125351	-0.00034054	0.0125441	0	0	0	0	0	0	44.6003	0.111261	0	0.0759156        0   0      0      23.8296    32.2982    0
38.0373	13866482	0.056505	3.23905	0.0640585	0.106094	0.00925357	0.00881398	0.00925066	0	0	0	0	0	0	61.4304	0.0825484	0	0.056505        0   0      0      32.2982    43.7764    0
51.5551	24936909	0.0420871	1.3182	0.0474119	0.0830591	0.00684205	-0.00993081	0.0068421	0	0	0	0	0	0	74.2101	0.0614361	0	0.0420871        0   0      0      43.7764    59.3338    0
69.8769	45022859	0.0313099	0.844954	0.0352462	0.042527	0.00508885	-0.00245449	0.00508695	0	0	0	0	0	0	78.0636	0.04586	0	0.0313099        0   0      0      59.3338    80.42    0
94.7099	81069364	0.0233287	0.315319	0.0262517	0.0114424	0.00378781	0.00390929	0.00378696	0	0	0	0	0	0	81.2258	0.0343545	0	0.0233287        0   0      0      80.42    109    0
