# 1bin_value	2data_points	3sqrt(data_points)	4W	5W_err	6e+	7e+_err	8eX 9eX_err	10e++ 	11e++_err		12eXX	13eXX_err		14e+X	15e+X_err 	16theta          17theta_err       17num_den	18num_err 19LS_err     20wt_num     21wt_num_err  22r_low   23r_high 24sig_crit
0.117769	803	0	1077.02	45.0035	28.0102	6.11078	6.46843	5.33697	0	0	0	0	0	0	-54977.9	150.211	0	0        0   838.394      0      0.1    0.135538    0
0.159622	1036	0	770.178	27.5073	8.10281	3.67298	1.82522	3.56597	0	0	0	0	0	0	-70609.7	78.1732	0	0        0   1097.07      0      0.135538    0.183706    0
0.216349	1454	0	578.6	16.8382	8.97592	2.3694	-0.635274	2.16606	0	0	0	0	0	0	-99683.2	42.8051	0	0        0   1536.14      0      0.183706    0.248992    0
0.293236	2215	0	491.749	11.509	6.76547	1.62753	-2.79457	1.58213	0	0	0	0	0	0	-152799	27.1786	0	0        0   2335.42      0      0.248992    0.33748    0
0.397447	3965	0	485.735	8.46785	4.99287	1.19719	0.956662	1.15638	0	0	0	0	0	0	-271093	18.1558	0	0        0   4233.98      0      0.33748    0.457415    0
0.538693	7695	0	529.232	6.63238	5.89078	0.97384	-0.326495	0.945736	0	0	0	0	0	0	-528446	13.4872	0	0        0   8316.52      0      0.457415    0.619972    0
0.730136	11331	0	424.403	4.32432	3.88427	0.645228	-0.0489933	0.627142	0	0	0	0	0	0	-778350	7.58993	0	0        0   12215.2      0      0.619972    0.8403    0
0.989614	17870	0	366.193	2.94008	1.90339	0.439713	-0.577431	0.440774	0	0	0	0	0	0	-1.22331e+06	4.66239	0	0        0   19183.5      0      0.8403    1.13893    0
1.34131	29218	0	326.233	2.03899	1.57833	0.307105	0.528571	0.303537	0	0	0	0	0	0	-2.00575e+06	3.03917	0	0        0   31258.5      0      1.13893    1.54368    0
1.81798	48962	0	297.628	1.42915	1.0215	0.214769	-0.201152	0.212645	0	0	0	0	0	0	-3.35775e+06	2.06604	0	0        0   52063.2      0      1.54368    2.09228    0
2.46406	84135	0	281.026	1.02857	0.858594	0.154757	0.112575	0.155512	0	0	0	0	0	0	-5.76702e+06	1.40935	0	0        0   89651.6      0      2.09228    2.83584    0
3.33975	145421	0	265.858	0.738991	0.541854	0.111822	-0.0768057	0.110952	0	0	0	0	0	0	-9.97363e+06	0.986067	0	0        0   154796      0      2.83584    3.84365    0
4.52664	250074	0	251.432	0.532541	0.556876	0.0806298	0.120452	0.0806086	0	0	0	0	0	0	-1.71492e+07	0.691025	0	0        0   266526      0      3.84365    5.20962    0
6.13533	438080	0	241.135	0.38539	0.288363	0.0581506	-0.00556912	0.0581936	0	0	0	0	0	0	-3.00445e+07	0.49297	0	0        0   466277      0      5.20962    7.06103    0
8.31572	769566	0	231.235	0.278179	0.372176	0.0420911	-0.089479	0.0420578	0	0	0	0	0	0	-5.27806e+07	0.353297	0	0        0   817724      0      7.06103    9.5704    0
11.271	1362349	0	223.764	0.202354	0.17085	0.0307321	-0.0388319	0.0306582	0	0	0	0	0	0	-9.34448e+07	0.254893	0	0        0   1.44701e+06      0      9.5704    12.9716    0
15.2765	2407777	0	217.092	0.147565	0.182941	0.0224079	0.0345351	0.0223961	0	0	0	0	0	0	-1.65147e+08	0.184809	0	0        0   2.55621e+06      0      12.9716    17.5814    0
20.7055	4301286	0	212.689	0.108181	0.137964	0.0164229	0.0314022	0.0164033	0	0	0	0	0	0	-2.95005e+08	0.135585	0	0        0   4.56638e+06      0      17.5814    23.8296    0
28.0639	7685066	0	208.832	0.0794756	0.169645	0.012058	-0.00303142	0.0120679	0	0	0	0	0	0	-5.27078e+08	0.0997515	0	0        0   8.15868e+06      0      23.8296    32.2982    0
38.0373	13813032	0	206.491	0.0586245	0.11801	0.00890043	0.00581991	0.00889744	0	0	0	0	0	0	-9.47459e+08	0.0741074	0	0        0   1.46577e+07      0      32.2982    43.7764    0
51.5551	24828381	0	204.757	0.0433798	0.0962772	0.00658125	-0.0106976	0.00658143	0	0	0	0	0	0	-1.70308e+09	0.0554957	0	0        0   2.63481e+07      0      43.7764    59.3338    0
69.8769	44799936	0	204.411	0.0322675	0.0575747	0.00489806	-0.0178739	0.00489614	0	0	0	0	0	0	-3.07257e+09	0.0417557	0	0        0   4.75517e+07      0      59.3338    80.42    0
94.7099	80613177	0	204.234	0.0240485	0.0255886	0.00364814	-0.0135492	0.00364727	0	0	0	0	0	0	-5.52989e+09	0.0315655	0	0        0   8.55318e+07      0      80.42    109    0
