# 1bin_value	2data_points	3sqrt(data_points)	4W	5W_err	6e+	7e+_err	8eX 9eX_err	10e++ 	11e++_err		12eXX	13eXX_err		14e+X	15e+X_err 	16theta          17theta_err       17num_den	18num_err 19LS_err     20wt_num     21wt_num_err  22r_low   23r_high 24sig_crit
0.117769	807	23.5427	875.017	45.8559	29.0559	6.16874	6.94571	5.41026	0	0	0	0	0	0	-5692.31	150.375	0	23.5427        0   0      0      0.1    0.135538    0
0.159622	1037	inf	563.636	28.0539	8.52777	3.70168	2.24373	3.60022	0	0	0	0	0	0	-3617.14	78.1546	0	inf        0   0      0      0.135538    0.183706    0
0.216349	1461	12.0531	383.857	17.4303	8.62827	2.41311	0.156734	2.2128	0	0	0	0	0	0	-2403.03	43.2694	0	12.0531        0   0      0      0.183706    0.248992    0
0.293236	2222	9.13386	291.686	11.9941	6.43117	1.66432	-3.20611	1.61782	0	0	0	0	0	0	-1835.62	27.8275	0	9.13386        0   0      0      0.248992    0.33748    0
0.397447	3964	5.74954	285.435	8.80225	5.00371	1.22138	0.851461	1.18114	0	0	0	0	0	0	-1724.53	18.5993	0	5.74954        0   0      0      0.33748    0.457415    0
0.538693	7700	3.6151	326.109	6.86513	6.08196	0.989365	-0.423546	0.962391	0	0	0	0	0	0	-1962.33	13.7517	0	3.6151        0   0      0      0.457415    0.619972    0
0.730136	11337	2.71514	221.826	4.52369	3.89453	0.658805	-0.181082	0.64102	0	0	0	0	0	0	-1320.88	7.91018	0	2.71514        0   0      0      0.619972    0.8403    0
0.989614	17882	1.98969	165.603	3.09839	1.87533	0.450472	-0.406807	0.45159	0	0	0	0	0	0	-957.069	4.90227	0	1.98969        0   0      0      0.8403    1.13893    0
1.34131	29190	1.48446	124.087	2.16354	1.6474	0.315671	0.45374	0.312133	0	0	0	0	0	0	-704.041	3.29324	0	1.48446        0   0      0      1.13893    1.54368    0
1.81798	48999	1.10773	96.8768	1.52568	1.05489	0.221387	-0.159374	0.219326	0	0	0	0	0	0	-540.566	2.22775	0	1.10773        0   0      0      1.54368    2.09228    0
2.46406	84077	0.819744	79.2627	1.1023	0.811029	0.15982	0.0746355	0.16055	0	0	0	0	0	0	-423.795	1.5588	0	0.819744        0   0      0      2.09228    2.83584    0
3.33975	145441	0.606707	64.9166	0.7948	0.543447	0.115617	-0.0640706	0.114786	0	0	0	0	0	0	-331.828	1.09529	0	0.606707        0   0      0      2.83584    3.84365    0
4.52664	250127	0.45135	49.3194	0.575007	0.55613	0.0835188	0.0729397	0.0834961	0	0	0	0	0	0	-232.925	0.776624	0	0.45135        0   0      0      3.84365    5.20962    0
6.13533	438393	0.33403	39.3389	0.417411	0.285784	0.0603443	-0.0329184	0.0603819	0	0	0	0	0	0	-169.412	0.556183	0	0.33403        0   0      0      5.20962    7.06103    0
8.31572	770122	0.24795	29.2502	0.302368	0.349167	0.0437437	-0.102862	0.0437121	0	0	0	0	0	0	-106.993	0.400913	0	0.24795        0   0      0      7.06103    9.5704    0
11.271	1363178	0.184077	21.5481	0.220501	0.161029	0.0319692	-0.0346773	0.0318972	0	0	0	0	0	0	-58.1731	0.291254	0	0.184077        0   0      0      9.5704    12.9716    0
15.2765	2409045	0.137193	14.6013	0.161207	0.193363	0.023339	0.0461011	0.0233282	0	0	0	0	0	0	-13.71	0.212606	0	0.137193        0   0      0      12.9716    17.5814    0
20.7055	4304027	0.102026	9.94907	0.118369	0.144353	0.0171185	0.0214236	0.0170998	0	0	0	0	0	0	16.4	0.156279	0	0.102026        0   0      0      17.5814    23.8296    0
28.0639	7689751	0.0760346	5.85037	0.0870823	0.167784	0.0125778	-0.00101048	0.0125869	0	0	0	0	0	0	43.1784	0.115319	0	0.0760346        0   0      0      23.8296    32.2982    0
38.0373	13825999	0.0565913	3.2589	0.0642906	0.105143	0.00928708	0.00804181	0.00928415	0	0	0	0	0	0	59.5707	0.0854557	0	0.0565913        0   0      0      32.2982    43.7764    0
51.5551	24855618	0.0421583	1.3126	0.0475966	0.0827846	0.00686869	-0.00815057	0.00686875	0	0	0	0	0	0	72.4446	0.0638135	0	0.0421583        0   0      0      43.7764    59.3338    0
69.8769	44850096	0.0313716	0.836637	0.0353975	0.0427575	0.00511069	-0.00269007	0.00510878	0	0	0	0	0	0	76.3048	0.0478991	0	0.0313716        0   0      0      59.3338    80.42    0
94.7099	80687855	0.0233852	0.335025	0.0263769	0.00907371	0.0038059	0.00223056	0.00380504	0	0	0	0	0	0	79.3264	0.0361668	0	0.0233852        0   0      0      80.42    109    0
