# 1bin_value	2data_points	3sqrt(data_points)	4W	5W_err	6e+	7e+_err	8eX 9eX_err	10e++ 	11e++_err		12eXX	13eXX_err		14e+X	15e+X_err 	16theta          17theta_err       17num_den	18num_err 19LS_err     20wt_num     21wt_num_err  22r_low   23r_high 24sig_crit
0.117769	1434	0	207.61	5.7942	-0.0410899	0.844029	-0.839764	0.827617	0	0	0	0	0	0	-98542.3	13.5921	0	0        0   1434      0      0.1    0.135538    0
0.159622	2644	0	203.533	4.16632	-0.0114915	0.587621	-0.0745855	0.601058	0	0	0	0	0	0	-181626	9.56045	0	0        0   2644      0      0.135538    0.183706    0
0.216349	4750	0	199.835	3.05291	-0.133348	0.433236	-0.446979	0.442398	0	0	0	0	0	0	-326931	7.03896	0	0        0   4750      0      0.183706    0.248992    0
0.293236	8778	0	203.085	2.28483	0.327773	0.335992	0.284962	0.328841	0	0	0	0	0	0	-602878	5.30733	0	0        0   8778      0      0.248992    0.33748    0
0.397447	16022	0	202.441	1.68461	-0.0389521	0.243187	0.0184895	0.243029	0	0	0	0	0	0	-1.10001e+06	3.88478	0	0        0   16022      0      0.33748    0.457415    0
0.538693	29431	0	204.783	1.25864	-0.0345672	0.182188	0.135387	0.183015	0	0	0	0	0	0	-2.01748e+06	2.92061	0	0        0   29431      0      0.457415    0.619972    0
0.730136	53187	0	202.239	0.923681	-0.0104653	0.134432	0.115723	0.134027	0	0	0	0	0	0	-3.65219e+06	2.13041	0	0        0   53187      0      0.619972    0.8403    0
0.989614	97099	0	201.683	0.681829	0.0585684	0.0990352	-0.160112	0.0993903	0	0	0	0	0	0	-6.66032e+06	1.57378	0	0        0   97099      0      0.8403    1.13893    0
1.34131	178565	0	202.809	0.505645	-0.0179553	0.0737185	0.0768956	0.0734457	0	0	0	0	0	0	-1.22477e+07	1.167	0	0        0   178565      0      1.13893    1.54368    0
1.81798	325832	0	201.928	0.372632	-0.0197349	0.0541588	-0.00853891	0.0541933	0	0	0	0	0	0	-2.23429e+07	0.858874	0	0        0   325832      0      1.54368    2.09228    0
2.46406	596480	0	202.32	0.275997	0.0823776	0.0400932	0.0702843	0.0401141	0	0	0	0	0	0	-4.09132e+07	0.637192	0	0        0   596480      0      2.09228    2.83584    0
3.33975	1089319	0	201.994	0.203894	0.0303931	0.0296032	0.00518503	0.0296298	0	0	0	0	0	0	-7.4721e+07	0.470605	0	0        0   1.08932e+06      0      2.83584    3.84365    0
4.52664	1994144	0	202.611	0.151177	0.0183507	0.0219509	0.0258916	0.0219409	0	0	0	0	0	0	-1.36777e+08	0.349197	0	0        0   1.99414e+06      0      3.84365    5.20962    0
6.13533	3646132	0	202.634	0.111814	0.00963677	0.0162472	0.0229849	0.0162339	0	0	0	0	0	0	-2.50049e+08	0.258286	0	0        0   3.64613e+06      0      5.20962    7.06103    0
8.31572	6686839	0	202.869	0.0826672	0.00898113	0.0119984	0.00708517	0.0120008	0	0	0	0	0	0	-4.58521e+08	0.191037	0	0        0   6.68684e+06      0      7.06103    9.5704    0
11.271	12256324	0	203.011	0.0611056	0.0184305	0.00887313	-0.00403939	0.00886906	0	0	0	0	0	0	-8.40603e+08	0.141281	0	0        0   1.22563e+07      0      9.5704    12.9716    0
15.2765	22379600	0	203.301	0.0452906	-0.00864722	0.00657461	-0.00766604	0.00657634	0	0	0	0	0	0	-1.5348e+09	0.104796	0	0        0   2.23796e+07      0      12.9716    17.5814    0
20.7055	40910493	0	203.55	0.0335425	-0.00226278	0.00486895	0.00761029	0.00486915	0	0	0	0	0	0	-2.80572e+09	0.0776821	0	0        0   4.09105e+07      0      17.5814    23.8296    0
28.0639	74628905	0	203.809	0.0248696	0.00182512	0.00360987	-0.000183941	0.00360859	0	0	0	0	0	0	-5.11824e+09	0.057648	0	0        0   7.46289e+07      0      23.8296    32.2982    0
38.0373	135979234	0	204.157	0.0184586	0.0101246	0.00267873	-0.00102548	0.00267853	0	0	0	0	0	0	-9.32605e+09	0.0428428	0	0        0   1.35979e+08      0      32.2982    43.7764    0
51.5551	247078858	0	204.436	0.013715	0.0071653	0.0019897	-0.00080231	0.00198932	0	0	0	0	0	0	-1.69452e+10	0.0318762	0	0        0   2.47079e+08      0      43.7764    59.3338    0
69.8769	447528005	0	204.622	0.0102018	0.0110013	0.00147975	-0.0147367	0.00147952	0	0	0	0	0	0	-3.06924e+10	0.0237418	0	0        0   4.47528e+08      0      59.3338    80.42    0
94.7099	808134068	0	205.005	0.0076076	0.0114105	0.00110314	-0.01453	0.00110302	0	0	0	0	0	0	-5.54248e+10	0.0177321	0	0        0   8.08134e+08      0      80.42    109    0
