# 1bin_value	2data_points	3sqrt(data_points)	4W	5W_err	6e+	7e+_err	8eX 9eX_err	10e++ 	11e++_err		12eXX	13eXX_err		14e+X	15e+X_err 	16theta          17theta_err       17num_den	18num_err 19LS_err     20wt_num     21wt_num_err  22r_low   23r_high 24sig_crit
0.117769	13777	0	200	0	0	0	0	0	0	0	0	0	0	0	0	0	0	0        0   13777      0      0.1    0.135538    0
0.159622	25905	0	200	0	0	0	0	0	0	0	0	0	0	0	0	0	0	0        0   25905      0      0.135538    0.183706    0
0.216349	47419	0	200	0	0	0	0	0	0	0	0	0	0	0	0	0	0	0        0   47419      0      0.183706    0.248992    0
0.293236	86092	0	200	0	0	0	0	0	0	0	0	0	0	0	0	0	0	0        0   86092      0      0.248992    0.33748    0
0.397447	157734	0	200	0	0	0	0	0	0	0	0	0	0	0	0	0	0	0        0   157734      0      0.33748    0.457415    0
0.538693	286680	0	200	0	0	0	0	0	0	0	0	0	0	0	0	0	0	0        0   286680      0      0.457415    0.619972    0
0.730136	523938	0	200	0	0	0	0	0	0	0	0	0	0	0	0	0	0	0        0   523938      0      0.619972    0.8403    0
0.989614	959430	0	200	0	0	0	0	0	0	0	0	0	0	0	0	0	0	0        0   959430      0      0.8403    1.13893    0
1.34131	1754539	0	200	0	0	0	0	0	0	0	0	0	0	0	0	0	0	0        0   1.75454e+06      0      1.13893    1.54368    0
1.81798	3215261	0	200	0	0	0	0	0	0	0	0	0	0	0	0	0	0	0        0   3.21526e+06      0      1.54368    2.09228    0
2.46406	5874766	0	200	0	0	0	0	0	0	0	0	0	0	0	0	0	0	0        0   5.87477e+06      0      2.09228    2.83584    0
3.33975	10746517	0	200	0	0	0	0	0	0	0	0	0	0	0	0	0	0	0        0   1.07465e+07      0      2.83584    3.84365    0
4.52664	19611825	0	200	0	0	0	0	0	0	0	0	0	0	0	0	0	0	0        0   1.96118e+07      0      3.84365    5.20962    0
6.13533	35848907	0	200	0	0	0	0	0	0	0	0	0	0	0	0	0	0	0        0   3.58489e+07      0      5.20962    7.06103    0
8.31572	65663148	0	200	0	0	0	0	0	0	0	0	0	0	0	0	0	0	0        0   6.56631e+07      0      7.06103    9.5704    0
11.271	120251443	0	200	0	0	0	0	0	0	0	0	0	0	0	0	0	0	0        0   1.20251e+08      0      9.5704    12.9716    0
15.2765	219233775	0	200	0	0	0	0	0	0	0	0	0	0	0	0	0	0	0        0   2.19234e+08      0      12.9716    17.5814    0
20.7055	400194087	0	200	0	0	0	0	0	0	0	0	0	0	0	0	0	0	0        0   4.00194e+08      0      17.5814    23.8296    0
28.0639	728900172	0	200	0	0	0	0	0	0	0	0	0	0	0	0	0	0	0        0   7.289e+08      0      23.8296    32.2982    0
38.0373	1325235433	0	200	0	0	0	0	0	0	0	0	0	0	0	0	0	0	0        0   1.32524e+09      0      32.2982    43.7764    0
51.5551	2403256457	0	200	0	0	0	0	0	0	0	0	0	0	0	0	0	0	0        0   2.40326e+09      0      43.7764    59.3338    0
69.8769	4345090741	0	200	0	0	0	0	0	0	0	0	0	0	0	0	0	0	0        0   4.34509e+09      0      59.3338    80.42    0
94.7099	7820378651	0	200	0	0	0	0	0	0	0	0	0	0	0	0	0	0	0        0   7.82038e+09      0      80.42    109    0
