# 1bin_value	2data_points	3sqrt(data_points)	4W	5W_err	6e+	7e+_err	8eX 9eX_err	10e++ 	11e++_err		12eXX	13eXX_err		14e+X	15e+X_err 	16theta          17theta_err       17num_den	18num_err 19LS_err     20wt_num     21wt_num_err  22r_low   23r_high 24sig_crit
0.117769	1428	0	207.522	5.81575	-0.182298	0.847406	-0.617211	0.830681	0	0	0	0	0	0	-98089.5	13.901	0	0        0   1428      0      0.1    0.135538    0
0.159622	2611	0	201.55	4.17441	-0.0826837	0.58945	0.023567	0.602664	0	0	0	0	0	0	-179334	10.0022	0	0        0   2611      0      0.135538    0.183706    0
0.216349	4705	0	198.579	3.06128	-0.127474	0.434556	-0.459874	0.443965	0	0	0	0	0	0	-324010	7.27038	0	0        0   4705      0      0.183706    0.248992    0
0.293236	8706	0	202.118	2.29174	0.393664	0.337159	0.268514	0.330011	0	0	0	0	0	0	-597965	5.4736	0	0        0   8706      0      0.248992    0.33748    0
0.397447	15931	0	201.907	1.6894	-0.0434713	0.24395	0.0435687	0.243772	0	0	0	0	0	0	-1.09377e+06	3.9762	0	0        0   15931      0      0.33748    0.457415    0
0.538693	29212	0	203.893	1.26204	-0.0220747	0.182751	0.153219	0.183588	0	0	0	0	0	0	-2.00278e+06	3.00049	0	0        0   29212      0      0.457415    0.619972    0
0.730136	52793	0	201.465	0.926681	0.00386116	0.134915	0.107073	0.134509	0	0	0	0	0	0	-3.62525e+06	2.19333	0	0        0   52793      0      0.619972    0.8403    0
0.989614	96404	0	200.888	0.683766	0.0684592	0.0993523	-0.158486	0.0997092	0	0	0	0	0	0	-6.61295e+06	1.61726	0	0        0   96404      0      0.8403    1.13893    0
1.34131	177340	0	202.067	0.507097	-0.0211934	0.0739552	0.0706374	0.073681	0	0	0	0	0	0	-1.21641e+07	1.19854	0	0        0   177340      0      1.13893    1.54368    0
1.81798	323523	0	201.152	0.373713	-0.0237222	0.0543351	-0.0166178	0.0543696	0	0	0	0	0	0	-2.21845e+07	0.883115	0	0        0   323523      0      1.54368    2.09228    0
2.46406	592309	0	201.557	0.276797	0.0732148	0.0402234	0.0752828	0.0402443	0	0	0	0	0	0	-4.06274e+07	0.654905	0	0        0   592309      0      2.09228    2.83584    0
3.33975	1081870	0	201.284	0.204512	0.031361	0.0297025	0.00793279	0.0297292	0	0	0	0	0	0	-7.42109e+07	0.483573	0	0        0   1.08187e+06      0      2.83584    3.84365    0
4.52664	1980171	0	201.875	0.151639	0.0193476	0.0220254	0.02913	0.0220154	0	0	0	0	0	0	-1.35818e+08	0.359024	0	0        0   1.98017e+06      0      3.84365    5.20962    0
6.13533	3619815	0	201.87	0.112164	0.0100287	0.0163037	0.0224131	0.0162902	0	0	0	0	0	0	-2.48246e+08	0.265728	0	0        0   3.61982e+06      0      5.20962    7.06103    0
8.31572	6637122	0	202.089	0.0829363	0.0058773	0.0120417	0.0123785	0.0120441	0	0	0	0	0	0	-4.55115e+08	0.196712	0	0        0   6.63712e+06      0      7.06103    9.5704    0
11.271	12164103	0	202.233	0.0613112	0.0178042	0.00890612	-0.00339413	0.00890204	0	0	0	0	0	0	-8.3428e+08	0.14555	0	0        0   1.21641e+07      0      9.5704    12.9716    0
15.2765	22206168	0	202.507	0.0454496	-0.00801237	0.00660007	-0.0083937	0.00660181	0	0	0	0	0	0	-1.52292e+09	0.108053	0	0        0   2.22062e+07      0      12.9716    17.5814    0
20.7055	40582457	0	202.735	0.0336658	-0.00314127	0.00488865	0.00766787	0.00488885	0	0	0	0	0	0	-2.78325e+09	0.0801787	0	0        0   4.05825e+07      0      17.5814    23.8296    0
28.0639	74004379	0	202.976	0.0249676	0.00237312	0.00362547	-0.000598339	0.00362418	0	0	0	0	0	0	-5.07549e+09	0.0595861	0	0        0   7.40044e+07      0      23.8296    32.2982    0
38.0373	134771867	0	203.299	0.0185385	0.0111417	0.00269137	-0.00133791	0.00269117	0	0	0	0	0	0	-9.24341e+09	0.0443765	0	0        0   1.34772e+08      0      32.2982    43.7764    0
51.5551	244713041	0	203.546	0.0137817	0.00928945	0.00200019	-0.00237972	0.0019998	0	0	0	0	0	0	-1.67835e+10	0.0331097	0	0        0   2.44713e+08      0      43.7764    59.3338    0
69.8769	442802622	0	203.705	0.0102602	0.0159134	0.00148884	-0.0179001	0.00148861	0	0	0	0	0	0	-3.03699e+10	0.0247629	0	0        0   4.42803e+08      0      59.3338    80.42    0
94.7099	798368925	0	204.046	0.0076613	0.0176439	0.00111141	-0.0189812	0.00111129	0	0	0	0	0	0	-5.47591e+10	0.0186141	0	0        0   7.98369e+08      0      80.42    109    0
