# 1bin_value	2data_points	3sqrt(data_points)	4W	5W_err	6e+	7e+_err	8eX 9eX_err	10e++ 	11e++_err		12eXX	13eXX_err		14e+X	15e+X_err 	16theta          17theta_err       17num_den	18num_err 19LS_err     20wt_num     21wt_num_err  22r_low   23r_high 24sig_crit
0.117769	1399	0	202.89	6.00296	0	0	0	0	0	0	0	0	0	0	-1303.05	153214	0	0        0   1496.08      0      0.1    0.135538    0
0.159622	2614	0	200.915	4.33723	0	0	0	0	0	0	0	0	0	0	-1296.89	286535	0	0        0   2789.83      0      0.135538    0.183706    0
0.216349	4668	0	197.479	3.18086	0	0	0	0	0	0	0	0	0	0	-1259.36	505863	0	0        0   5021.97      0      0.183706    0.248992    0
0.293236	8608	0	199.652	2.3487	0	0	0	0	0	0	0	0	0	0	-1276.44	928251	0	0        0   9226.86      0      0.248992    0.33748    0
0.397447	15752	0	198.351	1.7275	0	0	0	0	0	0	0	0	0	0	-1275.21	1.70318e+06	0	0        0   16811.2      0      0.33748    0.457415    0
0.538693	28583	0	198.679	1.2852	0	0	0	0	0	0	0	0	0	0	-1273.24	3.08134e+06	0	0        0   30559.2      0      0.457415    0.619972    0
0.730136	52895	0	201.007	0.958107	0	0	0	0	0	0	0	0	0	0	-1289.48	5.72185e+06	0	0        0   56558      0      0.619972    0.8403    0
0.989614	96085	0	199.598	0.704964	0	0	0	0	0	0	0	0	0	0	-1279.84	1.03788e+07	0	0        0   102805      0      0.8403    1.13893    0
1.34131	176124	0	199.729	0.520465	0	0	0	0	0	0	0	0	0	0	-1281.47	1.90004e+07	0	0        0   188193      0      1.13893    1.54368    0
1.81798	322542	0	199.599	0.384393	0	0	0	0	0	0	0	0	0	0	-1281.8	3.48647e+07	0	0        0   344654      0      1.54368    2.09228    0
2.46406	589719	0	199.849	0.285045	0	0	0	0	0	0	0	0	0	0	-1281.69	6.36808e+07	0	0        0   630644      0      2.09228    2.83584    0
3.33975	1077020	0	199.561	0.210524	0	0	0	0	0	0	0	0	0	0	-1279.79	1.16278e+08	0	0        0   1.15182e+06      0      2.83584    3.84365    0
4.52664	1971342	0	200.061	0.156058	0	0	0	0	0	0	0	0	0	0	-1283.44	2.1286e+08	0	0        0   2.10754e+06      0      3.84365    5.20962    0
6.13533	3600394	0	199.813	0.115314	0	0	0	0	0	0	0	0	0	0	-1282.23	3.88788e+08	0	0        0   3.84804e+06      0      5.20962    7.06103    0
8.31572	6596003	0	199.799	0.0851853	0	0	0	0	0	0	0	0	0	0	-1282.24	7.12151e+08	0	0        0   7.04794e+06      0      7.06103    9.5704    0
11.271	12086920	0	199.891	0.0629677	0	0	0	0	0	0	0	0	0	0	-1283.09	1.30557e+09	0	0        0   1.29146e+07      0      9.5704    12.9716    0
15.2765	22039761	0	199.879	0.0466316	0	0	0	0	0	0	0	0	0	0	-1283.17	2.38095e+09	0	0        0   2.35463e+07      0      12.9716    17.5814    0
20.7055	40246298	0	199.901	0.0345185	0	0	0	0	0	0	0	0	0	0	-1283.34	4.34818e+09	0	0        0   4.29944e+07      0      17.5814    23.8296    0
28.0639	73331101	0	199.876	0.0255707	0	0	0	0	0	0	0	0	0	0	-1283.58	7.92477e+09	0	0        0   7.83165e+07      0      23.8296    32.2982    0
38.0373	133397154	0	199.832	0.0189573	0	0	0	0	0	0	0	0	0	0	-1283.82	1.44201e+10	0	0        0   1.42411e+08      0      32.2982    43.7764    0
51.5551	242100599	0	199.808	0.0140728	0	0	0	0	0	0	0	0	0	0	-1284.11	2.61787e+10	0	0        0   2.58363e+08      0      43.7764    59.3338    0
69.8769	438172572	0	199.79	0.0104617	0	0	0	0	0	0	0	0	0	0	-1284.42	4.73992e+10	0	0        0   4.67462e+08      0      59.3338    80.42    0
94.7099	789849656	0	199.756	0.00779265	0	0	0	0	0	0	0	0	0	0	-1284.87	8.54838e+10	0	0        0   8.42242e+08      0      80.42    109    0
