# 1bin_value	2data_points	3sqrt(data_points)	4W	5W_err	6e+	7e+_err	8eX 9eX_err	10e++ 	11e++_err		12eXX	13eXX_err		14e+X	15e+X_err 	16theta          17theta_err       17num_den	18num_err 19LS_err     20wt_num     21wt_num_err  22r_low   23r_high 24sig_crit
0.117769	803	23.5385	865.852	45.774	27.8638	6.16918	7.08954	5.40114	0	0	0	0	0	0	-5634.46	150.842	0	23.5385        0   0      0      0.1    0.135538    0
0.159622	1036	inf	564.869	28.1634	8.19556	3.71806	2.07019	3.61415	0	0	0	0	0	0	-3630.85	78.7626	0	inf        0   0      0      0.135538    0.183706    0
0.216349	1454	12.1048	381.59	17.4097	9.07293	2.40895	-0.130745	2.2111	0	0	0	0	0	0	-2384.45	43.4157	0	12.1048        0   0      0      0.183706    0.248992    0
0.293236	2215	9.13325	288.641	11.9689	6.40376	1.66203	-3.06208	1.61612	0	0	0	0	0	0	-1822.47	27.7056	0	9.13325        0   0      0      0.248992    0.33748    0
0.397447	3965	5.74221	285.774	8.80679	5.01633	1.22177	0.91007	1.18179	0	0	0	0	0	0	-1726.98	18.5901	0	5.74221        0   0      0      0.33748    0.457415    0
0.538693	7695	3.61534	325.882	6.87361	5.9057	0.990843	-0.471537	0.963393	0	0	0	0	0	0	-1963.05	13.8143	0	3.61534        0   0      0      0.457415    0.619972    0
0.730136	11331	2.71698	221.316	4.526	3.92251	0.659186	-0.163463	0.641408	0	0	0	0	0	0	-1320.03	7.89941	0	2.71698        0   0      0      0.619972    0.8403    0
0.989614	17870	1.98943	165.39	3.10043	1.83883	0.450802	-0.402887	0.451916	0	0	0	0	0	0	-955.476	4.93343	0	1.98943        0   0      0      0.8403    1.13893    0
1.34131	29218	1.48372	124.374	2.16509	1.60689	0.315886	0.47167	0.312353	0	0	0	0	0	0	-708.135	3.2678	0	1.48372        0   0      0      1.13893    1.54368    0
1.81798	48962	1.10824	96.7342	1.52677	1.04061	0.221537	-0.198807	0.219487	0	0	0	0	0	0	-540.117	2.24672	0	1.10824        0   0      0      1.54368    2.09228    0
2.46406	84135	0.819739	79.4355	1.10292	0.778723	0.159898	0.0472594	0.160634	0	0	0	0	0	0	-425.003	1.55367	0	0.819739        0   0      0      2.09228    2.83584    0
3.33975	145421	0.606792	64.8812	0.795357	0.512528	0.115699	-0.0794779	0.114866	0	0	0	0	0	0	-332.252	1.09811	0	0.606792        0   0      0      2.83584    3.84365    0
4.52664	250074	0.451329	49.3253	0.575451	0.535831	0.083584	0.0981535	0.0835609	0	0	0	0	0	0	-233.019	0.778605	0	0.451329        0   0      0      3.84365    5.20962    0
6.13533	438080	0.334117	39.243	0.417746	0.28069	0.0603929	-0.0300383	0.0604307	0	0	0	0	0	0	-168.845	0.559869	0	0.334117        0   0      0      5.20962    7.06103    0
8.31572	769566	0.248032	29.1087	0.302618	0.364674	0.0437795	-0.099496	0.0437482	0	0	0	0	0	0	-106.255	0.404211	0	0.248032        0   0      0      7.06103    9.5704    0
11.271	1362349	0.184131	21.4409	0.220687	0.152419	0.0319962	-0.0347029	0.0319242	0	0	0	0	0	0	-57.6014	0.293403	0	0.184131        0   0      0      9.5704    12.9716    0
15.2765	2407777	0.13723	14.5355	0.161348	0.19127	0.0233594	0.0419162	0.0233486	0	0	0	0	0	0	-13.3893	0.213996	0	0.13723        0   0      0      12.9716    17.5814    0
20.7055	4301286	0.102058	9.89518	0.118482	0.140074	0.0171348	0.0249983	0.0171161	0	0	0	0	0	0	16.6647	0.157459	0	0.102058        0   0      0      17.5814    23.8296    0
28.0639	7685066	0.0760577	5.83372	0.0871744	0.167205	0.0125911	-0.00142156	0.0126002	0	0	0	0	0	0	43.2478	0.116154	0	0.0760577        0   0      0      23.8296    32.2982    0
38.0373	13813032	0.0566166	3.20938	0.0643686	0.107057	0.00929834	0.00799531	0.00929542	0	0	0	0	0	0	59.9029	0.0863505	0	0.0566166        0   0      0      32.2982    43.7764    0
51.5551	24828381	0.0421809	1.27303	0.0476637	0.0885371	0.00687839	-0.00602266	0.00687845	0	0	0	0	0	0	72.7437	0.0646024	0	0.0421809        0   0      0      43.7764    59.3338    0
69.8769	44799936	0.0313889	0.802032	0.0354567	0.0472506	0.00511923	0.00136811	0.00511732	0	0	0	0	0	0	76.5042	0.0485292	0	0.0313889        0   0      0      59.3338    80.42    0
94.7099	80613177	0.0233958	0.263173	0.0264299	0.0143196	0.00381352	0.00609025	0.00381266	0	0	0	0	0	0	79.5799	0.036618	0	0.0233958        0   0      0      80.42    109    0
