# 1bin_value	2data_points	3sqrt(data_points)	4W	5W_err	6e+	7e+_err	8eX 9eX_err	10e++ 	11e++_err		12eXX	13eXX_err		14e+X	15e+X_err 	16theta          17theta_err       17num_den	18num_err 19LS_err     20wt_num     21wt_num_err  22r_low   23r_high 24sig_crit
0.117769	799	0	1077.71	45.2582	30.3202	6.13359	5.70567	5.37067	0	0	0	0	0	0	-54802.3	152.007	0	0        0   834.862      0      0.1    0.135538    0
0.159622	1036	0	772.826	27.5177	8.24882	3.66823	1.50007	3.55851	0	0	0	0	0	0	-70638.7	78.2158	0	0        0   1101.57      0      0.135538    0.183706    0
0.216349	1466	0	581.905	16.8149	8.64498	2.36742	-0.739618	2.16225	0	0	0	0	0	0	-100430	42.0531	0	0        0   1547.46      0      0.183706    0.248992    0
0.293236	2213	0	491.289	11.5119	6.66616	1.62814	-3.11823	1.5826	0	0	0	0	0	0	-152609	27.3095	0	0        0   2332.44      0      0.248992    0.33748    0
0.397447	3953	0	484.152	8.46631	4.57554	1.19749	0.89933	1.15579	0	0	0	0	0	0	-270363	18.3444	0	0        0   4221.61      0      0.33748    0.457415    0
0.538693	7700	0	530.09	6.6335	5.94568	0.973643	-0.487171	0.945888	0	0	0	0	0	0	-529014	13.4203	0	0        0   8329.3      0      0.457415    0.619972    0
0.730136	11330	0	424.431	4.32357	4.01884	0.645058	-0.0253581	0.627015	0	0	0	0	0	0	-778134	7.60453	0	0        0   12218.1      0      0.619972    0.8403    0
0.989614	17874	0	366.289	2.93963	1.78385	0.43964	-0.600057	0.440693	0	0	0	0	0	0	-1.22373e+06	4.65531	0	0        0   19194.1      0      0.8403    1.13893    0
1.34131	29193	0	326.481	2.03962	1.58618	0.307193	0.507422	0.30364	0	0	0	0	0	0	-2.00394e+06	3.0582	0	0        0   31268.8      0      1.13893    1.54368    0
1.81798	49019	0	298.213	1.42899	0.996047	0.214749	-0.14028	0.212614	0	0	0	0	0	0	-3.36207e+06	2.04121	0	0        0   52173.6      0      1.54368    2.09228    0
2.46406	84106	0	281.25	1.0288	0.898338	0.154795	0.1331	0.155547	0	0	0	0	0	0	-5.7647e+06	1.41554	0	0        0   89702.2      0      2.09228    2.83584    0
3.33975	145523	0	266.311	0.739107	0.563559	0.111834	-0.0546217	0.110966	0	0	0	0	0	0	-9.98102e+06	0.979529	0	0        0   155045      0      2.83584    3.84365    0
4.52664	250162	0	251.719	0.532547	0.592977	0.0806291	0.107843	0.0806084	0	0	0	0	0	0	-1.71562e+07	0.687755	0	0        0   266837      0      3.84365    5.20962    0
6.13533	438421	0	241.523	0.38541	0.287618	0.0581531	-0.00352571	0.0581956	0	0	0	0	0	0	-3.00675e+07	0.488861	0	0        0   467011      0      5.20962    7.06103    0
8.31572	770142	0	231.605	0.278191	0.367366	0.0420924	-0.0774463	0.0420591	0	0	0	0	0	0	-5.28218e+07	0.350104	0	0        0   819014      0      7.06103    9.5704    0
11.271	1363424	0	224.155	0.20238	0.173194	0.0307356	-0.0444716	0.0306618	0	0	0	0	0	0	-9.35211e+07	0.252427	0	0        0   1.44937e+06      0      9.5704    12.9716    0
15.2765	2409050	0	217.43	0.147593	0.184613	0.0224119	0.0374858	0.0224001	0	0	0	0	0	0	-1.65233e+08	0.183716	0	0        0   2.55972e+06      0      12.9716    17.5814    0
20.7055	4303962	0	213.058	0.108209	0.140811	0.0164268	0.0319293	0.0164072	0	0	0	0	0	0	-2.95186e+08	0.134631	0	0        0   4.57316e+06      0      17.5814    23.8296    0
28.0639	7686676	0	209.115	0.0794977	0.165759	0.0120612	0.00120768	0.0120711	0	0	0	0	0	0	-5.27186e+08	0.0995257	0	0        0   8.16747e+06      0      23.8296    32.2982    0
38.0373	13818161	0	206.825	0.0586446	0.119357	0.00890335	0.0154783	0.00890035	0	0	0	0	0	0	-9.47815e+08	0.073807	0	0        0   1.46765e+07      0      32.2982    43.7764    0
51.5551	24839715	0	205.14	0.0433999	0.0917819	0.00658419	-0.00504975	0.00658436	0	0	0	0	0	0	-1.7039e+09	0.0552089	0	0        0   2.63857e+07      0      43.7764    59.3338    0
69.8769	44800512	0	204.754	0.0322881	0.0562653	0.00490112	-0.0145976	0.00489919	0	0	0	0	0	0	-3.07272e+09	0.0417491	0	0        0   4.76019e+07      0      59.3338    80.42    0
94.7099	80576341	0	204.554	0.0240701	0.0252513	0.00365137	-0.00885956	0.0036505	0	0	0	0	0	0	-5.5277e+09	0.0317144	0	0        0   8.55902e+07      0      80.42    109    0
