# 1bin_value	2data_points	3sqrt(data_points)	4W	5W_err	6e+	7e+_err	8eX 9eX_err	10e++ 	11e++_err		12eXX	13eXX_err		14e+X	15e+X_err 	16theta          17theta_err       17num_den	18num_err 19LS_err     20wt_num     21wt_num_err  22r_low   23r_high 24sig_crit
0.117769	801	0	1074.62	44.9676	28.5617	6.10119	5.45624	5.33233	0	0	0	0	0	0	-54900.7	150.304	0	0        0   837.094      0      0.1    0.135538    0
0.159622	1039	0	772.471	27.4394	8.71246	3.66053	2.45163	3.5543	0	0	0	0	0	0	-70787.6	77.6471	0	0        0   1103.58      0      0.135538    0.183706    0
0.216349	1462	0	582.622	16.8822	9.0683	2.3739	-0.764134	2.16924	0	0	0	0	0	0	-100185	42.5989	0	0        0   1543.98      0      0.183706    0.248992    0
0.293236	2223	0	493.069	11.5053	7.03457	1.62478	-3.2408	1.5805	0	0	0	0	0	0	-153296	27.0159	0	0        0   2343.63      0      0.248992    0.33748    0
0.397447	3959	0	483.768	8.45853	4.9091	1.19621	0.832531	1.15488	0	0	0	0	0	0	-270704	18.2123	0	0        0   4220.61      0      0.33748    0.457415    0
0.538693	7713	0	528.897	6.61915	6.0314	0.97164	-0.395454	0.943973	0	0	0	0	0	0	-529757	13.3554	0	0        0   8328.82      0      0.457415    0.619972    0
0.730136	11324	0	423.013	4.31487	3.99731	0.643837	0.093966	0.625795	0	0	0	0	0	0	-777497	7.63302	0	0        0   12201.9      0      0.619972    0.8403    0
0.989614	17872	0	365.041	2.93434	1.82242	0.438902	-0.515709	0.439945	0	0	0	0	0	0	-1.22351e+06	4.65094	0	0        0   19161.1      0      0.8403    1.13893    0
1.34131	29275	0	326.343	2.03573	1.5733	0.306602	0.518462	0.303059	0	0	0	0	0	0	-2.00971e+06	2.98398	0	0        0   31317.6      0      1.13893    1.54368    0
1.81798	49072	0	297.654	1.42649	0.995264	0.214388	-0.182843	0.212253	0	0	0	0	0	0	-3.36563e+06	2.01721	0	0        0   52163.2      0      1.54368    2.09228    0
2.46406	84203	0	280.598	1.02688	0.900122	0.154511	0.118323	0.155263	0	0	0	0	0	0	-5.77145e+06	1.39694	0	0        0   89661      0      2.09228    2.83584    0
3.33975	145692	0	265.66	0.737676	0.548068	0.111622	-0.0943647	0.110755	0	0	0	0	0	0	-9.99269e+06	0.96537	0	0        0   154965      0      2.83584    3.84365    0
4.52664	250586	0	251.347	0.531514	0.567896	0.0804747	0.105757	0.0804532	0	0	0	0	0	0	-1.71847e+07	0.674275	0	0        0   266963      0      3.84365    5.20962    0
6.13533	439060	0	241.04	0.384594	0.293242	0.0580308	-0.0193046	0.0580734	0	0	0	0	0	0	-3.01112e+07	0.479685	0	0        0   467062      0      5.20962    7.06103    0
8.31572	771418	0	231.19	0.277573	0.358124	0.0419997	-0.0955249	0.0419663	0	0	0	0	0	0	-5.29119e+07	0.342006	0	0        0   819361      0      7.06103    9.5704    0
11.271	1365429	0	223.645	0.201889	0.176127	0.0306616	-0.0393442	0.030588	0	0	0	0	0	0	-9.36584e+07	0.247293	0	0        0   1.44956e+06      0      9.5704    12.9716    0
15.2765	2413394	0	216.951	0.147186	0.177478	0.0223506	0.0303429	0.0223388	0	0	0	0	0	0	-1.65536e+08	0.179	0	0        0   2.56109e+06      0      12.9716    17.5814    0
20.7055	4313774	0	212.593	0.107866	0.135053	0.0163751	0.0366403	0.0163556	0	0	0	0	0	0	-2.95867e+08	0.130344	0	0        0   4.57759e+06      0      17.5814    23.8296    0
28.0639	7708436	0	208.659	0.079204	0.169615	0.0120169	0.00690696	0.0120268	0	0	0	0	0	0	-5.28698e+08	0.0956296	0	0        0   8.17975e+06      0      23.8296    32.2982    0
38.0373	13864953	0	206.331	0.0583849	0.11512	0.00886412	0.0121399	0.00886114	0	0	0	0	0	0	-9.51042e+08	0.0704258	0	0        0   1.47064e+07      0      32.2982    43.7764    0
51.5551	24950443	0	204.682	0.0431674	0.0940456	0.00654906	-0.00592713	0.00654924	0	0	0	0	0	0	-1.71155e+09	0.0519452	0	0        0   2.64679e+07      0      43.7764    59.3338    0
69.8769	45069982	0	204.38	0.0320795	0.0587011	0.00486952	-0.0143258	0.00486761	0	0	0	0	0	0	-3.0913e+09	0.0385532	0	0        0   4.78235e+07      0      59.3338    80.42    0
94.7099	81200460	0	204.254	0.0238817	0.0273914	0.00362284	-0.0063298	0.00362198	0	0	0	0	0	0	-5.57075e+09	0.0286887	0	0        0   8.61382e+07      0      80.42    109    0
