# 1bin_value	2data_points	3sqrt(data_points)	4W	5W_err	6e+	7e+_err	8eX 9eX_err	10e++ 	11e++_err		12eXX	13eXX_err		14e+X	15e+X_err 	16theta          17theta_err       17num_den	18num_err 19LS_err     20wt_num     21wt_num_err  22r_low   23r_high 24sig_crit
0.117769	1431	0	207.817	5.81237	-0.0494512	0.846909	-0.80569	0.829954	0	0	0	0	0	0	-98332.4	13.7568	0	0        0   1431      0      0.1    0.135538    0
0.159622	2606	0	201.349	4.17805	0.0966576	0.589939	-0.0221845	0.603458	0	0	0	0	0	0	-179066	10.0526	0	0        0   2606      0      0.135538    0.183706    0
0.216349	4732	0	199.667	3.06216	-0.0835146	0.434438	-0.486529	0.443832	0	0	0	0	0	0	-325592	7.18477	0	0        0   4732      0      0.183706    0.248992    0
0.293236	8723	0	202.433	2.29107	0.333656	0.336987	0.201263	0.329844	0	0	0	0	0	0	-599247	5.43039	0	0        0   8723      0      0.248992    0.33748    0
0.397447	15900	0	201.484	1.68873	0.0169468	0.243868	0.0265534	0.243721	0	0	0	0	0	0	-1.09184e+06	3.99281	0	0        0   15900      0      0.33748    0.457415    0
0.538693	29281	0	204.381	1.26244	-0.0454124	0.182776	0.152085	0.1836	0	0	0	0	0	0	-2.00736e+06	2.98303	0	0        0   29281      0      0.457415    0.619972    0
0.730136	52795	0	201.352	0.926051	0.0142125	0.134831	0.0964087	0.134423	0	0	0	0	0	0	-3.62559e+06	2.18981	0	0        0   52795      0      0.619972    0.8403    0
0.989614	96444	0	200.92	0.683599	0.0640354	0.099326	-0.158537	0.0996825	0	0	0	0	0	0	-6.61588e+06	1.6142	0	0        0   96444      0      0.8403    1.13893    0
1.34131	177363	0	202.03	0.506936	-0.0253056	0.0739329	0.0752814	0.0736591	0	0	0	0	0	0	-1.2165e+07	1.19807	0	0        0   177363      0      1.13893    1.54368    0
1.81798	323649	0	201.149	0.373571	-0.0166355	0.0543146	-0.00242203	0.0543492	0	0	0	0	0	0	-2.21933e+07	0.881569	0	0        0   323649      0      1.54368    2.09228    0
2.46406	592695	0	201.629	0.276725	0.0824961	0.0402115	0.0760202	0.0402325	0	0	0	0	0	0	-4.0654e+07	0.653265	0	0        0   592695      0      2.09228    2.83584    0
3.33975	1082308	0	201.277	0.204421	0.0297965	0.0296894	0.00547037	0.0297161	0	0	0	0	0	0	-7.42404e+07	0.482614	0	0        0   1.08231e+06      0      2.83584    3.84365    0
4.52664	1980936	0	201.867	0.151573	0.0209647	0.0220159	0.0295118	0.0220058	0	0	0	0	0	0	-1.35872e+08	0.358299	0	0        0   1.98094e+06      0      3.84365    5.20962    0
6.13533	3621947	0	201.893	0.112111	0.00914605	0.0162959	0.0223624	0.0162825	0	0	0	0	0	0	-2.48391e+08	0.265045	0	0        0   3.62195e+06      0      5.20962    7.06103    0
8.31572	6640009	0	202.077	0.0828955	0.00825579	0.0120358	0.00789544	0.0120383	0	0	0	0	0	0	-4.55313e+08	0.196294	0	0        0   6.64001e+06      0      7.06103    9.5704    0
11.271	12168194	0	202.202	0.0612805	0.0186525	0.00890178	-0.0042505	0.0088977	0	0	0	0	0	0	-8.3456e+08	0.14528	0	0        0   1.21682e+07      0      9.5704    12.9716    0
15.2765	22214936	0	202.485	0.0454264	-0.00972649	0.00659675	-0.0068424	0.00659849	0	0	0	0	0	0	-1.52352e+09	0.107835	0	0        0   2.22149e+07      0      12.9716    17.5814    0
20.7055	40599374	0	202.725	0.0336499	-0.00141746	0.00488636	0.00798682	0.00488656	0	0	0	0	0	0	-2.78442e+09	0.0800128	0	0        0   4.05994e+07      0      17.5814    23.8296    0
28.0639	74029672	0	202.955	0.0249562	0.00261551	0.00362384	0.0002801	0.00362255	0	0	0	0	0	0	-5.0772e+09	0.0594816	0	0        0   7.40297e+07      0      23.8296    32.2982    0
38.0373	134803114	0	203.254	0.0185297	0.0103361	0.00269014	-0.00215908	0.00268994	0	0	0	0	0	0	-9.24552e+09	0.0443124	0	0        0   1.34803e+08      0      32.2982    43.7764    0
51.5551	244733670	0	203.477	0.0137755	0.00815115	0.00199934	-0.00249596	0.00199896	0	0	0	0	0	0	-1.67847e+10	0.0330805	0	0        0   2.44734e+08      0      43.7764    59.3338    0
69.8769	442734546	0	203.596	0.0102558	0.0113114	0.00148827	-0.0158164	0.00148804	0	0	0	0	0	0	-3.03646e+10	0.0247607	0	0        0   4.42735e+08      0      59.3338    80.42    0
94.7099	798147850	0	203.913	0.00765796	0.00954695	0.00111099	-0.0157586	0.00111087	0	0	0	0	0	0	-5.47423e+10	0.01862	0	0        0   7.98148e+08      0      80.42    109    0
