# 1bin_value	2data_points	3sqrt(data_points)	4W	5W_err	6e+	7e+_err	8eX 9eX_err	10e++ 	11e++_err		12eXX	13eXX_err		14e+X	15e+X_err 	16theta          17theta_err       17num_den	18num_err 19LS_err     20wt_num     21wt_num_err  22r_low   23r_high 24sig_crit
0.117769	795	23.7538	860.87	45.71	27.5637	6.17252	6.5185	5.40555	0	0	0	0	0	0	-5582.51	151.621	0	23.7538        0   0      0      0.1    0.135538    0
0.159622	1028	inf	560.868	28.0936	8.36933	3.70805	1.45505	3.6071	0	0	0	0	0	0	-3574.34	79.9132	0	inf        0   0      0      0.135538    0.183706    0
0.216349	1453	12.1973	381.574	17.4291	8.64207	2.41334	-0.535833	2.21337	0	0	0	0	0	0	-2382.02	43.6829	0	12.1973        0   0      0      0.183706    0.248992    0
0.293236	2209	9.14953	288.374	11.9666	5.91236	1.66176	-3.07317	1.61674	0	0	0	0	0	0	-1816.87	27.8704	0	9.14953        0   0      0      0.248992    0.33748    0
0.397447	3951	5.75787	284.369	8.80591	4.78623	1.2222	0.640135	1.18138	0	0	0	0	0	0	-1718.04	18.7034	0	5.75787        0   0      0      0.33748    0.457415    0
0.538693	7696	3.61939	327.303	6.8741	5.89345	0.990583	-0.398598	0.963448	0	0	0	0	0	0	-1966.55	13.827	0	3.61939        0   0      0      0.457415    0.619972    0
0.730136	11328	2.7186	221.868	4.52567	3.79088	0.659132	-0.0717462	0.641297	0	0	0	0	0	0	-1320.09	7.93327	0	2.7186        0   0      0      0.619972    0.8403    0
0.989614	17842	1.99179	165.214	3.09983	1.76145	0.450769	-0.397678	0.45185	0	0	0	0	0	0	-953.191	4.9805	0	1.99179        0   0      0      0.8403    1.13893    0
1.34131	29158	1.48453	124.389	2.16547	1.56428	0.315953	0.439967	0.312427	0	0	0	0	0	0	-704.816	3.31277	0	1.48453        0   0      0      1.13893    1.54368    0
1.81798	48919	1.10884	96.9537	1.52676	1.04404	0.221545	-0.176037	0.219486	0	0	0	0	0	0	-539.287	2.26122	0	1.10884        0   0      0      1.54368    2.09228    0
2.46406	83976	0.820075	79.4754	1.10297	0.801619	0.159916	0.0680448	0.16065	0	0	0	0	0	0	-422.877	1.57704	0	0.820075        0   0      0      2.09228    2.83584    0
3.33975	145209	0.607314	64.9336	0.79554	0.530135	0.115726	-0.0714163	0.114894	0	0	0	0	0	0	-330.983	1.11185	0	0.607314        0   0      0      2.83584    3.84365    0
4.52664	249691	0.451762	49.3471	0.575555	0.533261	0.0836002	0.0752037	0.0835767	0	0	0	0	0	0	-231.582	0.789555	0	0.451762        0   0      0      3.84365    5.20962    0
6.13533	437541	0.334286	39.3841	0.417849	0.270021	0.0604091	-0.0328815	0.0604463	0	0	0	0	0	0	-168.317	0.565924	0	0.334286        0   0      0      5.20962    7.06103    0
8.31572	768493	0.248183	29.3105	0.302703	0.353102	0.0437928	-0.102427	0.0437612	0	0	0	0	0	0	-105.886	0.408626	0	0.248183        0   0      0      7.06103    9.5704    0
11.271	1360258	0.184264	21.5841	0.220776	0.161484	0.0320095	-0.0412885	0.0319374	0	0	0	0	0	0	-57.1179	0.297346	0	0.184264        0   0      0      9.5704    12.9716    0
15.2765	2402739	0.137361	14.5756	0.161428	0.189183	0.0233713	0.0400292	0.0233605	0	0	0	0	0	0	-12.2388	0.218085	0	0.137361        0   0      0      12.9716    17.5814    0
20.7055	4292498	0.102154	9.96432	0.118553	0.137708	0.0171453	0.0231628	0.0171266	0	0	0	0	0	0	17.578	0.160445	0	0.102154        0   0      0      17.5814    23.8296    0
28.0639	7666942	0.0761425	5.86169	0.0872374	0.164882	0.0126004	-0.00104686	0.0126095	0	0	0	0	0	0	44.3027	0.118662	0	0.0761425        0   0      0      23.8296    32.2982    0
38.0373	13773662	0.0566946	3.23681	0.0644252	0.108551	0.00930672	0.0140442	0.00930379	0	0	0	0	0	0	61.1657	0.088593	0	0.0566946        0   0      0      32.2982    43.7764    0
51.5551	24751495	0.0422447	1.33393	0.0477194	0.0863044	0.00688657	-0.00699577	0.00688663	0	0	0	0	0	0	73.7914	0.0664132	0	0.0422447        0   0      0      43.7764    59.3338    0
69.8769	44613976	0.0314527	0.816467	0.0355136	0.04578	0.0051276	-0.0023661	0.00512568	0	0	0	0	0	0	77.9901	0.0503096	0	0.0314527        0   0      0      59.3338    80.42    0
94.7099	80163730	0.0234597	0.297896	0.0264903	0.0098219	0.00382237	0.00522674	0.0038215	0	0	0	0	0	0	81.1789	0.0383638	0	0.0234597        0   0      0      80.42    109    0
