# 1bin_value	2data_points	3sqrt(data_points)	4W	5W_err	6e+	7e+_err	8eX 9eX_err	10e++ 	11e++_err		12eXX	13eXX_err		14e+X	15e+X_err 	16theta          17theta_err       17num_den	18num_err 19LS_err     20wt_num     21wt_num_err  22r_low   23r_high 24sig_crit
0.117769	791	23.6149	859.535	45.8875	29.2237	6.18915	6.12396	5.42512	0	0	0	0	0	0	-5571.3	153.286	0	23.6149        0   0      0      0.1    0.135538    0
0.159622	1028	inf	558.725	28.0123	8.65297	3.69922	1.94933	3.59709	0	0	0	0	0	0	-3577.22	79.1026	0	inf        0   0      0      0.135538    0.183706    0
0.216349	1459	12.0423	383.215	17.3968	8.32487	2.41079	-0.143466	2.21023	0	0	0	0	0	0	-2396.6	43.1399	0	12.0423        0   0      0      0.183706    0.248992    0
0.293236	2202	9.16068	287.871	11.9763	6.45894	1.66312	-3.05377	1.61734	0	0	0	0	0	0	-1810.63	28.2581	0	9.16068        0   0      0      0.248992    0.33748    0
0.397447	3939	5.75698	283.792	8.8189	4.8707	1.22418	0.576254	1.18348	0	0	0	0	0	0	-1714.03	19.0055	0	5.75698        0   0      0      0.33748    0.457415    0
0.538693	7649	3.62718	323.478	6.87221	6.03232	0.990827	-0.568135	0.963661	0	0	0	0	0	0	-1947.73	14.0738	0	3.62718        0   0      0      0.457415    0.619972    0
0.730136	11286	2.72646	219.904	4.5248	3.88646	0.659075	0.0774494	0.641251	0	0	0	0	0	0	-1311.62	8.06298	0	2.72646        0   0      0      0.619972    0.8403    0
0.989614	17790	1.99339	163.821	3.09986	1.7979	0.450802	-0.445148	0.451927	0	0	0	0	0	0	-947.127	5.06838	0	1.99339        0   0      0      0.8403    1.13893    0
1.34131	29155	1.48451	124.454	2.16523	1.59132	0.315924	0.483075	0.312393	0	0	0	0	0	0	-705.604	3.32138	0	1.48451        0   0      0      1.13893    1.54368    0
1.81798	48868	1.10915	96.8082	1.52704	0.94393	0.221607	-0.133102	0.219536	0	0	0	0	0	0	-539.987	2.27228	0	1.10915        0   0      0      1.54368    2.09228    0
2.46406	83860	0.820595	79.1275	1.10327	0.794736	0.159967	0.0307268	0.160697	0	0	0	0	0	0	-422.078	1.59446	0	0.820595        0   0      0      2.09228    2.83584    0
3.33975	144940	0.607756	64.5573	0.795568	0.550408	0.115735	-0.0675612	0.114901	0	0	0	0	0	0	-329.514	1.12791	0	0.607756        0   0      0      2.83584    3.84365    0
4.52664	249451	0.451785	49.3339	0.575579	0.549023	0.0836048	0.0920844	0.0835825	0	0	0	0	0	0	-232.436	0.794747	0	0.451785        0   0      0      3.84365    5.20962    0
6.13533	436884	0.334519	39.1792	0.417855	0.28736	0.0604109	-0.0217299	0.0604485	0	0	0	0	0	0	-167.964	0.573215	0	0.334519        0   0      0      5.20962    7.06103    0
8.31572	767605	0.248347	29.1103	0.302706	0.352377	0.0437939	-0.110367	0.0437622	0	0	0	0	0	0	-105.749	0.413598	0	0.248347        0   0      0      7.06103    9.5704    0
11.271	1358712	0.18438	21.4228	0.220766	0.155761	0.0320086	-0.0375284	0.0319365	0	0	0	0	0	0	-57.0826	0.300653	0	0.18438        0   0      0      9.5704    12.9716    0
15.2765	2401203	0.137412	14.5096	0.161422	0.188601	0.0233708	0.0399964	0.0233599	0	0	0	0	0	0	-12.8574	0.219554	0	0.137412        0   0      0      12.9716    17.5814    0
20.7055	4290900	0.102179	9.94581	0.118545	0.139651	0.0171442	0.0236097	0.0171255	0	0	0	0	0	0	16.6974	0.161247	0	0.102179        0   0      0      17.5814    23.8296    0
28.0639	7664971	0.076155	5.85425	0.0872254	0.164518	0.0125988	-0.00340549	0.0126079	0	0	0	0	0	0	43.3396	0.119068	0	0.076155        0   0      0      23.8296    32.2982    0
38.0373	13772178	0.056699	3.1992	0.0644103	0.104417	0.00930463	0.0102537	0.0093017	0	0	0	0	0	0	60.2449	0.0887037	0	0.056699        0   0      0      32.2982    43.7764    0
51.5551	24754466	0.0422431	1.32055	0.0476994	0.0846691	0.00688372	-0.00909334	0.00688378	0	0	0	0	0	0	72.7687	0.0663415	0	0.0422431        0   0      0      43.7764    59.3338    0
69.8769	44645279	0.0314426	0.815315	0.0354876	0.043979	0.00512386	0.000429275	0.00512195	0	0	0	0	0	0	76.7509	0.0499893	0	0.0314426        0   0      0      59.3338    80.42    0
94.7099	80298129	0.0234413	0.281007	0.0264585	0.0149621	0.00381778	0.00407225	0.00381692	0	0	0	0	0	0	79.8676	0.0378396	0	0.0234413        0   0      0      80.42    109    0
