# 1bin_value	2data_points	3sqrt(data_points)	4W	5W_err	6e+	7e+_err	8eX 9eX_err	10e++ 	11e++_err		12eXX	13eXX_err		14e+X	15e+X_err 	16theta          17theta_err       17num_den	18num_err 19LS_err     20wt_num     21wt_num_err  22r_low   23r_high 24sig_crit
0.117769	805	0	1080.25	45.0037	28.2276	6.10559	5.58828	5.33577	0	0	0	0	0	0	-55139.5	149.897	0	0        0   841.644      0      0.1    0.135538    0
0.159622	1045	0	773.392	27.3118	8.1954	3.64237	1.85754	3.5369	0	0	0	0	0	0	-71186	76.5875	0	0        0   1110.8      0      0.135538    0.183706    0
0.216349	1467	0	580.73	16.7571	9.03166	2.35767	-0.5676	2.15501	0	0	0	0	0	0	-100538	41.7197	0	0        0   1549.58      0      0.183706    0.248992    0
0.293236	2237	0	495.56	11.4847	6.6059	1.62265	-3.03189	1.57691	0	0	0	0	0	0	-154272	26.4581	0	0        0   2360.66      0      0.248992    0.33748    0
0.397447	3983	0	485.65	8.42879	4.69234	1.19182	0.800911	1.15076	0	0	0	0	0	0	-272359	17.7667	0	0        0   4253.46      0      0.33748    0.457415    0
0.538693	7756	0	531.31	6.60688	5.9878	0.969626	-0.367847	0.941918	0	0	0	0	0	0	-532787	13.0317	0	0        0   8385.32      0      0.457415    0.619972    0
0.730136	11403	0	425.474	4.30734	3.92344	0.642518	0.0419533	0.624497	0	0	0	0	0	0	-783169	7.33073	0	0        0   12299      0      0.619972    0.8403    0
0.989614	17971	0	366.774	2.92855	1.95115	0.437944	-0.576998	0.439014	0	0	0	0	0	0	-1.23028e+06	4.46245	0	0        0   19292      0      0.8403    1.13893    0
1.34131	29432	0	327.765	2.03187	1.59523	0.305984	0.521707	0.302438	0	0	0	0	0	0	-2.0202e+06	2.85692	0	0        0   31519.7      0      1.13893    1.54368    0
1.81798	49340	0	299.01	1.42368	0.994723	0.213931	-0.166142	0.211806	0	0	0	0	0	0	-3.38401e+06	1.91318	0	0        0   52511.1      0      1.54368    2.09228    0
2.46406	84688	0	281.991	1.02474	0.880622	0.154174	0.130049	0.154925	0	0	0	0	0	0	-5.80481e+06	1.31161	0	0        0   90297.5      0      2.09228    2.83584    0
3.33975	146414	0	266.793	0.73616	0.565099	0.111384	-0.0559039	0.11052	0	0	0	0	0	0	-1.00427e+07	0.909839	0	0        0   155953      0      2.83584    3.84365    0
4.52664	251902	0	252.397	0.530416	0.565257	0.0803035	0.115605	0.0802825	0	0	0	0	0	0	-1.72749e+07	0.631342	0	0        0   268644      0      3.84365    5.20962    0
6.13533	441350	0	242.084	0.383813	0.298361	0.0579098	-0.00895576	0.0579526	0	0	0	0	0	0	-3.02683e+07	0.448142	0	0        0   470059      0      5.20962    7.06103    0
8.31572	775434	0	232.162	0.277012	0.363061	0.0419129	-0.0832467	0.0418796	0	0	0	0	0	0	-5.31847e+07	0.319291	0	0        0   824502      0      7.06103    9.5704    0
11.271	1373288	0	224.725	0.201482	0.17244	0.0305982	-0.0444714	0.0305247	0	0	0	0	0	0	-9.41961e+07	0.22867	0	0        0   1.45959e+06      0      9.5704    12.9716    0
15.2765	2426979	0	217.962	0.1469	0.181869	0.0223061	0.0362912	0.0222943	0	0	0	0	0	0	-1.66464e+08	0.165592	0	0        0   2.57814e+06      0      12.9716    17.5814    0
20.7055	4336691	0	213.543	0.107666	0.139266	0.016344	0.029301	0.0163245	0	0	0	0	0	0	-2.97429e+08	0.12108	0	0        0   4.60678e+06      0      17.5814    23.8296    0
28.0639	7750152	0	209.642	0.0790705	0.166761	0.0119961	-0.000206668	0.012006	0	0	0	0	0	0	-5.31544e+08	0.0887202	0	0        0   8.23253e+06      0      23.8296    32.2982    0
38.0373	13938261	0	207.311	0.0582975	0.117781	0.00885045	0.00772487	0.00884747	0	0	0	0	0	0	-9.56062e+08	0.0654106	0	0        0   1.4799e+07      0      32.2982    43.7764    0
51.5551	25071608	0	205.598	0.0431104	0.0918553	0.00654012	-0.0077526	0.0065403	0	0	0	0	0	0	-1.71982e+09	0.048563	0	0        0   2.66228e+07      0      43.7764    59.3338    0
69.8769	45281357	0	205.258	0.0320369	0.0543188	0.00486287	-0.0148075	0.00486096	0	0	0	0	0	0	-3.10573e+09	0.0361233	0	0        0   4.80946e+07      0      59.3338    80.42    0
94.7099	81576492	0	205.071	0.0238463	0.0245598	0.00361734	-0.00910154	0.00361648	0	0	0	0	0	0	-5.59651e+09	0.0268841	0	0        0   8.66143e+07      0      80.42    109    0
