# 1bin_value	2data_points	3sqrt(data_points)	4W	5W_err	6e+	7e+_err	8eX 9eX_err	10e++ 	11e++_err		12eXX	13eXX_err		14e+X	15e+X_err 	16theta          17theta_err       17num_den	18num_err 19LS_err     20wt_num     21wt_num_err  22r_low   23r_high 24sig_crit
0.117769	1394	0	202.46	5.98767	0	0	0	0	0	0	0	0	0	0	-1295.86	153214	0	0        0   1496.4      0      0.1    0.135538    0
0.159622	2623	0	201.217	4.33256	0	0	0	0	0	0	0	0	0	0	-1299.64	286535	0	0        0   2797.28      0      0.135538    0.183706    0
0.216349	4679	0	197.422	3.17499	0	0	0	0	0	0	0	0	0	0	-1260.32	505863	0	0        0   5029.95      0      0.183706    0.248992    0
0.293236	8628	0	199.991	2.34709	0	0	0	0	0	0	0	0	0	0	-1278.41	928251	0	0        0   9249.47      0      0.248992    0.33748    0
0.397447	15784	0	198.431	1.72605	0	0	0	0	0	0	0	0	0	0	-1276.8	1.70318e+06	0	0        0   16832      0      0.33748    0.457415    0
0.538693	28646	0	198.973	1.28442	0	0	0	0	0	0	0	0	0	0	-1275.15	3.08134e+06	0	0        0   30626.8      0      0.457415    0.619972    0
0.730136	53009	0	201.095	0.957014	0	0	0	0	0	0	0	0	0	0	-1290.49	5.72185e+06	0	0        0   56652.9      0      0.619972    0.8403    0
0.989614	96203	0	199.528	0.704164	0	0	0	0	0	0	0	0	0	0	-1280.1	1.03788e+07	0	0        0   102883      0      0.8403    1.13893    0
1.34131	176480	0	199.836	0.519928	0	0	0	0	0	0	0	0	0	0	-1282.68	1.90004e+07	0	0        0   188498      0      1.13893    1.54368    0
1.81798	323114	0	199.603	0.383936	0	0	0	0	0	0	0	0	0	0	-1282.54	3.48647e+07	0	0        0   345072      0      1.54368    2.09228    0
2.46406	590661	0	199.802	0.284705	0	0	0	0	0	0	0	0	0	0	-1282.2	6.36808e+07	0	0        0   631243      0      2.09228    2.83584    0
3.33975	1078587	0	199.509	0.210271	0	0	0	0	0	0	0	0	0	0	-1280.12	1.16278e+08	0	0        0   1.15288e+06      0      2.83584    3.84365    0
4.52664	1974856	0	200.078	0.155866	0	0	0	0	0	0	0	0	0	0	-1284.12	2.1286e+08	0	0        0   2.11035e+06      0      3.84365    5.20962    0
6.13533	3606992	0	199.832	0.115166	0	0	0	0	0	0	0	0	0	0	-1282.91	3.88788e+08	0	0        0   3.85337e+06      0      5.20962    7.06103    0
8.31572	6608327	0	199.815	0.085069	0	0	0	0	0	0	0	0	0	0	-1282.87	7.12151e+08	0	0        0   7.0582e+06      0      7.06103    9.5704    0
11.271	12110658	0	199.911	0.0628764	0	0	0	0	0	0	0	0	0	0	-1283.74	1.30557e+09	0	0        0   1.29348e+07      0      9.5704    12.9716    0
15.2765	22085462	0	199.898	0.0465575	0	0	0	0	0	0	0	0	0	0	-1283.78	2.38095e+09	0	0        0   2.35862e+07      0      12.9716    17.5814    0
20.7055	40333413	0	199.909	0.0344574	0	0	0	0	0	0	0	0	0	0	-1283.85	4.34818e+09	0	0        0   4.30727e+07      0      17.5814    23.8296    0
28.0639	73497070	0	199.86	0.0255191	0	0	0	0	0	0	0	0	0	0	-1283.91	7.92477e+09	0	0        0   7.8468e+07      0      23.8296    32.2982    0
38.0373	133723372	0	199.802	0.0189135	0	0	0	0	0	0	0	0	0	0	-1284.01	1.44201e+10	0	0        0   1.42717e+08      0      32.2982    43.7764    0
51.5551	242765595	0	199.77	0.0140347	0	0	0	0	0	0	0	0	0	0	-1284.18	2.61787e+10	0	0        0   2.59011e+08      0      43.7764    59.3338    0
69.8769	439516894	0	199.737	0.0104288	0	0	0	0	0	0	0	0	0	0	-1284.34	4.73992e+10	0	0        0   4.68801e+08      0      59.3338    80.42    0
94.7099	792621709	0	199.705	0.00776452	0	0	0	0	0	0	0	0	0	0	-1284.74	8.54838e+10	0	0        0   8.4506e+08      0      80.42    109    0
