# 1bin_value	2data_points	3sqrt(data_points)	4W	5W_err	6e+	7e+_err	8eX 9eX_err	10e++ 	11e++_err		12eXX	13eXX_err		14e+X	15e+X_err 	16theta          17theta_err       17num_den	18num_err 19LS_err     20wt_num     21wt_num_err  22r_low   23r_high 24sig_crit
0.117769	802	23.5387	870.041	45.977	27.7864	6.194	7.00836	5.41981	0	0	0	0	0	0	-5658.76	151.959	0	23.5387        0   0      0      0.1    0.135538    0
0.159622	1038	inf	566.537	28.0326	8.58001	3.69855	2.40882	3.59578	0	0	0	0	0	0	-3617.64	77.9356	0	inf        0   0      0      0.135538    0.183706    0
0.216349	1468	12.0921	386.793	17.4322	9.41373	2.41014	-0.115844	2.21144	0	0	0	0	0	0	-2420.57	42.8132	0	12.0921        0   0      0      0.183706    0.248992    0
0.293236	2217	9.11028	288.934	11.9611	6.22637	1.66154	-3.51478	1.6149	0	0	0	0	0	0	-1821.39	27.6414	0	9.11028        0   0      0      0.248992    0.33748    0
0.397447	3962	5.75588	285.268	8.80745	4.81615	1.22192	0.936433	1.18159	0	0	0	0	0	0	-1721.62	18.6509	0	5.75588        0   0      0      0.33748    0.457415    0
0.538693	7717	3.60793	327.303	6.86787	5.96176	0.989742	-0.433068	0.962673	0	0	0	0	0	0	-1971	13.6448	0	3.60793        0   0      0      0.457415    0.619972    0
0.730136	11340	2.71669	221.298	4.5238	3.8992	0.658786	-0.061815	0.641028	0	0	0	0	0	0	-1319.65	7.87828	0	2.71669        0   0      0      0.619972    0.8403    0
0.989614	17893	1.98899	165.177	3.09742	1.85703	0.450357	-0.392569	0.45145	0	0	0	0	0	0	-954.769	4.88222	0	1.98899        0   0      0      0.8403    1.13893    0
1.34131	29266	1.48214	124.729	2.16423	1.55775	0.315751	0.38588	0.312216	0	0	0	0	0	0	-708.113	3.23439	0	1.48214        0   0      0      1.13893    1.54368    0
1.81798	49050	1.10725	96.7648	1.52577	1.02715	0.221391	-0.164295	0.21933	0	0	0	0	0	0	-540.072	2.21043	0	1.10725        0   0      0      1.54368    2.09228    0
2.46406	84301	0.818567	79.5555	1.10217	0.802184	0.15979	0.0522298	0.160522	0	0	0	0	0	0	-425.257	1.52423	0	0.818567        0   0      0      2.09228    2.83584    0
3.33975	145656	0.606304	64.9272	0.794686	0.521312	0.115597	-0.0597567	0.114766	0	0	0	0	0	0	-331.636	1.08045	0	0.606304        0   0      0      2.83584    3.84365    0
4.52664	250680	0.450798	49.4054	0.574873	0.563472	0.0834967	0.0695482	0.0834736	0	0	0	0	0	0	-232.961	0.760791	0	0.450798        0   0      0      3.84365    5.20962    0
6.13533	439251	0.33368	39.3697	0.417274	0.281686	0.0603221	-0.0284501	0.0603601	0	0	0	0	0	0	-169.302	0.545199	0	0.33368        0   0      0      5.20962    7.06103    0
8.31572	771803	0.247673	29.3092	0.30228	0.354343	0.0437291	-0.101939	0.0436978	0	0	0	0	0	0	-106.999	0.392301	0	0.247673        0   0      0      7.06103    9.5704    0
11.271	1366002	0.183895	21.5832	0.220463	0.154633	0.0319626	-0.0417961	0.0318906	0	0	0	0	0	0	-58.1523	0.285356	0	0.183895        0   0      0      9.5704    12.9716    0
15.2765	2414012	0.137047	14.5433	0.161162	0.189641	0.0233317	0.0390436	0.0233209	0	0	0	0	0	0	-13.3163	0.208142	0	0.137047        0   0      0      12.9716    17.5814    0
20.7055	4312587	0.10192	9.86482	0.118334	0.143993	0.0171128	0.0262253	0.0170941	0	0	0	0	0	0	17.0192	0.153155	0	0.10192        0   0      0      17.5814    23.8296    0
28.0639	7706162	0.0759508	5.75072	0.0870496	0.165914	0.0125726	0.00163391	0.0125817	0	0	0	0	0	0	43.7306	0.112774	0	0.0759508        0   0      0      23.8296    32.2982    0
38.0373	13857132	0.0565259	3.17982	0.064261	0.105969	0.00928249	0.0101323	0.00927957	0	0	0	0	0	0	60.1154	0.0835081	0	0.0565259        0   0      0      32.2982    43.7764    0
51.5551	24925249	0.042099	1.2977	0.0475685	0.0851638	0.00686437	-0.0103038	0.00686443	0	0	0	0	0	0	72.5009	0.0620393	0	0.042099        0   0      0      43.7764    59.3338    0
69.8769	44996942	0.0313206	0.823643	0.0353693	0.0446453	0.00510642	-0.00158996	0.00510451	0	0	0	0	0	0	76.301	0.0464046	0	0.0313206        0   0      0      59.3338    80.42    0
94.7099	80998460	0.0233404	0.275109	0.0263497	0.0127435	0.00380179	0.00317738	0.00380093	0	0	0	0	0	0	79.4752	0.0348834	0	0.0233404        0   0      0      80.42    109    0
