# 1bin_value	2data_points	3sqrt(data_points)	4W	5W_err	6e+	7e+_err	8eX 9eX_err	10e++ 	11e++_err		12eXX	13eXX_err		14e+X	15e+X_err 	16theta          17theta_err       17num_den	18num_err 19LS_err     20wt_num     21wt_num_err  22r_low   23r_high 24sig_crit
0.117769	809	0	1083.81	44.951	28.6902	6.09527	5.67699	5.3281	0	0	0	0	0	0	-55429.3	148.715	0	0        0   845.579      0      0.1    0.135538    0
0.159622	1042	0	771.544	27.3054	8.62107	3.64347	2.15633	3.53875	0	0	0	0	0	0	-71016.1	76.5638	0	0        0   1107.2      0      0.135538    0.183706    0
0.216349	1471	0	585.047	16.8633	8.9507	2.36957	-0.553512	2.16611	0	0	0	0	0	0	-100841	41.9723	0	0        0   1553.36      0      0.183706    0.248992    0
0.293236	2238	0	495.562	11.4808	6.63685	1.62208	-2.85974	1.57668	0	0	0	0	0	0	-154332	26.4297	0	0        0   2361.57      0      0.248992    0.33748    0
0.397447	3985	0	486.651	8.44322	4.8041	1.19371	0.814035	1.15246	0	0	0	0	0	0	-272467	17.8068	0	0        0   4255.52      0      0.33748    0.457415    0
0.538693	7770	0	532.683	6.61193	6.05003	0.970104	-0.393664	0.94245	0	0	0	0	0	0	-533677	12.9715	0	0        0   8401.61      0      0.457415    0.619972    0
0.730136	11431	0	426.339	4.30815	4.03437	0.642585	0.0740053	0.624587	0	0	0	0	0	0	-785079	7.2284	0	0        0   12321.8      0      0.619972    0.8403    0
0.989614	18025	0	367.878	2.92856	1.90803	0.437907	-0.611531	0.438958	0	0	0	0	0	0	-1.23397e+06	4.36767	0	0        0   19352.5      0      0.8403    1.13893    0
1.34131	29489	0	328.315	2.0314	1.60351	0.305913	0.501786	0.302365	0	0	0	0	0	0	-2.02418e+06	2.80225	0	0        0   31579.7      0      1.13893    1.54368    0
1.81798	49432	0	299.466	1.42381	0.996949	0.213951	-0.185388	0.211823	0	0	0	0	0	0	-3.3903e+06	1.87711	0	0        0   52588.1      0      1.54368    2.09228    0
2.46406	84828	0	282.364	1.02479	0.880382	0.154181	0.126584	0.154929	0	0	0	0	0	0	-5.81472e+06	1.28632	0	0        0   90414.2      0      2.09228    2.83584    0
3.33975	146720	0	267.305	0.736251	0.567577	0.111395	-0.0559778	0.11053	0	0	0	0	0	0	-1.00632e+07	0.888435	0	0        0   156238      0      2.83584    3.84365    0
4.52664	252313	0	252.785	0.530504	0.572441	0.0803145	0.105763	0.0802938	0	0	0	0	0	0	-1.73029e+07	0.618575	0	0        0   269019      0      3.84365    5.20962    0
6.13533	442227	0	242.555	0.383889	0.29099	0.0579199	-0.00816608	0.0579626	0	0	0	0	0	0	-3.03287e+07	0.436302	0	0        0   470900      0      5.20962    7.06103    0
8.31572	777055	0	232.644	0.277082	0.367518	0.0419224	-0.0889595	0.0418892	0	0	0	0	0	0	-5.32968e+07	0.309906	0	0        0   826032      0      7.06103    9.5704    0
11.271	1375457	0	225.104	0.201553	0.176387	0.0306084	-0.043574	0.0305349	0	0	0	0	0	0	-9.43462e+07	0.223463	0	0        0   1.46156e+06      0      9.5704    12.9716    0
15.2765	2430829	0	218.355	0.146968	0.180209	0.0223159	0.0320754	0.0223042	0	0	0	0	0	0	-1.6673e+08	0.161822	0	0        0   2.58168e+06      0      12.9716    17.5814    0
20.7055	4343636	0	213.953	0.107728	0.141344	0.0163532	0.0269577	0.0163337	0	0	0	0	0	0	-2.97908e+08	0.118274	0	0        0   4.61306e+06      0      17.5814    23.8296    0
28.0639	7763212	0	210.093	0.0791257	0.167883	0.0120042	0.000742281	0.0120141	0	0	0	0	0	0	-5.3244e+08	0.0865662	0	0        0   8.24463e+06      0      23.8296    32.2982    0
38.0373	13962795	0	207.806	0.0583476	0.117542	0.00885785	0.0108583	0.00885486	0	0	0	0	0	0	-9.57738e+08	0.0637732	0	0        0   1.4822e+07      0      32.2982    43.7764    0
51.5551	25124147	0	206.197	0.0431557	0.0924034	0.00654682	-0.00821638	0.006547	0	0	0	0	0	0	-1.72342e+09	0.0471188	0	0        0   2.66731e+07      0      43.7764    59.3338    0
69.8769	45382883	0	205.94	0.0320786	0.0572367	0.00486904	-0.0175428	0.00486713	0	0	0	0	0	0	-3.11269e+09	0.0349867	0	0        0   4.81934e+07      0      59.3338    80.42    0
94.7099	81755072	0	205.828	0.0238857	0.0246451	0.00362318	-0.0109197	0.00362232	0	0	0	0	0	0	-5.60862e+09	0.0260862	0	0        0   8.67934e+07      0      80.42    109    0
