# 1bin_value	2data_points	3sqrt(data_points)	4W	5W_err	6e+	7e+_err	8eX 9eX_err	10e++ 	11e++_err		12eXX	13eXX_err		14e+X	15e+X_err 	16theta          17theta_err       17num_den	18num_err 19LS_err     20wt_num     21wt_num_err  22r_low   23r_high 24sig_crit
0.117769	1398	0	203.565	6.00443	0	0	0	0	0	0	0	0	0	0	-1301.63	153214	0	0        0   1501.76      0      0.1    0.135538    0
0.159622	2629	0	202.408	4.34253	0	0	0	0	0	0	0	0	0	0	-1305.02	286535	0	0        0   2808.47      0      0.135538    0.183706    0
0.216349	4680	0	197.922	3.18036	0	0	0	0	0	0	0	0	0	0	-1262.27	505863	0	0        0   5034.95      0      0.183706    0.248992    0
0.293236	8618	0	200.121	2.3492	0	0	0	0	0	0	0	0	0	0	-1278.06	928251	0	0        0   9247.48      0      0.248992    0.33748    0
0.397447	15745	0	198.351	1.72747	0	0	0	0	0	0	0	0	0	0	-1274.62	1.70318e+06	0	0        0   16811.4      0      0.33748    0.457415    0
0.538693	28569	0	198.851	1.28579	0	0	0	0	0	0	0	0	0	0	-1273.34	3.08134e+06	0	0        0   30572.5      0      0.457415    0.619972    0
0.730136	52911	0	201.291	0.958672	0	0	0	0	0	0	0	0	0	0	-1290.25	5.72185e+06	0	0        0   56612.6      0      0.619972    0.8403    0
0.989614	96019	0	199.593	0.704976	0	0	0	0	0	0	0	0	0	0	-1279.1	1.03788e+07	0	0        0   102801      0      0.8403    1.13893    0
1.34131	175991	0	199.812	0.520687	0	0	0	0	0	0	0	0	0	0	-1281.03	1.90004e+07	0	0        0   188199      0      1.13893    1.54368    0
1.81798	322467	0	199.705	0.38447	0	0	0	0	0	0	0	0	0	0	-1281.71	3.48647e+07	0	0        0   344786      0      1.54368    2.09228    0
2.46406	589404	0	199.919	0.28512	0	0	0	0	0	0	0	0	0	0	-1281.27	6.36808e+07	0	0        0   630721      0      2.09228    2.83584    0
3.33975	1076381	0	199.623	0.210584	0	0	0	0	0	0	0	0	0	0	-1279.35	1.16278e+08	0	0        0   1.15187e+06      0      2.83584    3.84365    0
4.52664	1970638	0	200.179	0.156102	0	0	0	0	0	0	0	0	0	0	-1283.27	2.1286e+08	0	0        0   2.10829e+06      0      3.84365    5.20962    0
6.13533	3598446	0	199.889	0.115344	0	0	0	0	0	0	0	0	0	0	-1281.85	3.88788e+08	0	0        0   3.84858e+06      0      5.20962    7.06103    0
8.31572	6592945	0	199.884	0.0852049	0	0	0	0	0	0	0	0	0	0	-1281.9	7.12151e+08	0	0        0   7.0496e+06      0      7.06103    9.5704    0
11.271	12080698	0	199.962	0.0629798	0	0	0	0	0	0	0	0	0	0	-1282.63	1.30557e+09	0	0        0   1.29171e+07      0      9.5704    12.9716    0
15.2765	22030995	0	199.964	0.0466387	0	0	0	0	0	0	0	0	0	0	-1282.81	2.38095e+09	0	0        0   2.35536e+07      0      12.9716    17.5814    0
20.7055	40232011	0	199.994	0.0345225	0	0	0	0	0	0	0	0	0	0	-1282.99	4.34818e+09	0	0        0   4.30112e+07      0      17.5814    23.8296    0
28.0639	73299674	0	199.944	0.0255717	0	0	0	0	0	0	0	0	0	0	-1283.05	7.92477e+09	0	0        0   7.83423e+07      0      23.8296    32.2982    0
38.0373	133329103	0	199.884	0.0189571	0	0	0	0	0	0	0	0	0	0	-1283.14	1.44201e+10	0	0        0   1.42453e+08      0      32.2982    43.7764    0
51.5551	241956602	0	199.849	0.0140722	0	0	0	0	0	0	0	0	0	0	-1283.29	2.61787e+10	0	0        0   2.5843e+08      0      43.7764    59.3338    0
69.8769	437845080	0	199.814	0.0104617	0	0	0	0	0	0	0	0	0	0	-1283.48	4.73992e+10	0	0        0   4.67524e+08      0      59.3338    80.42    0
94.7099	789151245	0	199.781	0.00779349	0	0	0	0	0	0	0	0	0	0	-1283.9	8.54838e+10	0	0        0   8.42266e+08      0      80.42    109    0
