# 1bin_value	2data_points	3sqrt(data_points)	4W	5W_err	6e+	7e+_err	8eX 9eX_err	10e++ 	11e++_err		12eXX	13eXX_err		14e+X	15e+X_err 	16theta          17theta_err       17num_den	18num_err 19LS_err     20wt_num     21wt_num_err  22r_low   23r_high 24sig_crit
0.117769	1419	0	206.226	5.81239	0.0209318	0.847563	-0.862716	0.830938	0	0	0	0	0	0	-97576.4	14.0518	0	0        0   1419      0      0.1    0.135538    0
0.159622	2607	0	201.376	4.17663	0.0127372	0.58974	0.0740519	0.603026	0	0	0	0	0	0	-179087	10.0378	0	0        0   2607      0      0.135538    0.183706    0
0.216349	4711	0	198.711	3.05941	-0.204786	0.434443	-0.475656	0.443639	0	0	0	0	0	0	-324271	7.2566	0	0        0   4711      0      0.183706    0.248992    0
0.293236	8712	0	202.405	2.29385	0.343365	0.337368	0.322999	0.330229	0	0	0	0	0	0	-598392	5.47048	0	0        0   8712      0      0.248992    0.33748    0
0.397447	15875	0	201.317	1.69007	-0.00411295	0.244094	0.031861	0.243932	0	0	0	0	0	0	-1.08967e+06	4.03057	0	0        0   15875      0      0.33748    0.457415    0
0.538693	29173	0	203.628	1.26198	-0.00221256	0.182766	0.111258	0.183595	0	0	0	0	0	0	-2e+06	3.01449	0	0        0   29173      0      0.457415    0.619972    0
0.730136	52668	0	201.002	0.926556	0.0116011	0.134923	0.0986023	0.134517	0	0	0	0	0	0	-3.61601e+06	2.21203	0	0        0   52668      0      0.619972    0.8403    0
0.989614	96260	0	200.685	0.684033	0.0337928	0.0994009	-0.17471	0.099758	0	0	0	0	0	0	-6.6024e+06	1.62719	0	0        0   96260      0      0.8403    1.13893    0
1.34131	176800	0	201.506	0.507102	-0.0139832	0.0739744	0.0741273	0.0737006	0	0	0	0	0	0	-1.21263e+07	1.21047	0	0        0   176800      0      1.13893    1.54368    0
1.81798	322770	0	200.741	0.373753	-0.0050369	0.054351	-0.00996124	0.0543856	0	0	0	0	0	0	-2.21329e+07	0.889753	0	0        0   322770      0      1.54368    2.09228    0
2.46406	590944	0	201.154	0.27683	0.0895899	0.0402355	0.0814622	0.0402564	0	0	0	0	0	0	-4.05339e+07	0.659751	0	0        0   590944      0      2.09228    2.83584    0
3.33975	1079122	0	200.831	0.204526	0.0262488	0.0297107	0.00945787	0.0297374	0	0	0	0	0	0	-7.40232e+07	0.487415	0	0        0   1.07912e+06      0      2.83584    3.84365    0
4.52664	1975435	0	201.455	0.151657	0.0197239	0.0220321	0.0238722	0.0220221	0	0	0	0	0	0	-1.35494e+08	0.361738	0	0        0   1.97544e+06      0      3.84365    5.20962    0
6.13533	3611115	0	201.456	0.112181	0.00888947	0.0163093	0.0269628	0.0162959	0	0	0	0	0	0	-2.47643e+08	0.267822	0	0        0   3.61112e+06      0      5.20962    7.06103    0
8.31572	6620936	0	201.66	0.0829469	0.00621358	0.0120456	0.00860645	0.012048	0	0	0	0	0	0	-4.54004e+08	0.198255	0	0        0   6.62094e+06      0      7.06103    9.5704    0
11.271	12132723	0	201.791	0.0613235	0.019244	0.00890971	-0.00187758	0.00890562	0	0	0	0	0	0	-8.32132e+08	0.146762	0	0        0   1.21327e+07      0      9.5704    12.9716    0
15.2765	22144684	0	202.045	0.0454623	-0.00739924	0.0066033	-0.00433402	0.00660504	0	0	0	0	0	0	-1.51869e+09	0.109038	0	0        0   2.21447e+07      0      12.9716    17.5814    0
20.7055	40464704	0	202.263	0.0336778	-0.00416938	0.00489145	0.0102458	0.00489165	0	0	0	0	0	0	-2.77515e+09	0.0809474	0	0        0   4.04647e+07      0      17.5814    23.8296    0
28.0639	73775756	0	202.486	0.0249789	0.00117545	0.00362791	0.000448437	0.00362662	0	0	0	0	0	0	-5.05974e+09	0.0601995	0	0        0   7.37758e+07      0      23.8296    32.2982    0
38.0373	134319953	0	202.779	0.0185489	0.0109976	0.00269351	-0.00061824	0.00269331	0	0	0	0	0	0	-9.21226e+09	0.0448743	0	0        0   1.3432e+08      0      32.2982    43.7764    0
51.5551	243839194	0	203.006	0.013791	0.00881002	0.00200203	-0.000919618	0.00200164	0	0	0	0	0	0	-1.6723e+10	0.0335099	0	0        0   2.43839e+08      0      43.7764    59.3338    0
69.8769	441065486	0	203.12	0.0102682	0.0138643	0.00149041	-0.0118725	0.00149017	0	0	0	0	0	0	-3.0249e+10	0.0250931	0	0        0   4.41065e+08      0      59.3338    80.42    0
94.7099	794947253	0	203.423	0.0076686	0.0143641	0.00111278	-0.00869742	0.00111266	0	0	0	0	0	0	-5.45204e+10	0.0188853	0	0        0   7.94947e+08      0      80.42    109    0
