# 1bin_value	2data_points	3sqrt(data_points)	4W	5W_err	6e+	7e+_err	8eX 9eX_err	10e++ 	11e++_err		12eXX	13eXX_err		14e+X	15e+X_err 	16theta          17theta_err       17num_den	18num_err 19LS_err     20wt_num     21wt_num_err  22r_low   23r_high 24sig_crit
0.117769	581	0	751.283	36.0241	8.63549	5.18304	-0.0452314	4.80773	0	0	0	0	0	0	-40050.7	107.506	0	0        0   610.806      0      0.1    0.135538    0
0.159622	777	0	543.869	21.8217	1.79935	3.18473	0.0750099	3.11198	0	0	0	0	0	0	-53216.9	55.8991	0	0        0   812.852      0      0.135538    0.183706    0
0.216349	1135	0	434.812	14.1465	4.0305	1.91288	0.732146	1.96883	0	0	0	0	0	0	-77533.5	31.9464	0	0        0   1198.87      0      0.183706    0.248992    0
0.293236	1600	0	345.357	9.33664	3.45142	1.45032	-1.61224	1.54079	0	0	0	0	0	0	-109920	18.5994	0	0        0   1694.86      0      0.248992    0.33748    0
0.397447	3330	0	397.068	7.47882	1.98398	1.1588	-0.0623083	1.10693	0	0	0	0	0	0	-228288	14.6371	0	0        0   3556.28      0      0.33748    0.457415    0
0.538693	7036	0	466.35	6.03914	2.21331	0.949702	0.968252	0.94214	0	0	0	0	0	0	-482580	11.3135	0	0        0   7584.59      0      0.457415    0.619972    0
0.730136	10539	0	383.116	4.03231	1.24165	0.614478	-0.956376	0.63543	0	0	0	0	0	0	-723088	6.64034	0	0        0   11323      0      0.619972    0.8403    0
0.989614	16775	0	332.931	2.74097	-0.0400503	0.431472	1.10671	0.43109	0	0	0	0	0	0	-1.15089e+06	4.17942	0	0        0   17966.6      0      0.8403    1.13893    0
1.34131	28247	0	305.117	1.9307	0.219584	0.302706	-0.351734	0.306063	0	0	0	0	0	0	-1.9384e+06	2.76985	0	0        0   30085.6      0      1.13893    1.54368    0
1.81798	48267	0	286.512	1.38731	0.723406	0.219634	0.132862	0.217718	0	0	0	0	0	0	-3.30658e+06	1.92837	0	0        0   51557      0      1.54368    2.09228    0
2.46406	83390	0	270.002	0.990855	0.177387	0.156529	-0.076431	0.155313	0	0	0	0	0	0	-5.71661e+06	1.35296	0	0        0   88652.8      0      2.09228    2.83584    0
3.33975	144464	0	256.547	0.714764	0.419463	0.113482	0.0340754	0.113262	0	0	0	0	0	0	-9.90278e+06	0.957213	0	0        0   153732      0      2.83584    3.84365    0
4.52664	251571	0	245.275	0.51709	0.362818	0.0819481	0.0131438	0.0821149	0	0	0	0	0	0	-1.72547e+07	0.673338	0	0        0   267700      0      3.84365    5.20962    0
6.13533	442526	0	236.234	0.374825	0.294774	0.059497	-0.061042	0.0594069	0	0	0	0	0	0	-3.03434e+07	0.47951	0	0        0   470666      0      5.20962    7.06103    0
8.31572	783020	0	228.443	0.272747	0.21845	0.0433197	-0.0129332	0.0432703	0	0	0	0	0	0	-5.37028e+07	0.346237	0	0        0   832338      0      7.06103    9.5704    0
11.271	1390462	0	221.656	0.198434	0.127118	0.0315403	0.0421526	0.0315177	0	0	0	0	0	0	-9.53486e+07	0.251328	0	0        0   1.47719e+06      0      9.5704    12.9716    0
15.2765	2469036	0	216.061	0.145077	0.132273	0.0230294	0.0328012	0.0230667	0	0	0	0	0	0	-1.69326e+08	0.183585	0	0        0   2.62221e+06      0      12.9716    17.5814    0
20.7055	4411654	0	211.718	0.106353	0.109257	0.0169253	0.00938329	0.0168998	0	0	0	0	0	0	-3.02606e+08	0.13431	0	0        0   4.68539e+06      0      17.5814    23.8296    0
28.0639	7899227	0	208.287	0.0781836	0.0678283	0.0124401	0.0046762	0.0124229	0	0	0	0	0	0	-5.41892e+08	0.0990008	0	0        0   8.38872e+06      0      23.8296    32.2982    0
38.0373	14189085	0	205.819	0.0576395	0.0635807	0.00916423	0.0126279	0.00916378	0	0	0	0	0	0	-9.73271e+08	0.0732489	0	0        0   1.50635e+07      0      32.2982    43.7764    0
51.5551	25606181	0	204.861	0.0427186	0.0680354	0.0067887	-0.00505787	0.00679002	0	0	0	0	0	0	-1.75637e+09	0.054547	0	0        0   2.71837e+07      0      43.7764    59.3338    0
69.8769	46179685	0	204.384	0.0317596	0.061848	0.00504274	-0.00684604	0.00504705	0	0	0	0	0	0	-3.16781e+09	0.0409182	0	0        0   4.9039e+07      0      59.3338    80.42    0
94.7099	83171787	0	204.291	0.023665	0.0257864	0.00376018	0.00720145	0.00375891	0	0	0	0	0	0	-5.70538e+09	0.0308139	0	0        0   8.83008e+07      0      80.42    109    0
