# 1bin_value	2data_points	3sqrt(data_points)	4W	5W_err	6e+	7e+_err	8eX 9eX_err	10e++ 	11e++_err		12eXX	13eXX_err		14e+X	15e+X_err 	16theta          17theta_err       17num_den	18num_err 19LS_err     20wt_num     21wt_num_err  22r_low   23r_high 24sig_crit
0.117769	14551	0	200	0	0	0	0	0	0	0	0	0	0	0	0	0	0	0        0   14551      0      0.1    0.135538    0
0.159622	26486	0	200	0	0	0	0	0	0	0	0	0	0	0	0	0	0	0        0   26486      0      0.135538    0.183706    0
0.216349	49244	0	200	0	0	0	0	0	0	0	0	0	0	0	0	0	0	0        0   49244      0      0.183706    0.248992    0
0.293236	89311	0	200	0	0	0	0	0	0	0	0	0	0	0	0	0	0	0        0   89311      0      0.248992    0.33748    0
0.397447	162283	0	200	0	0	0	0	0	0	0	0	0	0	0	0	0	0	0        0   162283      0      0.33748    0.457415    0
0.538693	297679	0	200	0	0	0	0	0	0	0	0	0	0	0	0	0	0	0        0   297679      0      0.457415    0.619972    0
0.730136	542930	0	200	0	0	0	0	0	0	0	0	0	0	0	0	0	0	0        0   542930      0      0.619972    0.8403    0
0.989614	992084	0	200	0	0	0	0	0	0	0	0	0	0	0	0	0	0	0        0   992084      0      0.8403    1.13893    0
1.34131	1818532	0	200	0	0	0	0	0	0	0	0	0	0	0	0	0	0	0        0   1.81853e+06      0      1.13893    1.54368    0
1.81798	3326345	0	200	0	0	0	0	0	0	0	0	0	0	0	0	0	0	0        0   3.32634e+06      0      1.54368    2.09228    0
2.46406	6082635	0	200	0	0	0	0	0	0	0	0	0	0	0	0	0	0	0        0   6.08264e+06      0      2.09228    2.83584    0
3.33975	11124191	0	200	0	0	0	0	0	0	0	0	0	0	0	0	0	0	0        0   1.11242e+07      0      2.83584    3.84365    0
4.52664	20300842	0	200	0	0	0	0	0	0	0	0	0	0	0	0	0	0	0        0   2.03008e+07      0      3.84365    5.20962    0
6.13533	37126092	0	200	0	0	0	0	0	0	0	0	0	0	0	0	0	0	0        0   3.71261e+07      0      5.20962    7.06103    0
8.31572	68009479	0	200	0	0	0	0	0	0	0	0	0	0	0	0	0	0	0        0   6.80095e+07      0      7.06103    9.5704    0
11.271	124576326	0	200	0	0	0	0	0	0	0	0	0	0	0	0	0	0	0        0   1.24576e+08      0      9.5704    12.9716    0
15.2765	227186917	0	200	0	0	0	0	0	0	0	0	0	0	0	0	0	0	0        0   2.27187e+08      0      12.9716    17.5814    0
20.7055	414823459	0	200	0	0	0	0	0	0	0	0	0	0	0	0	0	0	0        0   4.14823e+08      0      17.5814    23.8296    0
28.0639	755790232	0	200	0	0	0	0	0	0	0	0	0	0	0	0	0	0	0        0   7.5579e+08      0      23.8296    32.2982    0
38.0373	1374845643	0	200	0	0	0	0	0	0	0	0	0	0	0	0	0	0	0        0   1.37485e+09      0      32.2982    43.7764    0
51.5551	2495216628	0	200	0	0	0	0	0	0	0	0	0	0	0	0	0	0	0        0   2.49522e+09      0      43.7764    59.3338    0
69.8769	4516451076	0	200	0	0	0	0	0	0	0	0	0	0	0	0	0	0	0        0   4.51645e+09      0      59.3338    80.42    0
94.7099	8144456130	0	200	0	0	0	0	0	0	0	0	0	0	0	0	0	0	0        0   8.14446e+09      0      80.42    109    0
