# 1bin_value	2data_points	3sqrt(data_points)	4W	5W_err	6e+	7e+_err	8eX 9eX_err	10e++ 	11e++_err		12eXX	13eXX_err		14e+X	15e+X_err 	16theta          17theta_err       17num_den	18num_err 19LS_err     20wt_num     21wt_num_err  22r_low   23r_high 24sig_crit
0.117769	586	0	753.39	35.7785	10.0785	5.138	0.286934	4.76805	0	0	0	0	0	0	-40406.5	105.108	0	0        0   617.515      0      0.1    0.135538    0
0.159622	776	0	539.772	21.651	1.7999	3.16676	0.257569	3.09102	0	0	0	0	0	0	-53150	55.1563	0	0        0   812.094      0      0.135538    0.183706    0
0.216349	1138	0	434.415	14.1017	3.76867	1.90746	0.677141	1.96169	0	0	0	0	0	0	-77731.3	31.6583	0	0        0   1202.07      0      0.183706    0.248992    0
0.293236	1598	0	343.999	9.31387	3.35679	1.44652	-1.72059	1.53726	0	0	0	0	0	0	-109799	18.6173	0	0        0   1691.99      0      0.248992    0.33748    0
0.397447	3343	0	398.36	7.4647	1.95875	1.15578	4.74617e-06	1.10446	0	0	0	0	0	0	-229298	14.3439	0	0        0   3576.99      0      0.33748    0.457415    0
0.538693	7086	0	468.122	6.02287	2.32924	0.946625	1.0668	0.93924	0	0	0	0	0	0	-486119	10.9248	0	0        0   7638.05      0      0.457415    0.619972    0
0.730136	10594	0	384.26	4.02013	1.23283	0.612593	-1.05586	0.633504	0	0	0	0	0	0	-726639	6.41645	0	0        0   11391.3      0      0.619972    0.8403    0
0.989614	16858	0	333.81	2.73514	-0.098753	0.430565	1.19005	0.430121	0	0	0	0	0	0	-1.15654e+06	4.00017	0	0        0   18049.1      0      0.8403    1.13893    0
1.34131	28399	0	306.178	1.92602	0.233924	0.301947	-0.431164	0.305293	0	0	0	0	0	0	-1.94856e+06	2.6376	0	0        0   30265.6      0      1.13893    1.54368    0
1.81798	48590	0	287.808	1.38416	0.685794	0.219122	0.111024	0.217198	0	0	0	0	0	0	-3.32831e+06	1.80746	0	0        0   51913      0      1.54368    2.09228    0
2.46406	84005	0	271.385	0.988531	0.167462	0.156148	-0.107095	0.154936	0	0	0	0	0	0	-5.75875e+06	1.24854	0	0        0   89322.4      0      2.09228    2.83584    0
3.33975	145621	0	257.983	0.712975	0.389221	0.113189	0.0426251	0.112969	0	0	0	0	0	0	-9.98247e+06	0.873714	0	0        0   154996      0      2.83584    3.84365    0
4.52664	253519	0	246.612	0.515827	0.339743	0.0817421	0.00971848	0.0819082	0	0	0	0	0	0	-1.73882e+07	0.612928	0	0        0   269834      0      3.84365    5.20962    0
6.13533	445691	0	237.404	0.37391	0.279513	0.0593487	-0.0439669	0.0592585	0	0	0	0	0	0	-3.05594e+07	0.438323	0	0        0   474163      0      5.20962    7.06103    0
8.31572	788895	0	229.649	0.272086	0.215843	0.0432122	-0.012149	0.043163	0	0	0	0	0	0	-5.41041e+07	0.314592	0	0        0   838797      0      7.06103    9.5704    0
11.271	1401389	0	222.892	0.197952	0.120709	0.0314619	0.0470727	0.0314393	0	0	0	0	0	0	-9.60977e+07	0.226836	0	0        0   1.48909e+06      0      9.5704    12.9716    0
15.2765	2489252	0	217.33	0.144716	0.133549	0.0229707	0.0272811	0.0230079	0	0	0	0	0	0	-1.70711e+08	0.164885	0	0        0   2.64432e+06      0      12.9716    17.5814    0
20.7055	4446860	0	212.906	0.106083	0.109447	0.0168815	0.00810769	0.016856	0	0	0	0	0	0	-3.0503e+08	0.120806	0	0        0   4.72388e+06      0      17.5814    23.8296    0
28.0639	7964677	0	209.506	0.0779808	0.0667106	0.0124071	0.00585057	0.01239	0	0	0	0	0	0	-5.4638e+08	0.0887904	0	0        0   8.46016e+06      0      23.8296    32.2982    0
38.0373	14306486	0	207.019	0.0574877	0.0580627	0.00913958	0.0138938	0.00913913	0	0	0	0	0	0	-9.81324e+08	0.0657421	0	0        0   1.51921e+07      0      32.2982    43.7764    0
51.5551	25819104	0	206.069	0.0426059	0.0620362	0.00677041	-0.00426066	0.00677172	0	0	0	0	0	0	-1.77095e+09	0.0490035	0	0        0   2.74176e+07      0      43.7764    59.3338    0
69.8769	46572101	0	205.635	0.031677	0.0589401	0.00502932	-0.00311148	0.00503362	0	0	0	0	0	0	-3.19471e+09	0.0367458	0	0        0   4.94706e+07      0      59.3338    80.42    0
94.7099	83893875	0	205.578	0.0236029	0.0222215	0.00375008	0.0128235	0.00374882	0	0	0	0	0	0	-5.75478e+09	0.0276881	0	0        0   8.9096e+07      0      80.42    109    0
