# 1bin_value	2data_points	3sqrt(data_points)	4W	5W_err	6e+	7e+_err	8eX 9eX_err	10e++ 	11e++_err		12eXX	13eXX_err		14e+X	15e+X_err 	16theta          17theta_err       17num_den	18num_err 19LS_err     20wt_num     21wt_num_err  22r_low   23r_high 24sig_crit
0.117769	1491	0	205.99	5.65252	0.739009	0.855057	-0.0312691	0.869716	0	0	0	0	0	0	-102223	13.5615	0	0        0   1491      0      0.1    0.135538    0
0.159622	2685	0	203.729	4.16111	-0.160379	0.633944	0.427907	0.627774	0	0	0	0	0	0	-183424	9.8923	0	0        0   2685      0      0.135538    0.183706    0
0.216349	4932	0	201.085	3.02873	-0.192187	0.461721	0.30226	0.459367	0	0	0	0	0	0	-338186	7.19867	0	0        0   4932      0      0.183706    0.248992    0
0.293236	8972	0	201.697	2.25436	0.219413	0.344012	0.554559	0.343955	0	0	0	0	0	0	-615080	5.39853	0	0        0   8972      0      0.248992    0.33748    0
0.397447	16227	0	200.966	1.66917	-0.175495	0.252727	0.0409543	0.25354	0	0	0	0	0	0	-1.11047e+06	3.96121	0	0        0   16227      0      0.33748    0.457415    0
0.538693	29729	0	200.69	1.23041	-0.266126	0.188127	-0.174849	0.187156	0	0	0	0	0	0	-2.03611e+06	2.91119	0	0        0   29729      0      0.457415    0.619972    0
0.730136	54138	0	200.337	0.910059	-0.0496763	0.1387	-0.138884	0.139257	0	0	0	0	0	0	-3.71452e+06	2.15669	0	0        0   54138      0      0.619972    0.8403    0
0.989614	99446	0	201.402	0.675066	-0.0769669	0.102684	0.0575042	0.10289	0	0	0	0	0	0	-6.82222e+06	1.59769	0	0        0   99446      0      0.8403    1.13893    0
1.34131	182107	0	201.273	0.498743	-0.0117345	0.0760005	-0.0969609	0.0758095	0	0	0	0	0	0	-1.24894e+07	1.18508	0	0        0   182107      0      1.13893    1.54368    0
1.81798	331741	0	200.488	0.367916	0.0801335	0.0559011	-0.0210149	0.0560968	0	0	0	0	0	0	-2.27533e+07	0.871455	0	0        0   331741      0      1.54368    2.09228    0
2.46406	608851	0	201.201	0.27267	0.102574	0.0415166	-0.052998	0.0414802	0	0	0	0	0	0	-4.17375e+07	0.647505	0	0        0   608851      0      2.09228    2.83584    0
3.33975	1114367	0	201.378	0.201733	-0.0511253	0.0306636	-0.0184744	0.0307032	0	0	0	0	0	0	-7.64274e+07	0.479279	0	0        0   1.11437e+06      0      2.83584    3.84365    0
4.52664	2038361	0	201.872	0.149559	0.00439582	0.022742	-0.0433947	0.0227541	0	0	0	0	0	0	-1.39802e+08	0.355939	0	0        0   2.03836e+06      0      3.84365    5.20962    0
6.13533	3731454	0	202.108	0.110681	0.000353752	0.016844	-0.0113209	0.0168482	0	0	0	0	0	0	-2.55887e+08	0.263586	0	0        0   3.73145e+06      0      5.20962    7.06103    0
8.31572	6836443	0	202.166	0.0818016	0.000448382	0.0124466	0.00174374	0.0124526	0	0	0	0	0	0	-4.68861e+08	0.194985	0	0        0   6.83644e+06      0      7.06103    9.5704    0
11.271	12543911	0	202.557	0.0605188	0.000148123	0.00920982	-0.0129617	0.00921459	0	0	0	0	0	0	-8.60195e+08	0.144464	0	0        0   1.25439e+07      0      9.5704    12.9716    0
15.2765	22876944	0	202.632	0.044839	-0.00423396	0.00682329	-0.00906367	0.00682394	0	0	0	0	0	0	-1.569e+09	0.1072	0	0        0   2.28769e+07      0      12.9716    17.5814    0
20.7055	41797921	0	202.842	0.0332159	-0.0142568	0.00505442	-0.000382466	0.0050562	0	0	0	0	0	0	-2.86663e+09	0.0795629	0	0        0   4.17979e+07      0      17.5814    23.8296    0
28.0639	76223246	0	203.134	0.0246417	0.00316256	0.00375014	0.00747663	0.00374947	0	0	0	0	0	0	-5.22762e+09	0.0591855	0	0        0   7.62232e+07      0      23.8296    32.2982    0
38.0373	138746555	0	203.41	0.0182983	0.0076029	0.00278409	0.00220682	0.00278393	0	0	0	0	0	0	-9.51544e+09	0.0441059	0	0        0   1.38747e+08      0      32.2982    43.7764    0
51.5551	251913876	0	203.69	0.0136071	0.00376895	0.00206932	-0.00357415	0.00206959	0	0	0	0	0	0	-1.72778e+10	0.0329425	0	0        0   2.51914e+08      0      43.7764    59.3338    0
69.8769	455857204	0	203.909	0.0101342	0.00612564	0.00154071	-0.00661552	0.00154068	0	0	0	0	0	0	-3.12658e+10	0.0246718	0	0        0   4.55857e+08      0      59.3338    80.42    0
94.7099	821970992	0	204.248	0.00756775	0.00221976	0.00115029	-0.00368976	0.00115018	0	0	0	0	0	0	-5.63764e+10	0.0185598	0	0        0   8.21971e+08      0      80.42    109    0
