# 1bin_value	2data_points	3sqrt(data_points)	4W	5W_err	6e+	7e+_err	8eX 9eX_err	10e++ 	11e++_err		12eXX	13eXX_err		14e+X	15e+X_err 	16theta          17theta_err       17num_den	18num_err 19LS_err     20wt_num     21wt_num_err  22r_low   23r_high 24sig_crit
0.117769	1501	0	206.699	5.63502	0.616699	0.852345	-0.0611399	0.866445	0	0	0	0	0	0	-102948	13.1734	0	0        0   1501      0      0.1    0.135538    0
0.159622	2702	0	204.01	4.14014	-0.133306	0.63072	0.413157	0.624884	0	0	0	0	0	0	-184566	9.60617	0	0        0   2702      0      0.135538    0.183706    0
0.216349	4968	0	201.849	3.01867	-0.141676	0.460053	0.394429	0.457679	0	0	0	0	0	0	-340771	6.97191	0	0        0   4968      0      0.183706    0.248992    0
0.293236	9080	0	203.388	2.24789	0.19317	0.342763	0.496344	0.342682	0	0	0	0	0	0	-622581	5.16341	0	0        0   9080      0      0.248992    0.33748    0
0.397447	16388	0	202.307	1.6648	-0.130302	0.251903	0.0198053	0.25273	0	0	0	0	0	0	-1.1214e+06	3.82194	0	0        0   16388      0      0.33748    0.457415    0
0.538693	29973	0	201.561	1.22623	-0.254158	0.187418	-0.19475	0.186451	0	0	0	0	0	0	-2.05293e+06	2.81974	0	0        0   29973      0      0.457415    0.619972    0
0.730136	54607	0	201.334	0.907138	-0.0622908	0.138192	-0.111999	0.138746	0	0	0	0	0	0	-3.74697e+06	2.08491	0	0        0   54607      0      0.619972    0.8403    0
0.989614	100251	0	202.279	0.672843	-0.108231	0.102305	0.05213	0.102511	0	0	0	0	0	0	-6.87706e+06	1.54892	0	0        0   100251      0      0.8403    1.13893    0
1.34131	183718	0	202.225	0.496924	-0.0159665	0.0756906	-0.0966188	0.0755008	0	0	0	0	0	0	-1.26004e+07	1.14479	0	0        0   183718      0      1.13893    1.54368    0
1.81798	334538	0	201.364	0.366587	0.0772663	0.0556773	-0.0120529	0.0558723	0	0	0	0	0	0	-2.29462e+07	0.842839	0	0        0   334538      0      1.54368    2.09228    0
2.46406	614408	0	202.232	0.271717	0.0948594	0.0413523	-0.0493393	0.0413161	0	0	0	0	0	0	-4.21191e+07	0.625153	0	0        0   614408      0      2.09228    2.83584    0
3.33975	1124351	0	202.364	0.20101	-0.0501878	0.0305401	-0.0176715	0.0305795	0	0	0	0	0	0	-7.71111e+07	0.462985	0	0        0   1.12435e+06      0      2.83584    3.84365    0
4.52664	2056837	0	202.862	0.149009	0.00441795	0.0226482	-0.0470348	0.0226602	0	0	0	0	0	0	-1.41073e+08	0.343613	0	0        0   2.05684e+06      0      3.84365    5.20962    0
6.13533	3765908	0	203.114	0.110264	-0.00323695	0.0167729	-0.00933277	0.0167771	0	0	0	0	0	0	-2.58251e+08	0.254343	0	0        0   3.76591e+06      0      5.20962    7.06103    0
8.31572	6900073	0	203.168	0.0814856	-0.000333477	0.0123929	0.000620763	0.0123988	0	0	0	0	0	0	-4.73224e+08	0.188082	0	0        0   6.90007e+06      0      7.06103    9.5704    0
11.271	12663306	0	203.57	0.060276	-0.00113974	0.00916866	-0.0119746	0.00917341	0	0	0	0	0	0	-8.68385e+08	0.139237	0	0        0   1.26633e+07      0      9.5704    12.9716    0
15.2765	23101178	0	203.669	0.0446521	-0.00614815	0.00679165	-0.00850446	0.0067923	0	0	0	0	0	0	-1.58439e+09	0.103209	0	0        0   2.31012e+07      0      12.9716    17.5814    0
20.7055	42219795	0	203.899	0.033071	-0.0146013	0.00502996	-0.00088133	0.00503173	0	0	0	0	0	0	-2.89556e+09	0.0765175	0	0        0   4.22198e+07      0      17.5814    23.8296    0
28.0639	77029381	0	204.232	0.0245278	0.00322099	0.00373095	0.00601315	0.00373028	0	0	0	0	0	0	-5.28286e+09	0.0568214	0	0        0   7.70294e+07      0      23.8296    32.2982    0
38.0373	140292909	0	204.555	0.0182079	0.00798705	0.0027689	0.00184859	0.00276875	0	0	0	0	0	0	-9.62145e+09	0.0422558	0	0        0   1.40293e+08      0      32.2982    43.7764    0
51.5551	254909956	0	204.903	0.0135347	0.00495393	0.00205718	-0.00172058	0.00205744	0	0	0	0	0	0	-1.74832e+10	0.031477	0	0        0   2.5491e+08      0      43.7764    59.3338    0
69.8769	461686974	0	205.207	0.0100759	0.00822922	0.00153093	-0.00532441	0.00153091	0	0	0	0	0	0	-3.16659e+10	0.0235009	0	0        0   4.61687e+08      0      59.3338    80.42    0
94.7099	833406053	0	205.644	0.00751969	0.00441754	0.00114226	-0.00302589	0.00114215	0	0	0	0	0	0	-5.71616e+10	0.0176114	0	0        0   8.33406e+08      0      80.42    109    0
