# 1bin_value	2data_points	3sqrt(data_points)	4W	5W_err	6e+	7e+_err	8eX 9eX_err	10e++ 	11e++_err		12eXX	13eXX_err		14e+X	15e+X_err 	16theta          17theta_err       17num_den	18num_err 19LS_err     20wt_num     21wt_num_err  22r_low   23r_high 24sig_crit
0.117769	576	0	738.816	35.6078	9.40477	5.13585	1.01954	4.75891	0	0	0	0	0	0	-39734.6	106.384	0	0        0   606.713      0      0.1    0.135538    0
0.159622	786	0	547.661	21.7093	1.55543	3.16696	0.0925258	3.09195	0	0	0	0	0	0	-53795.5	54.2157	0	0        0   822.935      0      0.135538    0.183706    0
0.216349	1138	0	434.779	14.1124	3.57203	1.90934	0.540179	1.96359	0	0	0	0	0	0	-77726	31.707	0	0        0   1202.14      0      0.183706    0.248992    0
0.293236	1606	0	346.113	9.32654	3.29823	1.44845	-1.7213	1.53852	0	0	0	0	0	0	-110342	18.3099	0	0        0   1700.88      0      0.248992    0.33748    0
0.397447	3358	0	399.979	7.46926	2.09235	1.1563	0.0595661	1.10463	0	0	0	0	0	0	-230286	14.0986	0	0        0   3590.15      0      0.33748    0.457415    0
0.538693	7095	0	468.875	6.02299	2.23144	0.946844	1.06959	0.9393	0	0	0	0	0	0	-486637	10.8646	0	0        0   7649.21      0      0.457415    0.619972    0
0.730136	10602	0	384.524	4.02004	1.30898	0.612571	-1.07681	0.63351	0	0	0	0	0	0	-727264	6.37359	0	0        0   11399.2      0      0.619972    0.8403    0
0.989614	16868	0	334.124	2.73429	-0.161448	0.430409	1.18212	0.429977	0	0	0	0	0	0	-1.15736e+06	3.96841	0	0        0   18072      0      0.8403    1.13893    0
1.34131	28412	0	306.202	1.92573	0.241711	0.301896	-0.379804	0.305242	0	0	0	0	0	0	-1.94925e+06	2.63581	0	0        0   30274.9      0      1.13893    1.54368    0
1.81798	48639	0	288.072	1.38377	0.670137	0.219059	0.112559	0.217138	0	0	0	0	0	0	-3.33163e+06	1.78723	0	0        0   51975.3      0      1.54368    2.09228    0
2.46406	84078	0	271.49	0.988084	0.180378	0.156077	-0.0952906	0.154865	0	0	0	0	0	0	-5.76389e+06	1.23459	0	0        0   89396.8      0      2.09228    2.83584    0
3.33975	145813	0	258.228	0.712725	0.40834	0.113148	0.036542	0.112928	0	0	0	0	0	0	-9.9955e+06	0.858685	0	0        0   155194      0      2.83584    3.84365    0
4.52664	253635	0	246.609	0.515588	0.335607	0.0817045	0.0217238	0.0818703	0	0	0	0	0	0	-1.73964e+07	0.608692	0	0        0   269957      0      3.84365    5.20962    0
6.13533	446042	0	237.441	0.373721	0.278673	0.0593187	-0.0380527	0.0592285	0	0	0	0	0	0	-3.05837e+07	0.433355	0	0        0   474482      0      5.20962    7.06103    0
8.31572	789449	0	229.684	0.271948	0.212139	0.0431904	-0.0109247	0.043141	0	0	0	0	0	0	-5.41419e+07	0.311445	0	0        0   839358      0      7.06103    9.5704    0
11.271	1402013	0	222.864	0.197845	0.121488	0.031445	0.0504278	0.0314224	0	0	0	0	0	0	-9.61392e+07	0.225376	0	0        0   1.48972e+06      0      9.5704    12.9716    0
15.2765	2490145	0	217.294	0.144642	0.135458	0.0229589	0.0320509	0.0229961	0	0	0	0	0	0	-1.70771e+08	0.163981	0	0        0   2.64523e+06      0      12.9716    17.5814    0
20.7055	4448881	0	212.89	0.106029	0.10711	0.0168728	0.00630959	0.0168474	0	0	0	0	0	0	-3.05166e+08	0.11999	0	0        0   4.72597e+06      0      17.5814    23.8296    0
28.0639	7967505	0	209.467	0.0779411	0.0670964	0.0124009	0.00316521	0.0123837	0	0	0	0	0	0	-5.46575e+08	0.088303	0	0        0   8.46298e+06      0      23.8296    32.2982    0
38.0373	14312543	0	206.995	0.0574584	0.0572851	0.00913493	0.0117599	0.00913448	0	0	0	0	0	0	-9.81739e+08	0.0653346	0	0        0   1.51983e+07      0      32.2982    43.7764    0
51.5551	25831534	0	206.062	0.0425841	0.0627997	0.00676695	-0.00677827	0.00676826	0	0	0	0	0	0	-1.77183e+09	0.0486252	0	0        0   2.74309e+07      0      43.7764    59.3338    0
69.8769	46607210	0	205.696	0.0316621	0.0579141	0.00502695	-0.00537351	0.00503125	0	0	0	0	0	0	-3.19709e+09	0.0363543	0	0        0   4.95089e+07      0      59.3338    80.42    0
94.7099	83952708	0	205.66	0.0235954	0.0229942	0.00374888	0.0102261	0.00374761	0	0	0	0	0	0	-5.75871e+09	0.0274323	0	0        0   8.91608e+07      0      80.42    109    0
