# 1bin_value	2data_points	3sqrt(data_points)	4W	5W_err	6e+	7e+_err	8eX 9eX_err	10e++ 	11e++_err		12eXX	13eXX_err		14e+X	15e+X_err 	16theta          17theta_err       17num_den	18num_err 19LS_err     20wt_num     21wt_num_err  22r_low   23r_high 24sig_crit
0.117769	576	0	745.718	35.8751	10.0191	5.16547	0.0741781	4.7954	0	0	0	0	0	0	-39717.4	107.41	0	0        0   607.658      0      0.1    0.135538    0
0.159622	767	0	535.892	21.7212	0.986762	3.1772	0.0468419	3.1038	0	0	0	0	0	0	-52517.6	56.8736	0	0        0   802.522      0      0.135538    0.183706    0
0.216349	1128	0	432.441	14.1653	3.73949	1.91749	0.886847	1.97152	0	0	0	0	0	0	-76988.5	32.8458	0	0        0   1190.61      0      0.183706    0.248992    0
0.293236	1574	0	340.614	9.34584	3.33559	1.45266	-1.62832	1.54101	0	0	0	0	0	0	-108032	19.952	0	0        0   1668.47      0      0.248992    0.33748    0
0.397447	3297	0	395.037	7.49685	2.57104	1.16143	-0.0680414	1.1094	0	0	0	0	0	0	-226058	15.2576	0	0        0   3528.79      0      0.33748    0.457415    0
0.538693	7015	0	465.463	6.04227	1.95499	0.950324	1.11523	0.942746	0	0	0	0	0	0	-481108	11.4812	0	0        0   7565.4      0      0.457415    0.619972    0
0.730136	10487	0	381.73	4.03193	1.27669	0.614633	-1.11278	0.635493	0	0	0	0	0	0	-719416	6.81565	0	0        0   11278.9      0      0.619972    0.8403    0
0.989614	16695	0	332.216	2.7444	-0.0825747	0.432095	1.27418	0.43162	0	0	0	0	0	0	-1.14524e+06	4.32427	0	0        0   17900.6      0      0.8403    1.13893    0
1.34131	28121	0	304.232	1.93252	0.239076	0.303028	-0.33018	0.30639	0	0	0	0	0	0	-1.92935e+06	2.88475	0	0        0   29967      0      1.13893    1.54368    0
1.81798	48066	0	285.864	1.38923	0.712165	0.219959	0.156373	0.218027	0	0	0	0	0	0	-3.29255e+06	2.00462	0	0        0   51364.5      0      1.54368    2.09228    0
2.46406	83060	0	269.41	0.992151	0.164545	0.156743	-0.118706	0.155523	0	0	0	0	0	0	-5.69379e+06	1.40536	0	0        0   88336.6      0      2.09228    2.83584    0
3.33975	143985	0	256.118	0.715604	0.445818	0.113618	0.0242939	0.113399	0	0	0	0	0	0	-9.87027e+06	0.988984	0	0        0   153287      0      2.83584    3.84365    0
4.52664	250598	0	244.776	0.517762	0.359505	0.0820575	0.0241037	0.0822244	0	0	0	0	0	0	-1.71876e+07	0.701662	0	0        0   266797      0      3.84365    5.20962    0
6.13533	440603	0	235.642	0.375352	0.28551	0.059583	-0.0418713	0.0594926	0	0	0	0	0	0	-3.02114e+07	0.502822	0	0        0   468794      0      5.20962    7.06103    0
8.31572	779095	0	227.753	0.273144	0.215609	0.0433844	-0.0129783	0.0433348	0	0	0	0	0	0	-5.3435e+07	0.365758	0	0        0   828577      0      7.06103    9.5704    0
11.271	1383883	0	221.072	0.198745	0.12626	0.0315908	0.0537817	0.031568	0	0	0	0	0	0	-9.48968e+07	0.264952	0	0        0   1.4709e+06      0      9.5704    12.9716    0
15.2765	2457444	0	215.541	0.145327	0.134838	0.0230695	0.0284619	0.0231069	0	0	0	0	0	0	-1.68532e+08	0.193486	0	0        0   2.61128e+06      0      12.9716    17.5814    0
20.7055	4388888	0	211.145	0.106552	0.107283	0.0169574	0.00539757	0.0169319	0	0	0	0	0	0	-3.0105e+08	0.14227	0	0        0   4.66376e+06      0      17.5814    23.8296    0
28.0639	7855497	0	207.682	0.0783453	0.0692451	0.0124662	0.0077553	0.012449	0	0	0	0	0	0	-5.38879e+08	0.105387	0	0        0   8.34674e+06      0      23.8296    32.2982    0
38.0373	14102878	0	205.169	0.0577748	0.064663	0.00918601	0.014483	0.00918556	0	0	0	0	0	0	-9.67345e+08	0.0783915	0	0        0   1.49803e+07      0      32.2982    43.7764    0
51.5551	25432545	0	204.153	0.0428354	0.0664893	0.00680747	-0.00745251	0.0068088	0	0	0	0	0	0	-1.74441e+09	0.0587843	0	0        0   2.70147e+07      0      43.7764    59.3338    0
69.8769	45834973	0	203.652	0.0318642	0.0602114	0.00505951	-0.00560133	0.00506383	0	0	0	0	0	0	-3.14405e+09	0.0443571	0	0        0   4.87007e+07      0      59.3338    80.42    0
94.7099	82446310	0	203.465	0.0237613	0.0242586	0.00377561	0.0135067	0.00377434	0	0	0	0	0	0	-5.65536e+09	0.0337808	0	0        0   8.7583e+07      0      80.42    109    0
