# 1bin_value	2data_points	3sqrt(data_points)	4W	5W_err	6e+	7e+_err	8eX 9eX_err	10e++ 	11e++_err		12eXX	13eXX_err		14e+X	15e+X_err 	16theta          17theta_err       17num_den	18num_err 19LS_err     20wt_num     21wt_num_err  22r_low   23r_high 24sig_crit
0.117769	1429	0	195.873	5.65081	0	0	0	0	0	0	0	0	0	0	-1257.85	153439	0	0        0   1521.33      0      0.1    0.135538    0
0.159622	2615	0	196.808	4.18448	0	0	0	0	0	0	0	0	0	0	-1261.19	279936	0	0        0   2781.08      0      0.135538    0.183706    0
0.216349	4924	0	199.742	3.09923	0	0	0	0	0	0	0	0	0	0	-1285.05	532956	0	0        0   5255.03      0      0.183706    0.248992    0
0.293236	8923	0	199.943	2.31879	0	0	0	0	0	0	0	0	0	0	-1277.45	961996	0	0        0   9569.17      0      0.248992    0.33748    0
0.397447	16302	0	200.766	1.72037	0	0	0	0	0	0	0	0	0	0	-1287.14	1.75828e+06	0	0        0   17423.3      0      0.33748    0.457415    0
0.538693	29855	0	200.187	1.26577	0	0	0	0	0	0	0	0	0	0	-1287.55	3.23024e+06	0	0        0   31871      0      0.457415    0.619972    0
0.730136	54319	0	200.127	0.939534	0	0	0	0	0	0	0	0	0	0	-1281.86	5.85396e+06	0	0        0   58119.1      0      0.619972    0.8403    0
0.989614	99705	0	200.976	0.697125	0	0	0	0	0	0	0	0	0	0	-1288.94	1.07665e+07	0	0        0   106664      0      0.8403    1.13893    0
1.34131	183103	0	201.294	0.514917	0	0	0	0	0	0	0	0	0	0	-1291.11	1.97669e+07	0	0        0   195850      0      1.13893    1.54368    0
1.81798	332072	0	199.653	0.379486	0	0	0	0	0	0	0	0	0	0	-1280.07	3.58253e+07	0	0        0   355277      0      1.54368    2.09228    0
2.46406	608793	0	200.274	0.281137	0	0	0	0	0	0	0	0	0	0	-1283.06	6.56656e+07	0	0        0   651642      0      2.09228    2.83584    0
3.33975	1113271	0	200.063	0.207513	0	0	0	0	0	0	0	0	0	0	-1282.98	1.20099e+08	0	0        0   1.19076e+06      0      2.83584    3.84365    0
4.52664	2034769	0	200.136	0.153521	0	0	0	0	0	0	0	0	0	0	-1284.69	2.19492e+08	0	0        0   2.17411e+06      0      3.84365    5.20962    0
6.13533	3713215	0	199.81	0.113468	0	0	0	0	0	0	0	0	0	0	-1281.96	4.0058e+08	0	0        0   3.96947e+06      0      5.20962    7.06103    0
8.31572	6806998	0	199.927	0.0838651	0	0	0	0	0	0	0	0	0	0	-1282.9	7.34338e+08	0	0        0   7.27528e+06      0      7.06103    9.5704    0
11.271	12467691	0	199.895	0.0619544	0	0	0	0	0	0	0	0	0	0	-1282.94	1.34534e+09	0	0        0   1.33233e+07      0      9.5704    12.9716    0
15.2765	22734924	0	199.852	0.045872	0	0	0	0	0	0	0	0	0	0	-1282.84	2.45337e+09	0	0        0   2.42929e+07      0      12.9716    17.5814    0
20.7055	41497449	0	199.772	0.0339426	0	0	0	0	0	0	0	0	0	0	-1282.42	4.47781e+09	0	0        0   4.43351e+07      0      17.5814    23.8296    0
28.0639	75646674	0	199.813	0.0251424	0	0	0	0	0	0	0	0	0	0	-1283.14	8.16356e+09	0	0        0   8.07931e+07      0      23.8296    32.2982    0
38.0373	137606414	0	199.762	0.0186385	0	0	0	0	0	0	0	0	0	0	-1283.19	1.48513e+10	0	0        0   1.46923e+08      0      32.2982    43.7764    0
51.5551	249785586	0	199.759	0.0138347	0	0	0	0	0	0	0	0	0	0	-1283.56	2.69617e+10	0	0        0   2.66618e+08      0      43.7764    59.3338    0
69.8769	452122672	0	199.739	0.0102832	0	0	0	0	0	0	0	0	0	0	-1283.79	4.88086e+10	0	0        0   4.82453e+08      0      59.3338    80.42    0
94.7099	815231085	0	199.683	0.00765663	0	0	0	0	0	0	0	0	0	0	-1284.05	8.80379e+10	0	0        0   8.69513e+08      0      80.42    109    0
