# 1bin_value	2data_points	3sqrt(data_points)	4W	5W_err	6e+	7e+_err	8eX 9eX_err	10e++ 	11e++_err		12eXX	13eXX_err		14e+X	15e+X_err 	16theta          17theta_err       17num_den	18num_err 19LS_err     20wt_num     21wt_num_err  22r_low   23r_high 24sig_crit
0.117769	14509	0	200	0	0	0	0	0	0	0	0	0	0	0	0	0	0	0        0   14509      0      0.1    0.135538    0
0.159622	26338	0	200	0	0	0	0	0	0	0	0	0	0	0	0	0	0	0        0   26338      0      0.135538    0.183706    0
0.216349	49031	0	200	0	0	0	0	0	0	0	0	0	0	0	0	0	0	0        0   49031      0      0.183706    0.248992    0
0.293236	88960	0	200	0	0	0	0	0	0	0	0	0	0	0	0	0	0	0        0   88960      0      0.248992    0.33748    0
0.397447	161556	0	200	0	0	0	0	0	0	0	0	0	0	0	0	0	0	0        0   161556      0      0.33748    0.457415    0
0.538693	296354	0	200	0	0	0	0	0	0	0	0	0	0	0	0	0	0	0        0   296354      0      0.457415    0.619972    0
0.730136	540517	0	200	0	0	0	0	0	0	0	0	0	0	0	0	0	0	0        0   540517      0      0.619972    0.8403    0
0.989614	987601	0	200	0	0	0	0	0	0	0	0	0	0	0	0	0	0	0        0   987601      0      0.8403    1.13893    0
1.34131	1810558	0	200	0	0	0	0	0	0	0	0	0	0	0	0	0	0	0        0   1.81056e+06      0      1.13893    1.54368    0
1.81798	3310989	0	200	0	0	0	0	0	0	0	0	0	0	0	0	0	0	0        0   3.31099e+06      0      1.54368    2.09228    0
2.46406	6054922	0	200	0	0	0	0	0	0	0	0	0	0	0	0	0	0	0        0   6.05492e+06      0      2.09228    2.83584    0
3.33975	11072071	0	200	0	0	0	0	0	0	0	0	0	0	0	0	0	0	0        0   1.10721e+07      0      2.83584    3.84365    0
4.52664	20205601	0	200	0	0	0	0	0	0	0	0	0	0	0	0	0	0	0        0   2.02056e+07      0      3.84365    5.20962    0
6.13533	36946424	0	200	0	0	0	0	0	0	0	0	0	0	0	0	0	0	0        0   3.69464e+07      0      5.20962    7.06103    0
8.31572	67674646	0	200	0	0	0	0	0	0	0	0	0	0	0	0	0	0	0        0   6.76746e+07      0      7.06103    9.5704    0
11.271	123940889	0	200	0	0	0	0	0	0	0	0	0	0	0	0	0	0	0        0   1.23941e+08      0      9.5704    12.9716    0
15.2765	225982428	0	200	0	0	0	0	0	0	0	0	0	0	0	0	0	0	0        0   2.25982e+08      0      12.9716    17.5814    0
20.7055	412515366	0	200	0	0	0	0	0	0	0	0	0	0	0	0	0	0	0        0   4.12515e+08      0      17.5814    23.8296    0
28.0639	751337626	0	200	0	0	0	0	0	0	0	0	0	0	0	0	0	0	0        0   7.51338e+08      0      23.8296    32.2982    0
38.0373	1366071705	0	200	0	0	0	0	0	0	0	0	0	0	0	0	0	0	0        0   1.36607e+09      0      32.2982    43.7764    0
51.5551	2477268371	0	200	0	0	0	0	0	0	0	0	0	0	0	0	0	0	0        0   2.47727e+09      0      43.7764    59.3338    0
69.8769	4478568575	0	200	0	0	0	0	0	0	0	0	0	0	0	0	0	0	0        0   4.47857e+09      0      59.3338    80.42    0
94.7099	8063455371	0	200	0	0	0	0	0	0	0	0	0	0	0	0	0	0	0        0   8.06346e+09      0      80.42    109    0
