# 1bin_value	2data_points	3sqrt(data_points)	4W	5W_err	6e+	7e+_err	8eX 9eX_err	10e++ 	11e++_err		12eXX	13eXX_err		14e+X	15e+X_err 	16theta          17theta_err       17num_den	18num_err 19LS_err     20wt_num     21wt_num_err  22r_low   23r_high 24sig_crit
0.117769	14476	0	200	0	0	0	0	0	0	0	0	0	0	0	0	0	0	0        0   14476      0      0.1    0.135538    0
0.159622	26372	0	200	0	0	0	0	0	0	0	0	0	0	0	0	0	0	0        0   26372      0      0.135538    0.183706    0
0.216349	49004	0	200	0	0	0	0	0	0	0	0	0	0	0	0	0	0	0        0   49004      0      0.183706    0.248992    0
0.293236	88989	0	200	0	0	0	0	0	0	0	0	0	0	0	0	0	0	0        0   88989      0      0.248992    0.33748    0
0.397447	161599	0	200	0	0	0	0	0	0	0	0	0	0	0	0	0	0	0        0   161599      0      0.33748    0.457415    0
0.538693	296451	0	200	0	0	0	0	0	0	0	0	0	0	0	0	0	0	0        0   296451      0      0.457415    0.619972    0
0.730136	540417	0	200	0	0	0	0	0	0	0	0	0	0	0	0	0	0	0        0   540417      0      0.619972    0.8403    0
0.989614	987725	0	200	0	0	0	0	0	0	0	0	0	0	0	0	0	0	0        0   987725      0      0.8403    1.13893    0
1.34131	1810141	0	200	0	0	0	0	0	0	0	0	0	0	0	0	0	0	0        0   1.81014e+06      0      1.13893    1.54368    0
1.81798	3310418	0	200	0	0	0	0	0	0	0	0	0	0	0	0	0	0	0        0   3.31042e+06      0      1.54368    2.09228    0
2.46406	6053262	0	200	0	0	0	0	0	0	0	0	0	0	0	0	0	0	0        0   6.05326e+06      0      2.09228    2.83584    0
3.33975	11069011	0	200	0	0	0	0	0	0	0	0	0	0	0	0	0	0	0        0   1.1069e+07      0      2.83584    3.84365    0
4.52664	20200037	0	200	0	0	0	0	0	0	0	0	0	0	0	0	0	0	0        0   2.02e+07      0      3.84365    5.20962    0
6.13533	36936997	0	200	0	0	0	0	0	0	0	0	0	0	0	0	0	0	0        0   3.6937e+07      0      5.20962    7.06103    0
8.31572	67652596	0	200	0	0	0	0	0	0	0	0	0	0	0	0	0	0	0        0   6.76526e+07      0      7.06103    9.5704    0
11.271	123898221	0	200	0	0	0	0	0	0	0	0	0	0	0	0	0	0	0        0   1.23898e+08      0      9.5704    12.9716    0
15.2765	225895015	0	200	0	0	0	0	0	0	0	0	0	0	0	0	0	0	0        0   2.25895e+08      0      12.9716    17.5814    0
20.7055	412298373	0	200	0	0	0	0	0	0	0	0	0	0	0	0	0	0	0        0   4.12298e+08      0      17.5814    23.8296    0
28.0639	750812673	0	200	0	0	0	0	0	0	0	0	0	0	0	0	0	0	0        0   7.50813e+08      0      23.8296    32.2982    0
38.0373	1364869979	0	200	0	0	0	0	0	0	0	0	0	0	0	0	0	0	0        0   1.36487e+09      0      32.2982    43.7764    0
51.5551	2474773525	0	200	0	0	0	0	0	0	0	0	0	0	0	0	0	0	0        0   2.47477e+09      0      43.7764    59.3338    0
69.8769	4473639770	0	200	0	0	0	0	0	0	0	0	0	0	0	0	0	0	0        0   4.47364e+09      0      59.3338    80.42    0
94.7099	8053897857	0	200	0	0	0	0	0	0	0	0	0	0	0	0	0	0	0        0   8.0539e+09      0      80.42    109    0
