# 1bin_value	2data_points	3sqrt(data_points)	4W	5W_err	6e+	7e+_err	8eX 9eX_err	10e++ 	11e++_err		12eXX	13eXX_err		14e+X	15e+X_err 	16theta          17theta_err       17num_den	18num_err 19LS_err     20wt_num     21wt_num_err  22r_low   23r_high 24sig_crit
0.117769	587	0	761.504	36.1761	9.93647	5.18481	0.47021	4.81436	0	0	0	0	0	0	-40475.9	106.928	0	0        0   618.531      0      0.1    0.135538    0
0.159622	777	0	542.803	21.7037	1.53926	3.1689	0.0573132	3.09872	0	0	0	0	0	0	-53191.9	55.0473	0	0        0   814.096      0      0.135538    0.183706    0
0.216349	1139	0	436.985	14.1755	3.73679	1.91664	0.621141	1.97191	0	0	0	0	0	0	-77813	31.7505	0	0        0   1203.04      0      0.183706    0.248992    0
0.293236	1593	0	344.433	9.35086	3.56924	1.45129	-1.69532	1.54212	0	0	0	0	0	0	-109488	18.9506	0	0        0   1687.94      0      0.248992    0.33748    0
0.397447	3331	0	398.344	7.48656	2.11211	1.15943	0.124294	1.10783	0	0	0	0	0	0	-228306	14.6547	0	0        0   3565.01      0      0.33748    0.457415    0
0.538693	7063	0	467.988	6.04046	2.22413	0.949625	1.01806	0.942196	0	0	0	0	0	0	-484478	11.1442	0	0        0   7612.54      0      0.457415    0.619972    0
0.730136	10518	0	382.578	4.03418	1.29207	0.614852	-1.08513	0.635843	0	0	0	0	0	0	-721563	6.71711	0	0        0   11299.1      0      0.619972    0.8403    0
0.989614	16747	0	332.782	2.74397	-0.0551884	0.431914	1.16363	0.431548	0	0	0	0	0	0	-1.14892e+06	4.238	0	0        0   17937.8      0      0.8403    1.13893    0
1.34131	28196	0	304.913	1.93198	0.249838	0.302915	-0.400176	0.306274	0	0	0	0	0	0	-1.93492e+06	2.81376	0	0        0   30044.4      0      1.13893    1.54368    0
1.81798	48241	0	286.582	1.38871	0.720342	0.219859	0.140215	0.217934	0	0	0	0	0	0	-3.30456e+06	1.94298	0	0        0   51517.3      0      1.54368    2.09228    0
2.46406	83376	0	270.129	0.991686	0.12623	0.156661	-0.0880493	0.155443	0	0	0	0	0	0	-5.7159e+06	1.35546	0	0        0   88621.9      0      2.09228    2.83584    0
3.33975	144671	0	257.076	0.715303	0.432131	0.113566	0.0468974	0.113344	0	0	0	0	0	0	-9.91852e+06	0.941424	0	0        0   153938      0      2.83584    3.84365    0
4.52664	251739	0	245.637	0.517526	0.360684	0.0820157	0.0255341	0.0821826	0	0	0	0	0	0	-1.72656e+07	0.669377	0	0        0   267870      0      3.84365    5.20962    0
6.13533	442683	0	236.507	0.375172	0.278793	0.0595515	-0.0339119	0.0594611	0	0	0	0	0	0	-3.03531e+07	0.478429	0	0        0   470769      0      5.20962    7.06103    0
8.31572	783127	0	228.698	0.272999	0.205134	0.0433593	-0.00373504	0.0433098	0	0	0	0	0	0	-5.37077e+07	0.346373	0	0        0   832493      0      7.06103    9.5704    0
11.271	1390793	0	221.904	0.198611	0.119136	0.0315682	0.0504935	0.0315455	0	0	0	0	0	0	-9.53677e+07	0.251076	0	0        0   1.47752e+06      0      9.5704    12.9716    0
15.2765	2469438	0	216.301	0.145215	0.130313	0.023051	0.0297645	0.0230883	0	0	0	0	0	0	-1.69349e+08	0.183524	0	0        0   2.62263e+06      0      12.9716    17.5814    0
20.7055	4410357	0	211.856	0.106456	0.112218	0.0169416	0.00883392	0.0169161	0	0	0	0	0	0	-3.02518e+08	0.134908	0	0        0   4.6839e+06      0      17.5814    23.8296    0
28.0639	7898051	0	208.459	0.0782603	0.069243	0.0124522	0.0111808	0.012435	0	0	0	0	0	0	-5.41805e+08	0.0993122	0	0        0   8.38747e+06      0      23.8296    32.2982    0
38.0373	14182400	0	205.934	0.0576986	0.0595563	0.00917356	0.0178361	0.00917311	0	0	0	0	0	0	-9.72818e+08	0.0737315	0	0        0   1.50566e+07      0      32.2982    43.7764    0
51.5551	25584874	0	204.93	0.0427659	0.06504	0.00679619	-0.00501366	0.0067975	0	0	0	0	0	0	-1.75491e+09	0.0551202	0	0        0   2.71627e+07      0      43.7764    59.3338    0
69.8769	46121039	0	204.387	0.0317984	0.0592113	0.00504889	-0.0058552	0.0050532	0	0	0	0	0	0	-3.16383e+09	0.0415346	0	0        0   4.89799e+07      0      59.3338    80.42    0
94.7099	83016890	0	204.208	0.0236978	0.026082	0.0037654	0.0136819	0.00376412	0	0	0	0	0	0	-5.69474e+09	0.0314843	0	0        0   8.8143e+07      0      80.42    109    0
