# 1bin_value	2data_points	3sqrt(data_points)	4W	5W_err	6e+	7e+_err	8eX 9eX_err	10e++ 	11e++_err		12eXX	13eXX_err		14e+X	15e+X_err 	16theta          17theta_err       17num_den	18num_err 19LS_err     20wt_num     21wt_num_err  22r_low   23r_high 24sig_crit
0.117769	14471	0	200	0	0	0	0	0	0	0	0	0	0	0	0	0	0	0        0   14471      0      0.1    0.135538    0
0.159622	26389	0	200	0	0	0	0	0	0	0	0	0	0	0	0	0	0	0        0   26389      0      0.135538    0.183706    0
0.216349	49006	0	200	0	0	0	0	0	0	0	0	0	0	0	0	0	0	0        0   49006      0      0.183706    0.248992    0
0.293236	88978	0	200	0	0	0	0	0	0	0	0	0	0	0	0	0	0	0        0   88978      0      0.248992    0.33748    0
0.397447	161552	0	200	0	0	0	0	0	0	0	0	0	0	0	0	0	0	0        0   161552      0      0.33748    0.457415    0
0.538693	296358	0	200	0	0	0	0	0	0	0	0	0	0	0	0	0	0	0        0   296358      0      0.457415    0.619972    0
0.730136	540344	0	200	0	0	0	0	0	0	0	0	0	0	0	0	0	0	0        0   540344      0      0.619972    0.8403    0
0.989614	987667	0	200	0	0	0	0	0	0	0	0	0	0	0	0	0	0	0        0   987667      0      0.8403    1.13893    0
1.34131	1810298	0	200	0	0	0	0	0	0	0	0	0	0	0	0	0	0	0        0   1.8103e+06      0      1.13893    1.54368    0
1.81798	3310880	0	200	0	0	0	0	0	0	0	0	0	0	0	0	0	0	0        0   3.31088e+06      0      1.54368    2.09228    0
2.46406	6053576	0	200	0	0	0	0	0	0	0	0	0	0	0	0	0	0	0        0   6.05358e+06      0      2.09228    2.83584    0
3.33975	11070060	0	200	0	0	0	0	0	0	0	0	0	0	0	0	0	0	0        0   1.10701e+07      0      2.83584    3.84365    0
4.52664	20200605	0	200	0	0	0	0	0	0	0	0	0	0	0	0	0	0	0        0   2.02006e+07      0      3.84365    5.20962    0
6.13533	36937742	0	200	0	0	0	0	0	0	0	0	0	0	0	0	0	0	0        0   3.69377e+07      0      5.20962    7.06103    0
8.31572	67657028	0	200	0	0	0	0	0	0	0	0	0	0	0	0	0	0	0        0   6.7657e+07      0      7.06103    9.5704    0
11.271	123907224	0	200	0	0	0	0	0	0	0	0	0	0	0	0	0	0	0        0   1.23907e+08      0      9.5704    12.9716    0
15.2765	225901168	0	200	0	0	0	0	0	0	0	0	0	0	0	0	0	0	0        0   2.25901e+08      0      12.9716    17.5814    0
20.7055	412314800	0	200	0	0	0	0	0	0	0	0	0	0	0	0	0	0	0        0   4.12315e+08      0      17.5814    23.8296    0
28.0639	750857296	0	200	0	0	0	0	0	0	0	0	0	0	0	0	0	0	0        0   7.50857e+08      0      23.8296    32.2982    0
38.0373	1365005991	0	200	0	0	0	0	0	0	0	0	0	0	0	0	0	0	0        0   1.36501e+09      0      32.2982    43.7764    0
51.5551	2475083028	0	200	0	0	0	0	0	0	0	0	0	0	0	0	0	0	0        0   2.47508e+09      0      43.7764    59.3338    0
69.8769	4474425774	0	200	0	0	0	0	0	0	0	0	0	0	0	0	0	0	0        0   4.47443e+09      0      59.3338    80.42    0
94.7099	8055620761	0	200	0	0	0	0	0	0	0	0	0	0	0	0	0	0	0        0   8.05562e+09      0      80.42    109    0
