# 1bin_value	2data_points	3sqrt(data_points)	4W	5W_err	6e+	7e+_err	8eX 9eX_err	10e++ 	11e++_err		12eXX	13eXX_err		14e+X	15e+X_err 	16theta          17theta_err       17num_den	18num_err 19LS_err     20wt_num     21wt_num_err  22r_low   23r_high 24sig_crit
0.117769	1423	0	195.765	5.67201	0	0	0	0	0	0	0	0	0	0	-1257.06	153439	0	0        0   1515.22      0      0.1    0.135538    0
0.159622	2603	0	197.015	4.20958	0	0	0	0	0	0	0	0	0	0	-1262.69	279936	0	0        0   2767.78      0      0.135538    0.183706    0
0.216349	4904	0	199.71	3.11	0	0	0	0	0	0	0	0	0	0	-1284.26	532956	0	0        0   5236.44      0      0.183706    0.248992    0
0.293236	8884	0	200.041	2.32909	0	0	0	0	0	0	0	0	0	0	-1277.29	961996	0	0        0   9532.63      0      0.248992    0.33748    0
0.397447	16248	0	201.059	1.72864	0	0	0	0	0	0	0	0	0	0	-1288.66	1.75828e+06	0	0        0   17367.2      0      0.33748    0.457415    0
0.538693	29794	0	200.699	1.27158	0	0	0	0	0	0	0	0	0	0	-1290.53	3.23024e+06	0	0        0   31813.3      0      0.457415    0.619972    0
0.730136	54160	0	200.458	0.94375	0	0	0	0	0	0	0	0	0	0	-1283.79	5.85396e+06	0	0        0   57962      0      0.619972    0.8403    0
0.989614	99381	0	201.266	0.700328	0	0	0	0	0	0	0	0	0	0	-1290.51	1.07665e+07	0	0        0   106342      0      0.8403    1.13893    0
1.34131	182435	0	201.53	0.517363	0	0	0	0	0	0	0	0	0	0	-1292.29	1.97669e+07	0	0        0   195171      0      1.13893    1.54368    0
1.81798	330917	0	199.904	0.38125	0	0	0	0	0	0	0	0	0	0	-1281.4	3.58253e+07	0	0        0   354112      0      1.54368    2.09228    0
2.46406	606656	0	200.572	0.282507	0	0	0	0	0	0	0	0	0	0	-1284.7	6.56656e+07	0	0        0   649531      0      2.09228    2.83584    0
3.33975	1109166	0	200.324	0.208542	0	0	0	0	0	0	0	0	0	0	-1284.49	1.20099e+08	0	0        0   1.18656e+06      0      2.83584    3.84365    0
4.52664	2027254	0	200.419	0.154298	0	0	0	0	0	0	0	0	0	0	-1286.28	2.19492e+08	0	0        0   2.16648e+06      0      3.84365    5.20962    0
6.13533	3699026	0	200.088	0.114054	0	0	0	0	0	0	0	0	0	0	-1283.54	4.0058e+08	0	0        0   3.95501e+06      0      5.20962    7.06103    0
8.31572	6781746	0	200.231	0.084299	0	0	0	0	0	0	0	0	0	0	-1284.59	7.34338e+08	0	0        0   7.24977e+06      0      7.06103    9.5704    0
11.271	12421984	0	200.21	0.0622756	0	0	0	0	0	0	0	0	0	0	-1284.7	1.34534e+09	0	0        0   1.32772e+07      0      9.5704    12.9716    0
15.2765	22646509	0	200.16	0.0461187	0	0	0	0	0	0	0	0	0	0	-1284.54	2.45337e+09	0	0        0   2.42033e+07      0      12.9716    17.5814    0
20.7055	41327344	0	200.078	0.0341311	0	0	0	0	0	0	0	0	0	0	-1284.09	4.47781e+09	0	0        0   4.41634e+07      0      17.5814    23.8296    0
28.0639	75306782	0	200.103	0.0252893	0	0	0	0	0	0	0	0	0	0	-1284.68	8.16356e+09	0	0        0   8.04499e+07      0      23.8296    32.2982    0
38.0373	136928453	0	200.045	0.0187547	0	0	0	0	0	0	0	0	0	0	-1284.69	1.48513e+10	0	0        0   1.46237e+08      0      32.2982    43.7764    0
51.5551	248402966	0	200.028	0.0139282	0	0	0	0	0	0	0	0	0	0	-1284.95	2.69617e+10	0	0        0   2.65215e+08      0      43.7764    59.3338    0
69.8769	449312886	0	200.008	0.0103594	0	0	0	0	0	0	0	0	0	0	-1285.17	4.88086e+10	0	0        0   4.79598e+08      0      59.3338    80.42    0
94.7099	809586921	0	199.943	0.00771856	0	0	0	0	0	0	0	0	0	0	-1285.4	8.80379e+10	0	0        0   8.63757e+08      0      80.42    109    0
