# 1bin_value	2data_points	3sqrt(data_points)	4W	5W_err	6e+	7e+_err	8eX 9eX_err	10e++ 	11e++_err		12eXX	13eXX_err		14e+X	15e+X_err 	16theta          17theta_err       17num_den	18num_err 19LS_err     20wt_num     21wt_num_err  22r_low   23r_high 24sig_crit
0.117769	586	24.7217	553.276	36.6808	9.61351	5.20902	0.0139087	4.85064	0	0	0	0	0	0	-3512.42	106.125	0	24.7217        0   0      0      0.1    0.135538    0
0.159622	773	17.7299	338.532	22.521	2.10887	3.23568	-0.508397	3.16635	0	0	0	0	0	0	-2142.16	56.7582	0	17.7299        0   0      0      0.135538    0.183706    0
0.216349	1134	13.1082	232.776	14.7719	3.78849	1.96573	0.447953	2.01878	0	0	0	0	0	0	-1426.59	32.6498	0	13.1082        0   0      0      0.183706    0.248992    0
0.293236	1590	9.36581	140.203	9.87541	2.93843	1.49062	-1.9759	1.57756	0	0	0	0	0	0	-834.862	19.7915	0	9.36581        0   0      0      0.248992    0.33748    0
0.397447	3324	5.75446	194.391	7.85597	2.4128	1.18559	-0.0316075	1.13539	0	0	0	0	0	0	-1167.42	15.2896	0	5.75446        0   0      0      0.33748    0.457415    0
0.538693	7043	3.53515	265.17	6.28665	2.24623	0.967198	1.17444	0.959629	0	0	0	0	0	0	-1594.12	11.6019	0	3.53515        0   0      0      0.457415    0.619972    0
0.730136	10537	2.67212	181.772	4.23583	1.3074	0.629301	-0.907779	0.649901	0	0	0	0	0	0	-1066.4	6.99094	0	2.67212        0   0      0      0.619972    0.8403    0
0.989614	16747	1.99229	129.698	2.90688	-0.0733311	0.44335	1.06342	0.442992	0	0	0	0	0	0	-747.533	4.50172	0	1.99229        0   0      0      0.8403    1.13893    0
1.34131	28238	1.47391	101.884	2.05761	0.223772	0.311747	-0.278576	0.314944	0	0	0	0	0	0	-580.377	3.02374	0	1.47391        0   0      0      1.13893    1.54368    0
1.81798	48306	1.09395	86.062	1.48336	0.615494	0.226394	0.0897838	0.224578	0	0	0	0	0	0	-460.599	2.10071	0	1.09395        0   0      0      1.54368    2.09228    0
2.46406	83556	0.808269	68.4021	1.0646	0.0742352	0.161761	-0.0226061	0.160578	0	0	0	0	0	0	-361.921	1.4696	0	0.808269        0   0      0      2.09228    2.83584    0
3.33975	144880	0.5996	55.2002	0.770353	0.482427	0.117391	0.0603141	0.117189	0	0	0	0	0	0	-272.75	1.04011	0	0.5996        0   0      0      2.83584    3.84365    0
4.52664	252040	0.445404	43.0022	0.559124	0.356685	0.0849198	0.0533279	0.0850831	0	0	0	0	0	0	-195.629	0.745549	0	0.445404        0   0      0      3.84365    5.20962    0
6.13533	443433	0.329844	34.0564	0.406474	0.293318	0.0617378	-0.0516432	0.0616522	0	0	0	0	0	0	-136.384	0.534178	0	0.329844        0   0      0      5.20962    7.06103    0
8.31572	785030	0.244504	26.2129	0.296495	0.211052	0.0450017	-0.0142042	0.0449559	0	0	0	0	0	0	-87.3873	0.386116	0	0.244504        0   0      0      7.06103    9.5704    0
11.271	1393921	0.181504	19.0017	0.216247	0.132561	0.0328041	0.0577001	0.0327837	0	0	0	0	0	0	-41.4796	0.281593	0	0.181504        0   0      0      9.5704    12.9716    0
15.2765	2476531	0.135087	13.4476	0.158393	0.139886	0.0239732	0.0357076	0.0240091	0	0	0	0	0	0	-5.61291	0.205403	0	0.135087        0   0      0      12.9716    17.5814    0
20.7055	4425985	0.100509	8.97869	0.116278	0.124278	0.017626	0.00728186	0.0176022	0	0	0	0	0	0	23.591	0.150355	0	0.100509        0   0      0      17.5814    23.8296    0
28.0639	7928260	0.0748498	5.2095	0.0855705	0.0642145	0.0129604	-0.00193835	0.0129438	0	0	0	0	0	0	47.5172	0.11055	0	0.0748498        0   0      0      23.8296    32.2982    0
38.0373	14244061	0.0557385	2.43185	0.0631265	0.0540185	0.00954928	0.00981581	0.00954881	0	0	0	0	0	0	65.5619	0.0816952	0	0.0557385        0   0      0      32.2982    43.7764    0
51.5551	25712636	0.0414477	1.14189	0.0467813	0.0609252	0.00707213	-0.00250063	0.00707347	0	0	0	0	0	0	74.246	0.0606804	0	0.0414477        0   0      0      43.7764    59.3338    0
69.8769	46396631	0.0308417	0.455891	0.03477	0.0535347	0.00525183	3.59128e-05	0.00525593	0	0	0	0	0	0	79.2085	0.0452425	0	0.0308417        0   0      0      59.3338    80.42    0
94.7099	83606379	0.0229719	0.0621242	0.0259022	0.0199123	0.0039149	0.0135587	0.00391366	0	0	0	0	0	0	81.9197	0.0338753	0	0.0229719        0   0      0      80.42    109    0
