# 1bin_value	2data_points	3sqrt(data_points)	4W	5W_err	6e+	7e+_err	8eX 9eX_err	10e++ 	11e++_err		12eXX	13eXX_err		14e+X	15e+X_err 	16theta          17theta_err       17num_den	18num_err 19LS_err     20wt_num     21wt_num_err  22r_low   23r_high 24sig_crit
0.117769	1419	0	195.663	5.69284	0	0	0	0	0	0	0	0	0	0	-1259.59	153439	0	0        0   1507.98      0      0.1    0.135538    0
0.159622	2603	0	196.809	4.20461	0	0	0	0	0	0	0	0	0	0	-1261.76	279936	0	0        0   2767.89      0      0.135538    0.183706    0
0.216349	4883	0	198.873	3.10869	0	0	0	0	0	0	0	0	0	0	-1278.6	532956	0	0        0   5213.74      0      0.183706    0.248992    0
0.293236	8884	0	200.235	2.33172	0	0	0	0	0	0	0	0	0	0	-1278.53	961996	0	0        0   9531.76      0      0.248992    0.33748    0
0.397447	16280	0	201.569	1.73032	0	0	0	0	0	0	0	0	0	0	-1292.31	1.75828e+06	0	0        0   17398.8      0      0.33748    0.457415    0
0.538693	29781	0	200.713	1.27231	0	0	0	0	0	0	0	0	0	0	-1290.78	3.23024e+06	0	0        0   31795.9      0      0.457415    0.619972    0
0.730136	54151	0	200.602	0.94467	0	0	0	0	0	0	0	0	0	0	-1284.72	5.85396e+06	0	0        0   57951.3      0      0.619972    0.8403    0
0.989614	99330	0	201.274	0.700704	0	0	0	0	0	0	0	0	0	0	-1290.62	1.07665e+07	0	0        0   106289      0      0.8403    1.13893    0
1.34131	182437	0	201.622	0.517656	0	0	0	0	0	0	0	0	0	0	-1293.11	1.97669e+07	0	0        0   195154      0      1.13893    1.54368    0
1.81798	330746	0	199.982	0.381567	0	0	0	0	0	0	0	0	0	0	-1281.77	3.58253e+07	0	0        0   353970      0      1.54368    2.09228    0
2.46406	606565	0	200.671	0.2827	0	0	0	0	0	0	0	0	0	0	-1285.25	6.56656e+07	0	0        0   649431      0      2.09228    2.83584    0
3.33975	1108641	0	200.384	0.208698	0	0	0	0	0	0	0	0	0	0	-1284.77	1.20099e+08	0	0        0   1.18606e+06      0      2.83584    3.84365    0
4.52664	2026086	0	200.467	0.154429	0	0	0	0	0	0	0	0	0	0	-1286.59	2.19492e+08	0	0        0   2.16521e+06      0      3.84365    5.20962    0
6.13533	3697280	0	200.174	0.114161	0	0	0	0	0	0	0	0	0	0	-1284.07	4.0058e+08	0	0        0   3.95316e+06      0      5.20962    7.06103    0
8.31572	6777320	0	200.303	0.0843868	0	0	0	0	0	0	0	0	0	0	-1285.04	7.34338e+08	0	0        0   7.24505e+06      0      7.06103    9.5704    0
11.271	12413246	0	200.285	0.0623433	0	0	0	0	0	0	0	0	0	0	-1285.15	1.34534e+09	0	0        0   1.32682e+07      0      9.5704    12.9716    0
15.2765	22628626	0	200.24	0.0461738	0	0	0	0	0	0	0	0	0	0	-1285.02	2.45337e+09	0	0        0   2.41849e+07      0      12.9716    17.5814    0
20.7055	41290663	0	200.154	0.0341751	0	0	0	0	0	0	0	0	0	0	-1284.56	4.47781e+09	0	0        0   4.41249e+07      0      17.5814    23.8296    0
28.0639	75239354	0	200.207	0.025326	0	0	0	0	0	0	0	0	0	0	-1285.35	8.16356e+09	0	0        0   8.0379e+07      0      23.8296    32.2982    0
38.0373	136794904	0	200.166	0.0187853	0	0	0	0	0	0	0	0	0	0	-1285.47	1.48513e+10	0	0        0   1.46095e+08      0      32.2982    43.7764    0
51.5551	248136134	0	200.18	0.0139545	0	0	0	0	0	0	0	0	0	0	-1285.93	2.69617e+10	0	0        0   2.64933e+08      0      43.7764    59.3338    0
69.8769	448715927	0	200.183	0.0103829	0	0	0	0	0	0	0	0	0	0	-1286.3	4.88086e+10	0	0        0   4.78967e+08      0      59.3338    80.42    0
94.7099	808081542	0	200.142	0.00774113	0	0	0	0	0	0	0	0	0	0	-1286.67	8.80379e+10	0	0        0   8.62165e+08      0      80.42    109    0
