# 1bin_value	2data_points	3sqrt(data_points)	4W	5W_err	6e+	7e+_err	8eX 9eX_err	10e++ 	11e++_err		12eXX	13eXX_err		14e+X	15e+X_err 	16theta          17theta_err       17num_den	18num_err 19LS_err     20wt_num     21wt_num_err  22r_low   23r_high 24sig_crit
0.117769	578	25.7504	545.758	36.8405	9.1368	5.24749	0.299517	4.85869	0	0	0	0	0	0	-3481.27	108.739	0	25.7504        0   0      0      0.1    0.135538    0
0.159622	780	17.7411	344.766	22.5014	2.04779	3.23147	-0.66839	3.1594	0	0	0	0	0	0	-2174.31	55.6453	0	17.7411        0   0      0      0.135538    0.183706    0
0.216349	1125	13.1868	230.917	14.8003	3.87978	1.96975	0.412474	2.02467	0	0	0	0	0	0	-1407.42	33.5083	0	13.1868        0   0      0      0.183706    0.248992    0
0.293236	1586	9.42563	140.514	9.91232	3.1227	1.49489	-2.55478	1.58328	0	0	0	0	0	0	-840.49	20.0344	0	9.42563        0   0      0      0.248992    0.33748    0
0.397447	3327	5.75412	195.278	7.86698	2.16491	1.18766	0.106427	1.1367	0	0	0	0	0	0	-1171.46	15.2603	0	5.75412        0   0      0      0.33748    0.457415    0
0.538693	7018	3.547	264.62	6.29611	2.20958	0.96858	1.41898	0.96091	0	0	0	0	0	0	-1587.58	11.833	0	3.547        0   0      0      0.457415    0.619972    0
0.730136	10499	2.67767	181.644	4.24127	1.24324	0.630176	-0.844743	0.650833	0	0	0	0	0	0	-1064.06	7.11456	0	2.67767        0   0      0      0.619972    0.8403    0
0.989614	16729	1.99343	130.068	2.91189	0.0626738	0.444113	1.14803	0.443743	0	0	0	0	0	0	-748.883	4.54704	0	1.99343        0   0      0      0.8403    1.13893    0
1.34131	28168	1.47605	102.219	2.06196	0.236124	0.312389	-0.251958	0.315614	0	0	0	0	0	0	-580.858	3.08612	0	1.47605        0   0      0      1.13893    1.54368    0
1.81798	48109	1.09643	86.0015	1.48677	0.637007	0.226924	0.164353	0.225101	0	0	0	0	0	0	-459.224	2.17676	0	1.09643        0   0      0      1.54368    2.09228    0
2.46406	83262	0.809842	68.396	1.067	0.0813747	0.162127	-0.0609421	0.160943	0	0	0	0	0	0	-361.293	1.51872	0	0.809842        0   0      0      2.09228    2.83584    0
3.33975	144406	0.600639	55.3785	0.772256	0.451657	0.117684	0.0694658	0.117481	0	0	0	0	0	0	-273.166	1.07536	0	0.600639        0   0      0      2.83584    3.84365    0
4.52664	251225	0.446227	43.2539	0.560612	0.344539	0.0851474	0.0481168	0.0853106	0	0	0	0	0	0	-196.379	0.772193	0	0.446227        0   0      0      3.84365    5.20962    0
6.13533	441623	0.33057	34.1061	0.407651	0.285872	0.0619177	-0.0364578	0.0618317	0	0	0	0	0	0	-136.096	0.557807	0	0.33057        0   0      0      5.20962    7.06103    0
8.31572	781550	0.245076	26.1733	0.297362	0.209413	0.0451341	-0.00743953	0.0450881	0	0	0	0	0	0	-86.6821	0.404665	0	0.245076        0   0      0      7.06103    9.5704    0
11.271	1387672	0.181927	19.0026	0.216912	0.11991	0.0329056	0.0649244	0.0328851	0	0	0	0	0	0	-40.9028	0.295237	0	0.181927        0   0      0      9.5704    12.9716    0
15.2765	2464073	0.135434	13.4284	0.15895	0.135277	0.0240579	0.0390186	0.0240939	0	0	0	0	0	0	-4.9726	0.216557	0	0.135434        0   0      0      12.9716    17.5814    0
20.7055	4401441	0.100791	8.93853	0.116733	0.121545	0.0176953	0.0101835	0.0176713	0	0	0	0	0	0	24.3485	0.159386	0	0.100791        0   0      0      17.5814    23.8296    0
28.0639	7879341	0.0750828	5.20188	0.0859557	0.0576458	0.013019	0.00392914	0.0130023	0	0	0	0	0	0	48.1476	0.118013	0	0.0750828        0   0      0      23.8296    32.2982    0
38.0373	14145075	0.0559334	2.44647	0.0634596	0.0469154	0.00959988	0.0126694	0.0095994	0	0	0	0	0	0	66.0513	0.087926	0	0.0559334        0   0      0      32.2982    43.7764    0
51.5551	25508387	0.0416128	1.17191	0.047077	0.0568683	0.00711699	-0.000412479	0.00711833	0	0	0	0	0	0	74.6336	0.0659377	0	0.0416128        0   0      0      43.7764    59.3338    0
69.8769	45953264	0.0309891	0.45398	0.035033	0.0499587	0.00529168	0.000577874	0.00529581	0	0	0	0	0	0	79.9198	0.0498441	0	0.0309891        0   0      0      59.3338    80.42    0
94.7099	82634472	0.0231056	0.0327061	0.0261355	0.0188309	0.00395029	0.0128527	0.00394904	0	0	0	0	0	0	83.0675	0.037977	0	0.0231056        0   0      0      80.42    109    0
