# 1bin_value	2data_points	3sqrt(data_points)	4W	5W_err	6e+	7e+_err	8eX 9eX_err	10e++ 	11e++_err		12eXX	13eXX_err		14e+X	15e+X_err 	16theta          17theta_err       17num_den	18num_err 19LS_err     20wt_num     21wt_num_err  22r_low   23r_high 24sig_crit
0.117769	585	24.8238	553.781	36.836	8.95708	5.22291	0.930415	4.86896	0	0	0	0	0	0	-3527.22	107.033	0	24.8238        0   0      0      0.1    0.135538    0
0.159622	782	17.6717	344.587	22.5353	1.4515	3.23491	-0.76919	3.16423	0	0	0	0	0	0	-2179.77	55.4783	0	17.6717        0   0      0      0.135538    0.183706    0
0.216349	1138	13.1468	233.468	14.8002	3.98844	1.96676	0.32601	2.02051	0	0	0	0	0	0	-1433.65	32.5756	0	13.1468        0   0      0      0.183706    0.248992    0
0.293236	1601	9.33178	142.141	9.88436	3.40167	1.49035	-2.13481	1.57892	0	0	0	0	0	0	-850.827	19.3162	0	9.33178        0   0      0      0.248992    0.33748    0
0.397447	3335	5.75573	194.516	7.85001	2.10956	1.18478	0.145345	1.13435	0	0	0	0	0	0	-1169.62	15.1061	0	5.75573        0   0      0      0.33748    0.457415    0
0.538693	7070	3.54022	265.46	6.28741	2.38523	0.967139	1.2498	0.959345	0	0	0	0	0	0	-1600.27	11.4821	0	3.54022        0   0      0      0.457415    0.619972    0
0.730136	10566	2.6694	182.347	4.23668	1.34293	0.629404	-0.97811	0.650033	0	0	0	0	0	0	-1071.07	6.88238	0	2.6694        0   0      0      0.619972    0.8403    0
0.989614	16823	1.98843	130.26	2.90799	-0.00798456	0.443455	1.16784	0.443096	0	0	0	0	0	0	-753.956	4.37447	0	1.98843        0   0      0      0.8403    1.13893    0
1.34131	28304	1.47228	101.836	2.05852	0.217157	0.311864	-0.240737	0.315071	0	0	0	0	0	0	-582.91	2.96578	0	1.47228        0   0      0      1.13893    1.54368    0
1.81798	48458	1.0924	86.4546	1.48409	0.626644	0.226494	0.15134	0.224675	0	0	0	0	0	0	-464.945	2.04721	0	1.0924        0   0      0      1.54368    2.09228    0
2.46406	83786	0.80719	68.4918	1.06488	0.0971587	0.161794	-0.0532464	0.160612	0	0	0	0	0	0	-364.341	1.43415	0	0.80719        0   0      0      2.09228    2.83584    0
3.33975	145353	0.598616	55.2999	0.770668	0.479252	0.117433	0.0497566	0.11723	0	0	0	0	0	0	-275.718	1.00973	0	0.598616        0   0      0      2.83584    3.84365    0
4.52664	252833	0.444756	43.2103	0.559421	0.342576	0.0849604	0.0700222	0.0851239	0	0	0	0	0	0	-198.264	0.724527	0	0.444756        0   0      0      3.84365    5.20962    0
6.13533	444721	0.32938	34.1632	0.406694	0.286573	0.0617682	-0.0349877	0.0616827	0	0	0	0	0	0	-138.422	0.520391	0	0.32938        0   0      0      5.20962    7.06103    0
8.31572	787053	0.244211	26.2042	0.296631	0.206996	0.0450203	-0.0243078	0.0449745	0	0	0	0	0	0	-88.8568	0.376897	0	0.244211        0   0      0      7.06103    9.5704    0
11.271	1398213	0.181244	19.104	0.216335	0.115445	0.0328159	0.0553145	0.0327955	0	0	0	0	0	0	-43.4811	0.273678	0	0.181244        0   0      0      9.5704    12.9716    0
15.2765	2483876	0.1349	13.4777	0.158476	0.134829	0.0239847	0.0354916	0.0240206	0	0	0	0	0	0	-7.30404	0.199756	0	0.1349        0   0      0      12.9716    17.5814    0
20.7055	4438811	0.100373	8.97929	0.116343	0.122321	0.017635	0.0132144	0.0176111	0	0	0	0	0	0	22.1696	0.146309	0	0.100373        0   0      0      17.5814    23.8296    0
28.0639	7949325	0.0747568	5.16029	0.0856253	0.0637981	0.0129681	0.000723647	0.0129515	0	0	0	0	0	0	46.3897	0.107912	0	0.0747568        0   0      0      23.8296    32.2982    0
38.0373	14283171	0.0556668	2.41922	0.063176	0.0513262	0.00955631	0.0134821	0.00955584	0	0	0	0	0	0	64.2067	0.0797288	0	0.0556668        0   0      0      32.2982    43.7764    0
51.5551	25782762	0.0413939	1.14959	0.0468252	0.0585538	0.00707841	-0.00103358	0.00707975	0	0	0	0	0	0	72.7471	0.0592386	0	0.0413939        0   0      0      43.7764    59.3338    0
69.8769	46519573	0.0308026	0.440483	0.0348018	0.0491009	0.00525637	0.00229919	0.00526048	0	0	0	0	0	0	77.819	0.044179	0	0.0308026        0   0      0      59.3338    80.42    0
94.7099	83839933	0.0229411	0.0389431	0.0259161	0.0174944	0.00391681	0.0133607	0.00391557	0	0	0	0	0	0	80.7019	0.0330069	0	0.0229411        0   0      0      80.42    109    0
