# 1bin_value	2data_points	3sqrt(data_points)	4W	5W_err	6e+	7e+_err	8eX 9eX_err	10e++ 	11e++_err		12eXX	13eXX_err		14e+X	15e+X_err 	16theta          17theta_err       17num_den	18num_err 19LS_err     20wt_num     21wt_num_err  22r_low   23r_high 24sig_crit
0.117769	584	0	751.243	35.7702	10.5086	5.13633	0.672787	4.77155	0	0	0	0	0	0	-40256.8	105.654	0	0        0   615.452      0      0.1    0.135538    0
0.159622	781	0	544.159	21.6736	1.75503	3.16371	-0.141238	3.09344	0	0	0	0	0	0	-53487.8	54.3886	0	0        0   817.836      0      0.135538    0.183706    0
0.216349	1137	0	434.684	14.1193	3.62402	1.91003	0.497748	1.96493	0	0	0	0	0	0	-77721.6	31.5791	0	0        0   1200.79      0      0.183706    0.248992    0
0.293236	1593	0	343.539	9.32638	3.48912	1.44902	-1.73149	1.53873	0	0	0	0	0	0	-109470	18.872	0	0        0   1687.39      0      0.248992    0.33748    0
0.397447	3347	0	398.675	7.46618	1.79699	1.15654	0.104902	1.10462	0	0	0	0	0	0	-229471	14.2921	0	0        0   3578.02      0      0.33748    0.457415    0
0.538693	7096	0	469.077	6.02543	2.11805	0.947052	1.02956	0.939593	0	0	0	0	0	0	-486739	10.8771	0	0        0   7650.96      0      0.457415    0.619972    0
0.730136	10579	0	383.712	4.01934	1.29185	0.612523	-1.07978	0.633428	0	0	0	0	0	0	-725589	6.46802	0	0        0   11375.9      0      0.619972    0.8403    0
0.989614	16863	0	333.97	2.73399	-0.1273	0.43034	1.16488	0.429949	0	0	0	0	0	0	-1.15694e+06	3.9899	0	0        0   18067.3      0      0.8403    1.13893    0
1.34131	28399	0	306.02	1.92539	0.215918	0.301857	-0.415838	0.305202	0	0	0	0	0	0	-1.94869e+06	2.6343	0	0        0   30260      0      1.13893    1.54368    0
1.81798	48592	0	287.708	1.38377	0.694806	0.21906	0.101367	0.217143	0	0	0	0	0	0	-3.3286e+06	1.80501	0	0        0   51910.5      0      1.54368    2.09228    0
2.46406	84004	0	271.274	0.98824	0.189202	0.156102	-0.0851298	0.154891	0	0	0	0	0	0	-5.75866e+06	1.24881	0	0        0   89313.7      0      2.09228    2.83584    0
3.33975	145698	0	258.018	0.712716	0.41636	0.113148	0.0430711	0.112928	0	0	0	0	0	0	-9.98768e+06	0.867738	0	0        0   155072      0      2.83584    3.84365    0
4.52664	253396	0	246.338	0.515539	0.343974	0.0816982	0.0112936	0.0818639	0	0	0	0	0	0	-1.73801e+07	0.61645	0	0        0   269687      0      3.84365    5.20962    0
6.13533	445664	0	237.232	0.373715	0.291163	0.059318	-0.0473437	0.059228	0	0	0	0	0	0	-3.05591e+07	0.437773	0	0        0   474067      0      5.20962    7.06103    0
8.31572	788965	0	229.543	0.271946	0.215276	0.0431902	-0.017057	0.043141	0	0	0	0	0	0	-5.41101e+07	0.313743	0	0        0   838834      0      7.06103    9.5704    0
11.271	1401417	0	222.799	0.197857	0.12664	0.0314469	0.0460485	0.0314243	0	0	0	0	0	0	-9.60997e+07	0.226571	0	0        0   1.48918e+06      0      9.5704    12.9716    0
15.2765	2488752	0	217.169	0.144636	0.134623	0.0229581	0.0303697	0.0229952	0	0	0	0	0	0	-1.70676e+08	0.165281	0	0        0   2.64381e+06      0      12.9716    17.5814    0
20.7055	4447059	0	212.802	0.106024	0.10964	0.016872	0.00650833	0.0168466	0	0	0	0	0	0	-3.0504e+08	0.120662	0	0        0   4.72418e+06      0      17.5814    23.8296    0
28.0639	7966054	0	209.413	0.0779321	0.06683	0.0123994	0.00361392	0.0123823	0	0	0	0	0	0	-5.46477e+08	0.0884899	0	0        0   8.46169e+06      0      23.8296    32.2982    0
38.0373	14310817	0	206.935	0.0574468	0.0567531	0.00913311	0.0134572	0.00913266	0	0	0	0	0	0	-9.81627e+08	0.0653987	0	0        0   1.51968e+07      0      32.2982    43.7764    0
51.5551	25830309	0	205.991	0.0425708	0.0592251	0.00676486	-0.00437775	0.00676617	0	0	0	0	0	0	-1.77172e+09	0.0486535	0	0        0   2.74299e+07      0      43.7764    59.3338    0
69.8769	46597921	0	205.56	0.0316477	0.0564443	0.00502469	-0.00548729	0.00502899	0	0	0	0	0	0	-3.19652e+09	0.0364124	0	0        0   4.94984e+07      0      59.3338    80.42    0
94.7099	83952766	0	205.569	0.0235855	0.020953	0.00374731	0.0131183	0.00374604	0	0	0	0	0	0	-5.75901e+09	0.0273752	0	0        0   8.91584e+07      0      80.42    109    0
