# 1bin_value	2data_points	3sqrt(data_points)	4W	5W_err	6e+	7e+_err	8eX 9eX_err	10e++ 	11e++_err		12eXX	13eXX_err		14e+X	15e+X_err 	16theta          17theta_err       17num_den	18num_err 19LS_err     20wt_num     21wt_num_err  22r_low   23r_high 24sig_crit
0.117769	1490	0	205.976	5.65535	0.708204	0.855664	-0.236681	0.869661	0	0	0	0	0	0	-102160	13.5914	0	0        0   1490      0      0.1    0.135538    0
0.159622	2679	0	202.997	4.15335	-0.130332	0.633213	0.422285	0.627168	0	0	0	0	0	0	-183141	9.87495	0	0        0   2679      0      0.135538    0.183706    0
0.216349	4942	0	201.456	3.02815	-0.21748	0.461602	0.347634	0.459197	0	0	0	0	0	0	-338965	7.13127	0	0        0   4942      0      0.183706    0.248992    0
0.293236	9008	0	202.472	2.25471	0.241823	0.34395	0.540406	0.343825	0	0	0	0	0	0	-617492	5.33521	0	0        0   9008      0      0.248992    0.33748    0
0.397447	16269	0	201.317	1.66801	-0.146765	0.252499	-0.00456976	0.253334	0	0	0	0	0	0	-1.11335e+06	3.9239	0	0        0   16269      0      0.33748    0.457415    0
0.538693	29765	0	200.787	1.22955	-0.219356	0.187995	-0.191461	0.18702	0	0	0	0	0	0	-2.03855e+06	2.89618	0	0        0   29765      0      0.457415    0.619972    0
0.730136	54248	0	200.607	0.909536	-0.0398858	0.138602	-0.150487	0.139159	0	0	0	0	0	0	-3.72238e+06	2.13954	0	0        0   54248      0      0.619972    0.8403    0
0.989614	99541	0	201.483	0.674744	-0.0825512	0.102631	0.043628	0.102837	0	0	0	0	0	0	-6.82854e+06	1.59252	0	0        0   99541      0      0.8403    1.13893    0
1.34131	182541	0	201.576	0.498376	-0.0237562	0.0759341	-0.104346	0.0757435	0	0	0	0	0	0	-1.25196e+07	1.17466	0	0        0   182541      0      1.13893    1.54368    0
1.81798	332087	0	200.514	0.36759	0.0725802	0.0558513	-0.0174849	0.0560468	0	0	0	0	0	0	-2.27788e+07	0.866992	0	0        0   332087      0      1.54368    2.09228    0
2.46406	610076	0	201.393	0.272406	0.098525	0.0414729	-0.0484421	0.0414366	0	0	0	0	0	0	-4.18231e+07	0.642261	0	0        0   610076      0      2.09228    2.83584    0
3.33975	1116930	0	201.625	0.201538	-0.0462233	0.0306306	-0.017954	0.0306702	0	0	0	0	0	0	-7.66048e+07	0.475003	0	0        0   1.11693e+06      0      2.83584    3.84365    0
4.52664	2043426	0	202.132	0.149398	0.0056963	0.0227148	-0.0467254	0.0227269	0	0	0	0	0	0	-1.40154e+08	0.352487	0	0        0   2.04343e+06      0      3.84365    5.20962    0
6.13533	3740358	0	202.33	0.11055	0.000535065	0.0168224	-0.0121831	0.0168266	0	0	0	0	0	0	-2.56503e+08	0.261092	0	0        0   3.74036e+06      0      5.20962    7.06103    0
8.31572	6853102	0	202.395	0.0817033	0.00290161	0.0124304	0.000698586	0.0124363	0	0	0	0	0	0	-4.70002e+08	0.193129	0	0        0   6.8531e+06      0      7.06103    9.5704    0
11.271	12574123	0	202.771	0.0604432	-0.00022064	0.00919744	-0.00954477	0.0092022	0	0	0	0	0	0	-8.62266e+08	0.143099	0	0        0   1.25741e+07      0      9.5704    12.9716    0
15.2765	22936258	0	202.857	0.0447774	-0.00429595	0.00681322	-0.0074638	0.00681388	0	0	0	0	0	0	-1.5731e+09	0.106093	0	0        0   2.29363e+07      0      12.9716    17.5814    0
20.7055	41909574	0	203.066	0.0331673	-0.0129673	0.00504651	0.000191828	0.00504828	0	0	0	0	0	0	-2.87433e+09	0.0787153	0	0        0   4.19096e+07      0      17.5814    23.8296    0
28.0639	76438994	0	203.355	0.0246013	0.00470931	0.00374363	0.0077961	0.00374295	0	0	0	0	0	0	-5.24247e+09	0.0585147	0	0        0   7.6439e+07      0      23.8296    32.2982    0
38.0373	139171399	0	203.632	0.0182641	0.0100211	0.00277861	0.00409278	0.00277846	0	0	0	0	0	0	-9.54467e+09	0.0435625	0	0        0   1.39171e+08      0      32.2982    43.7764    0
51.5551	252759219	0	203.91	0.0135775	0.00508074	0.00206462	-0.0014984	0.00206489	0	0	0	0	0	0	-1.73359e+10	0.0324951	0	0        0   2.52759e+08      0      43.7764    59.3338    0
69.8769	457590663	0	204.138	0.0101082	0.00702697	0.00153659	-0.00601225	0.00153656	0	0	0	0	0	0	-3.13851e+10	0.0242915	0	0        0   4.57591e+08      0      59.3338    80.42    0
94.7099	825624244	0	204.499	0.00754438	0.00162132	0.00114661	-0.00350151	0.0011465	0	0	0	0	0	0	-5.66282e+10	0.0182267	0	0        0   8.25624e+08      0      80.42    109    0
