# 1bin_value	2data_points	3sqrt(data_points)	4W	5W_err	6e+	7e+_err	8eX 9eX_err	10e++ 	11e++_err		12eXX	13eXX_err		14e+X	15e+X_err 	16theta          17theta_err       17num_den	18num_err 19LS_err     20wt_num     21wt_num_err  22r_low   23r_high 24sig_crit
0.117769	1486	0	205.627	5.65994	0.874249	0.856316	0.0469147	0.870621	0	0	0	0	0	0	-101947	13.6665	0	0        0   1486      0      0.1    0.135538    0
0.159622	2684	0	203.508	4.15632	-0.297928	0.633296	0.444854	0.627231	0	0	0	0	0	0	-183331	9.87408	0	0        0   2684      0      0.135538    0.183706    0
0.216349	4941	0	201.493	3.02902	-0.191478	0.461714	0.230582	0.459312	0	0	0	0	0	0	-338852	7.14086	0	0        0   4941      0      0.183706    0.248992    0
0.293236	9009	0	202.702	2.25734	0.184719	0.34432	0.472821	0.34424	0	0	0	0	0	0	-617591	5.34306	0	0        0   9009      0      0.248992    0.33748    0
0.397447	16258	0	201.338	1.66936	-0.146792	0.252694	-0.0116114	0.253526	0	0	0	0	0	0	-1.11239e+06	3.94245	0	0        0   16258      0      0.33748    0.457415    0
0.538693	29721	0	200.628	1.23045	-0.2145	0.188144	-0.185853	0.187173	0	0	0	0	0	0	-2.03554e+06	2.91604	0	0        0   29721      0      0.457415    0.619972    0
0.730136	54157	0	200.374	0.909896	-0.0661445	0.138671	-0.142609	0.139232	0	0	0	0	0	0	-3.71595e+06	2.15293	0	0        0   54157      0      0.619972    0.8403    0
0.989614	99393	0	201.297	0.675055	-0.08483	0.102687	0.0594794	0.102894	0	0	0	0	0	0	-6.81815e+06	1.60134	0	0        0   99393      0      0.8403    1.13893    0
1.34131	182344	0	201.51	0.498739	-0.0150382	0.0759918	-0.0979277	0.0758009	0	0	0	0	0	0	-1.25056e+07	1.18053	0	0        0   182344      0      1.13893    1.54368    0
1.81798	331820	0	200.503	0.367861	0.0640344	0.0558925	-0.00344072	0.0560881	0	0	0	0	0	0	-2.27592e+07	0.870478	0	0        0   331820      0      1.54368    2.09228    0
2.46406	609514	0	201.393	0.27266	0.0919734	0.0415117	-0.0558191	0.0414753	0	0	0	0	0	0	-4.17832e+07	0.645276	0	0        0   609514      0      2.09228    2.83584    0
3.33975	1115106	0	201.503	0.201735	-0.0453409	0.0306621	-0.0106787	0.0307017	0	0	0	0	0	0	-7.64792e+07	0.47823	0	0        0   1.11511e+06      0      2.83584    3.84365    0
4.52664	2040351	0	202.042	0.14955	0.0094593	0.0227388	-0.0439308	0.0227509	0	0	0	0	0	0	-1.39943e+08	0.354728	0	0        0   2.04035e+06      0      3.84365    5.20962    0
6.13533	3734763	0	202.261	0.110675	-0.000477205	0.0168419	-0.0120592	0.0168461	0	0	0	0	0	0	-2.56113e+08	0.26286	0	0        0   3.73476e+06      0      5.20962    7.06103    0
8.31572	6841950	0	202.302	0.0817956	0.000437535	0.0124449	-0.001496	0.0124509	0	0	0	0	0	0	-4.69233e+08	0.194489	0	0        0   6.84195e+06      0      7.06103    9.5704    0
11.271	12554466	0	202.702	0.0605154	0.001027	0.0092087	-0.0134321	0.00921348	0	0	0	0	0	0	-8.60916e+08	0.144081	0	0        0   1.25545e+07      0      9.5704    12.9716    0
15.2765	22897139	0	202.787	0.0448369	-0.00452476	0.00682249	-0.00934859	0.00682314	0	0	0	0	0	0	-1.5704e+09	0.106897	0	0        0   2.28971e+07      0      12.9716    17.5814    0
20.7055	41832099	0	202.985	0.0332143	-0.0158009	0.00505384	-0.00158719	0.00505562	0	0	0	0	0	0	-2.86897e+09	0.0793581	0	0        0   4.18321e+07      0      17.5814    23.8296    0
28.0639	76277177	0	203.264	0.0246415	0.00114862	0.00374989	0.00547044	0.00374921	0	0	0	0	0	0	-5.23128e+09	0.0590598	0	0        0   7.62772e+07      0      23.8296    32.2982    0
38.0373	138835604	0	203.548	0.0183001	0.00708832	0.00278419	0.000603412	0.00278404	0	0	0	0	0	0	-9.52143e+09	0.0440314	0	0        0   1.38836e+08      0      32.2982    43.7764    0
51.5551	252010246	0	203.81	0.0136106	0.00330313	0.00206974	-0.00520159	0.00207001	0	0	0	0	0	0	-1.72842e+10	0.0329202	0	0        0   2.5201e+08      0      43.7764    59.3338    0
69.8769	455892138	0	204.02	0.0101395	0.00597579	0.00154142	-0.00803322	0.0015414	0	0	0	0	0	0	-3.12682e+10	0.0246864	0	0        0   4.55892e+08      0      59.3338    80.42    0
94.7099	821747502	0	204.351	0.00757396	0.00153963	0.00115118	-0.00154122	0.00115107	0	0	0	0	0	0	-5.63615e+10	0.0185975	0	0        0   8.21748e+08      0      80.42    109    0
