# 1bin_value	2data_points	3sqrt(data_points)	4W	5W_err	6e+	7e+_err	8eX 9eX_err	10e++ 	11e++_err		12eXX	13eXX_err		14e+X	15e+X_err 	16theta          17theta_err       17num_den	18num_err 19LS_err     20wt_num     21wt_num_err  22r_low   23r_high 24sig_crit
0.117769	579	0	750.523	36.0161	10.4131	5.17358	0.495452	4.80564	0	0	0	0	0	0	-39969.4	107.651	0	0        0   610.68      0      0.1    0.135538    0
0.159622	776	0	543.147	21.7734	1.21751	3.18088	0.193983	3.10883	0	0	0	0	0	0	-53107.5	55.615	0	0        0   812.055      0      0.135538    0.183706    0
0.216349	1136	0	435.584	14.1574	3.52569	1.9153	0.31336	1.97009	0	0	0	0	0	0	-77576.1	31.9372	0	0        0   1200.19      0      0.183706    0.248992    0
0.293236	1592	0	344.423	9.36192	3.46728	1.45418	-1.8279	1.54546	0	0	0	0	0	0	-109471	18.9402	0	0        0   1685.53      0      0.248992    0.33748    0
0.397447	3342	0	399.614	7.49301	2.25092	1.15999	0.0803257	1.10787	0	0	0	0	0	0	-229091	14.5273	0	0        0   3575.41      0      0.33748    0.457415    0
0.538693	7039	0	466.685	6.04197	2.18649	0.949873	1.07249	0.942374	0	0	0	0	0	0	-482923	11.2917	0	0        0   7588.48      0      0.457415    0.619972    0
0.730136	10519	0	383.003	4.03483	1.34893	0.614841	-0.877639	0.635871	0	0	0	0	0	0	-721461	6.74784	0	0        0   11312.5      0      0.619972    0.8403    0
0.989614	16765	0	333.206	2.7447	-0.0908305	0.43204	1.14203	0.431609	0	0	0	0	0	0	-1.15025e+06	4.19428	0	0        0   17955.2      0      0.8403    1.13893    0
1.34131	28227	0	305.393	1.93245	0.250327	0.302976	-0.386613	0.306347	0	0	0	0	0	0	-1.93683e+06	2.79459	0	0        0   30085.8      0      1.13893    1.54368    0
1.81798	48291	0	287.049	1.38901	0.670854	0.219899	0.144512	0.217969	0	0	0	0	0	0	-3.30787e+06	1.92996	0	0        0   51595.2      0      1.54368    2.09228    0
2.46406	83570	0	270.937	0.991964	0.166709	0.156696	-0.068775	0.155479	0	0	0	0	0	0	-5.72913e+06	1.32566	0	0        0   88866.6      0      2.09228    2.83584    0
3.33975	144809	0	257.458	0.715466	0.429235	0.113588	0.0327749	0.113367	0	0	0	0	0	0	-9.92609e+06	0.936891	0	0        0   154140      0      2.83584    3.84365    0
4.52664	251832	0	245.888	0.517673	0.345389	0.0820376	0.0151697	0.0822047	0	0	0	0	0	0	-1.72732e+07	0.666615	0	0        0   268083      0      3.84365    5.20962    0
6.13533	443062	0	236.875	0.375283	0.276962	0.0595682	-0.0505766	0.0594775	0	0	0	0	0	0	-3.03801e+07	0.473699	0	0        0   471373      0      5.20962    7.06103    0
8.31572	783786	0	229.072	0.273095	0.216968	0.0433737	-0.0252503	0.0433243	0	0	0	0	0	0	-5.37554e+07	0.342993	0	0        0   833593      0      7.06103    9.5704    0
11.271	1391942	0	222.274	0.198691	0.12302	0.0315804	0.034589	0.0315577	0	0	0	0	0	0	-9.54499e+07	0.248667	0	0        0   1.47942e+06      0      9.5704    12.9716    0
15.2765	2471096	0	216.64	0.145287	0.142765	0.0230621	0.028018	0.0230995	0	0	0	0	0	0	-1.69461e+08	0.182353	0	0        0   2.62552e+06      0      12.9716    17.5814    0
20.7055	4415175	0	212.313	0.106519	0.109506	0.0169513	0.00894273	0.0169258	0	0	0	0	0	0	-3.02851e+08	0.133285	0	0        0   4.69133e+06      0      17.5814    23.8296    0
28.0639	7904221	0	208.875	0.0783189	0.0705974	0.0124613	0.00518768	0.0124441	0	0	0	0	0	0	-5.42218e+08	0.0985627	0	0        0   8.39807e+06      0      23.8296    32.2982    0
38.0373	14191720	0	206.362	0.0577536	0.0599513	0.00918213	0.0115273	0.00918167	0	0	0	0	0	0	-9.73452e+08	0.073277	0	0        0   1.50738e+07      0      32.2982    43.7764    0
51.5551	25597403	0	205.382	0.042819	0.0645326	0.00680449	-0.0060667	0.00680582	0	0	0	0	0	0	-1.75574e+09	0.0549377	0	0        0   2.71895e+07      0      43.7764    59.3338    0
69.8769	46147545	0	204.945	0.0318505	0.059997	0.00505703	-0.00421412	0.00506136	0	0	0	0	0	0	-3.16552e+09	0.0413971	0	0        0   4.90345e+07      0      59.3338    80.42    0
94.7099	83033655	0	204.814	0.0237503	0.0268098	0.00377364	0.00642624	0.00377236	0	0	0	0	0	0	-5.69582e+09	0.0315126	0	0        0   8.82117e+07      0      80.42    109    0
