# 1bin_value	2data_points	3sqrt(data_points)	4W	5W_err	6e+	7e+_err	8eX 9eX_err	10e++ 	11e++_err		12eXX	13eXX_err		14e+X	15e+X_err 	16theta          17theta_err       17num_den	18num_err 19LS_err     20wt_num     21wt_num_err  22r_low   23r_high 24sig_crit
0.117769	1506	0	207.809	5.64931	0.803851	0.854193	-0.182671	0.868519	0	0	0	0	0	0	-103295	13.0788	0	0        0   1506      0      0.1    0.135538    0
0.159622	2715	0	205.094	4.14404	-0.168504	0.631079	0.514836	0.62491	0	0	0	0	0	0	-185465	9.47132	0	0        0   2715      0      0.135538    0.183706    0
0.216349	4986	0	202.85	3.02373	-0.144676	0.460538	0.374783	0.458234	0	0	0	0	0	0	-341955	6.90691	0	0        0   4986      0      0.183706    0.248992    0
0.293236	9098	0	203.903	2.24974	0.223827	0.342974	0.513901	0.342893	0	0	0	0	0	0	-623694	5.14469	0	0        0   9098      0      0.248992    0.33748    0
0.397447	16429	0	202.866	1.66574	-0.143102	0.251981	0.011205	0.252803	0	0	0	0	0	0	-1.12403e+06	3.79886	0	0        0   16429      0      0.33748    0.457415    0
0.538693	30067	0	202.29	1.2272	-0.242927	0.187511	-0.183012	0.186537	0	0	0	0	0	0	-2.05933e+06	2.79318	0	0        0   30067      0      0.457415    0.619972    0
0.730136	54789	0	202.12	0.907982	-0.0464425	0.138271	-0.116261	0.138826	0	0	0	0	0	0	-3.7593e+06	2.06532	0	0        0   54789      0      0.619972    0.8403    0
0.989614	100503	0	202.921	0.673488	-0.0995885	0.102373	0.0493754	0.102579	0	0	0	0	0	0	-6.89457e+06	1.53788	0	0        0   100503      0      0.8403    1.13893    0
1.34131	184262	0	202.926	0.49733	-0.0130985	0.0757287	-0.102408	0.0755383	0	0	0	0	0	0	-1.26375e+07	1.13515	0	0        0   184262      0      1.13893    1.54368    0
1.81798	335522	0	202.087	0.366945	0.071451	0.0557132	-0.010355	0.0559083	0	0	0	0	0	0	-2.30137e+07	0.835839	0	0        0   335522      0      1.54368    2.09228    0
2.46406	616191	0	202.94	0.271969	0.101036	0.0413772	-0.0498907	0.041341	0	0	0	0	0	0	-4.22409e+07	0.620069	0	0        0   616191      0      2.09228    2.83584    0
3.33975	1127597	0	203.077	0.201203	-0.0472662	0.0305595	-0.0168443	0.030599	0	0	0	0	0	0	-7.73348e+07	0.459207	0	0        0   1.1276e+06      0      2.83584    3.84365    0
4.52664	2062958	0	203.584	0.149145	0.00770579	0.0226613	-0.044396	0.0226734	0	0	0	0	0	0	-1.41492e+08	0.340733	0	0        0   2.06296e+06      0      3.84365    5.20962    0
6.13533	3776784	0	203.833	0.110372	-0.00244906	0.0167838	-0.00898262	0.016788	0	0	0	0	0	0	-2.58996e+08	0.252307	0	0        0   3.77678e+06      0      5.20962    7.06103    0
8.31572	6920594	0	203.903	0.0815654	0.00153225	0.0124009	0.000975586	0.0124068	0	0	0	0	0	0	-4.74633e+08	0.186519	0	0        0   6.92059e+06      0      7.06103    9.5704    0
11.271	12700176	0	204.31	0.0603398	-0.00028522	0.00917527	-0.0118705	0.00918003	0	0	0	0	0	0	-8.70912e+08	0.138134	0	0        0   1.27002e+07      0      9.5704    12.9716    0
15.2765	23168375	0	204.422	0.0447026	-0.00429494	0.006797	-0.00865077	0.00679765	0	0	0	0	0	0	-1.58899e+09	0.102407	0	0        0   2.31684e+07      0      12.9716    17.5814    0
20.7055	42343819	0	204.666	0.03311	-0.0133755	0.00503413	-0.00115642	0.00503589	0	0	0	0	0	0	-2.90407e+09	0.0759226	0	0        0   4.23438e+07      0      17.5814    23.8296    0
28.0639	77255127	0	205.011	0.0245582	0.00485322	0.00373424	0.00709684	0.00373357	0	0	0	0	0	0	-5.29834e+09	0.0563879	0	0        0   7.72551e+07      0      23.8296    32.2982    0
38.0373	140720329	0	205.373	0.018232	0.00839958	0.00277153	0.00155861	0.00277138	0	0	0	0	0	0	-9.65071e+09	0.0419268	0	0        0   1.4072e+08      0      32.2982    43.7764    0
51.5551	255696915	0	205.742	0.0135534	0.00586054	0.00205925	-0.0039945	0.00205951	0	0	0	0	0	0	-1.7537e+10	0.0312333	0	0        0   2.55697e+08      0      43.7764    59.3338    0
69.8769	463224795	0	206.077	0.010089	0.00885334	0.00153232	-0.00700436	0.0015323	0	0	0	0	0	0	-3.17706e+10	0.0233009	0	0        0   4.63225e+08      0      59.3338    80.42    0
94.7099	836601380	0	206.547	0.00752695	0.00447452	0.00114289	-0.00280607	0.00114278	0	0	0	0	0	0	-5.73784e+10	0.017427	0	0        0   8.36601e+08      0      80.42    109    0
