# 1bin_value	2data_points	3sqrt(data_points)	4W	5W_err	6e+	7e+_err	8eX 9eX_err	10e++ 	11e++_err		12eXX	13eXX_err		14e+X	15e+X_err 	16theta          17theta_err       17num_den	18num_err 19LS_err     20wt_num     21wt_num_err  22r_low   23r_high 24sig_crit
0.117769	585	0	753.314	35.8152	11.4059	5.14174	0.19642	4.77548	0	0	0	0	0	0	-40345.6	105.351	0	0        0   616.556      0      0.1    0.135538    0
0.159622	784	0	546.989	21.7384	1.80089	3.16768	-0.11049	3.0979	0	0	0	0	0	0	-53672.4	54.6423	0	0        0   821.016      0      0.135538    0.183706    0
0.216349	1135	0	433.249	14.1015	3.6759	1.90812	0.631871	1.96549	0	0	0	0	0	0	-77489.4	31.9702	0	0        0   1198.22      0      0.183706    0.248992    0
0.293236	1603	0	345.009	9.32781	3.55287	1.44892	-1.66183	1.53855	0	0	0	0	0	0	-110132	18.4609	0	0        0   1694.85      0      0.248992    0.33748    0
0.397447	3346	0	398.543	7.46711	2.03068	1.15626	0.220195	1.10456	0	0	0	0	0	0	-229485	14.3102	0	0        0   3577.58      0      0.33748    0.457415    0
0.538693	7083	0	467.945	6.02208	2.10327	0.946622	0.995713	0.939026	0	0	0	0	0	0	-485933	10.937	0	0        0   7635.84      0      0.457415    0.619972    0
0.730136	10602	0	384.53	4.01944	1.28088	0.612494	-1.03718	0.633355	0	0	0	0	0	0	-727127	6.39072	0	0        0   11401.7      0      0.619972    0.8403    0
0.989614	16868	0	333.871	2.7341	-0.0842486	0.430403	1.15149	0.429972	0	0	0	0	0	0	-1.15716e+06	3.98265	0	0        0   18060.3      0      0.8403    1.13893    0
1.34131	28382	0	305.855	1.92535	0.234837	0.301847	-0.401865	0.305199	0	0	0	0	0	0	-1.9477e+06	2.64407	0	0        0   30243.6      0      1.13893    1.54368    0
1.81798	48579	0	287.714	1.38378	0.704426	0.219063	0.102631	0.217143	0	0	0	0	0	0	-3.32758e+06	1.80981	0	0        0   51909      0      1.54368    2.09228    0
2.46406	84028	0	271.383	0.988276	0.167265	0.156109	-0.101883	0.154896	0	0	0	0	0	0	-5.76029e+06	1.24427	0	0        0   89344.3      0      2.09228    2.83584    0
3.33975	145672	0	258.001	0.712755	0.42182	0.113154	0.0434083	0.112934	0	0	0	0	0	0	-9.98637e+06	0.868463	0	0        0   155052      0      2.83584    3.84365    0
4.52664	253388	0	246.399	0.515634	0.356432	0.0817131	-0.000710727	0.0818785	0	0	0	0	0	0	-1.73796e+07	0.616532	0	0        0   269702      0      3.84365    5.20962    0
6.13533	445621	0	237.229	0.373753	0.284974	0.0593243	-0.0392496	0.0592342	0	0	0	0	0	0	-3.05556e+07	0.438805	0	0        0   474018      0      5.20962    7.06103    0
8.31572	788882	0	229.523	0.271943	0.222945	0.0431897	-0.0216533	0.0431406	0	0	0	0	0	0	-5.4104e+07	0.314337	0	0        0   838773      0      7.06103    9.5704    0
11.271	1401297	0	222.741	0.197816	0.129273	0.0314406	0.0494126	0.031418	0	0	0	0	0	0	-9.60907e+07	0.22691	0	0        0   1.4891e+06      0      9.5704    12.9716    0
15.2765	2488971	0	217.149	0.144605	0.134379	0.0229532	0.0357026	0.0229904	0	0	0	0	0	0	-1.7069e+08	0.165023	0	0        0   2.64412e+06      0      12.9716    17.5814    0
20.7055	4447779	0	212.756	0.105982	0.112387	0.0168654	0.0103999	0.01684	0	0	0	0	0	0	-3.0509e+08	0.12034	0	0        0   4.72505e+06      0      17.5814    23.8296    0
28.0639	7965549	0	209.295	0.0778879	0.0692318	0.0123925	0.00531408	0.0123754	0	0	0	0	0	0	-5.46443e+08	0.088499	0	0        0   8.46166e+06      0      23.8296    32.2982    0
38.0373	14313265	0	206.81	0.057399	0.0602767	0.00912556	0.0127421	0.00912511	0	0	0	0	0	0	-9.81803e+08	0.0651556	0	0        0   1.52001e+07      0      32.2982    43.7764    0
51.5551	25838781	0	205.822	0.0425184	0.066662	0.00675658	-0.00431547	0.0067579	0	0	0	0	0	0	-1.77233e+09	0.048328	0	0        0   2.74408e+07      0      43.7764    59.3338    0
69.8769	46626212	0	205.323	0.0315889	0.0598971	0.00501541	-0.00536435	0.0050197	0	0	0	0	0	0	-3.19851e+09	0.0359997	0	0        0   4.95327e+07      0      59.3338    80.42    0
94.7099	84022437	0	205.178	0.0235181	0.0259704	0.00373668	0.0118557	0.00373542	0	0	0	0	0	0	-5.7639e+09	0.0269483	0	0        0   8.92419e+07      0      80.42    109    0
