# 1bin_value	2data_points	3sqrt(data_points)	4W	5W_err	6e+	7e+_err	8eX 9eX_err	10e++ 	11e++_err		12eXX	13eXX_err		14e+X	15e+X_err 	16theta          17theta_err       17num_den	18num_err 19LS_err     20wt_num     21wt_num_err  22r_low   23r_high 24sig_crit
0.117769	277	0	180.89	14.3856	0	0	0	0	0	0	0	0	0	0	-1155.64	30629.7	0	0        0   293.521      0      0.1    0.135538    0
0.159622	546	0	200.642	11.104	0	0	0	0	0	0	0	0	0	0	-1291.12	61181.2	0	0        0   587.977      0      0.135538    0.183706    0
0.216349	969	0	192.899	7.9253	0	0	0	0	0	0	0	0	0	0	-1227.91	105629	0	0        0   1036.23      0      0.183706    0.248992    0
0.293236	1833	0	206.985	6.18416	0	0	0	0	0	0	0	0	0	0	-1327.07	201777	0	0        0   1961.45      0      0.248992    0.33748    0
0.397447	3281	0	199.221	4.41662	0	0	0	0	0	0	0	0	0	0	-1287.95	359669	0	0        0   3490.21      0      0.33748    0.457415    0
0.538693	5925	0	196.597	3.22836	0	0	0	0	0	0	0	0	0	0	-1271.37	649692	0	0        0   6310.5      0      0.457415    0.619972    0
0.730136	10828	0	200.232	2.44091	0	0	0	0	0	0	0	0	0	0	-1281.81	1.17786e+06	0	0        0   11601.5      0      0.619972    0.8403    0
0.989614	19711	0	198.705	1.79396	0	0	0	0	0	0	0	0	0	0	-1275.09	2.14253e+06	0	0        0   21075      0      0.8403    1.13893    0
1.34131	35984	0	198.638	1.32719	0	0	0	0	0	0	0	0	0	0	-1272.38	3.90264e+06	0	0        0   38496.4      0      1.13893    1.54368    0
1.81798	66705	0	200.412	0.984299	0	0	0	0	0	0	0	0	0	0	-1285.35	7.2358e+06	0	0        0   71320.2      0      1.54368    2.09228    0
2.46406	121357	0	200.081	0.728705	0	0	0	0	0	0	0	0	0	0	-1281.37	1.31709e+07	0	0        0   129965      0      2.09228    2.83584    0
3.33975	221836	0	200.513	0.540003	0	0	0	0	0	0	0	0	0	0	-1285.85	2.40815e+07	0	0        0   237254      0      2.83584    3.84365    0
4.52664	403579	0	199.27	0.397751	0	0	0	0	0	0	0	0	0	0	-1276.68	4.37685e+07	0	0        0   431984      0      3.84365    5.20962    0
6.13533	737911	0	199.064	0.293778	0	0	0	0	0	0	0	0	0	0	-1276.61	8.00807e+07	0	0        0   788997      0      5.20962    7.06103    0
8.31572	1354235	0	199.481	0.217362	0	0	0	0	0	0	0	0	0	0	-1279.27	1.47006e+08	0	0        0   1.44825e+06      0      7.06103    9.5704    0
11.271	2480653	0	199.614	0.160685	0	0	0	0	0	0	0	0	0	0	-1280.53	2.69287e+08	0	0        0   2.65209e+06      0      9.5704    12.9716    0
15.2765	4521133	0	199.442	0.11898	0	0	0	0	0	0	0	0	0	0	-1279.64	4.91154e+08	0	0        0   4.83335e+06      0      12.9716    17.5814    0
20.7055	8254722	0	199.432	0.0880527	0	0	0	0	0	0	0	0	0	0	-1279.7	8.97008e+08	0	0        0   8.82349e+06      0      17.5814    23.8296    0
28.0639	15045186	0	199.561	0.0652903	0	0	0	0	0	0	0	0	0	0	-1280.66	1.63593e+09	0	0        0   1.6081e+07      0      23.8296    32.2982    0
38.0373	27362258	0	199.488	0.0484125	0	0	0	0	0	0	0	0	0	0	-1280.82	2.97735e+09	0	0        0   2.92322e+07      0      32.2982    43.7764    0
51.5551	49644473	0	199.506	0.035964	0	0	0	0	0	0	0	0	0	0	-1281.14	5.40566e+09	0	0        0   5.30248e+07      0      43.7764    59.3338    0
69.8769	89763292	0	199.453	0.0267558	0	0	0	0	0	0	0	0	0	0	-1281.07	9.78642e+09	0	0        0   9.58566e+07      0      59.3338    80.42    0
94.7099	161703442	0	199.55	0.0199631	0	0	0	0	0	0	0	0	0	0	-1282.19	1.76593e+10	0	0        0   1.72608e+08      0      80.42    109    0
