# 1bin_value	2data_points	3sqrt(data_points)	4W	5W_err	6e+	7e+_err	8eX 9eX_err	10e++ 	11e++_err		12eXX	13eXX_err		14e+X	15e+X_err 	16theta          17theta_err       17num_den	18num_err 19LS_err     20wt_num     21wt_num_err  22r_low   23r_high 24sig_crit
0.117769	280	0	183.869	14.5263	0	0	0	0	0	0	0	0	0	0	-1171.71	30629.7	0	0        0   297.286      0      0.1    0.135538    0
0.159622	550	0	202.283	11.1263	0	0	0	0	0	0	0	0	0	0	-1300.25	61181.2	0	0        0   592.551      0      0.135538    0.183706    0
0.216349	977	0	194.219	7.93973	0	0	0	0	0	0	0	0	0	0	-1237.85	105629	0	0        0   1044.15      0      0.183706    0.248992    0
0.293236	1842	0	206.91	6.15185	0	0	0	0	0	0	0	0	0	0	-1325.89	201777	0	0        0   1971.9      0      0.248992    0.33748    0
0.397447	3298	0	199.979	4.42466	0	0	0	0	0	0	0	0	0	0	-1295.17	359669	0	0        0   3501.99      0      0.33748    0.457415    0
0.538693	5941	0	196.781	3.22794	0	0	0	0	0	0	0	0	0	0	-1274.06	649692	0	0        0   6319.97      0      0.457415    0.619972    0
0.730136	10862	0	200.073	2.43295	0	0	0	0	0	0	0	0	0	0	-1281.37	1.17786e+06	0	0        0   11629.2      0      0.619972    0.8403    0
0.989614	19782	0	199.136	1.79426	0	0	0	0	0	0	0	0	0	0	-1278.77	2.14253e+06	0	0        0   21132.5      0      0.8403    1.13893    0
1.34131	36157	0	199.521	1.33014	0	0	0	0	0	0	0	0	0	0	-1279.49	3.90264e+06	0	0        0   38637.2      0      1.13893    1.54368    0
1.81798	66874	0	200.661	0.984198	0	0	0	0	0	0	0	0	0	0	-1288.16	7.2358e+06	0	0        0   71440.7      0      1.54368    2.09228    0
2.46406	121848	0	200.58	0.72909	0	0	0	0	0	0	0	0	0	0	-1286.37	1.31709e+07	0	0        0   130316      0      2.09228    2.83584    0
3.33975	222682	0	200.901	0.53985	0	0	0	0	0	0	0	0	0	0	-1289.75	2.40815e+07	0	0        0   237925      0      2.83584    3.84365    0
4.52664	404895	0	199.542	0.397542	0	0	0	0	0	0	0	0	0	0	-1279.69	4.37685e+07	0	0        0   432974      0      3.84365    5.20962    0
6.13533	740759	0	199.443	0.293666	0	0	0	0	0	0	0	0	0	0	-1280.26	8.00807e+07	0	0        0   791288      0      5.20962    7.06103    0
8.31572	1359160	0	199.811	0.217274	0	0	0	0	0	0	0	0	0	0	-1282.71	1.47006e+08	0	0        0   1.452e+06      0      7.06103    9.5704    0
11.271	2489820	0	199.893	0.16056	0	0	0	0	0	0	0	0	0	0	-1283.67	2.69287e+08	0	0        0   2.65904e+06      0      9.5704    12.9716    0
15.2765	4539220	0	199.753	0.118871	0	0	0	0	0	0	0	0	0	0	-1282.97	4.91154e+08	0	0        0   4.84769e+06      0      12.9716    17.5814    0
20.7055	8291056	0	199.745	0.0879395	0	0	0	0	0	0	0	0	0	0	-1283.06	8.97008e+08	0	0        0   8.85311e+06      0      17.5814    23.8296    0
28.0639	15120867	0	199.895	0.0651752	0	0	0	0	0	0	0	0	0	0	-1284.13	1.63593e+09	0	0        0   1.6145e+07      0      23.8296    32.2982    0
38.0373	27517592	0	199.858	0.0483064	0	0	0	0	0	0	0	0	0	0	-1284.49	2.97735e+09	0	0        0   2.9368e+07      0      32.2982    43.7764    0
51.5551	49957638	0	199.832	0.0358534	0	0	0	0	0	0	0	0	0	0	-1284.57	5.40566e+09	0	0        0   5.33029e+07      0      43.7764    59.3338    0
69.8769	90405702	0	199.767	0.0266498	0	0	0	0	0	0	0	0	0	0	-1284.45	9.78642e+09	0	0        0   9.64376e+07      0      59.3338    80.42    0
94.7099	163069561	0	199.882	0.0198618	0	0	0	0	0	0	0	0	0	0	-1285.73	1.76593e+10	0	0        0   1.73868e+08      0      80.42    109    0
