# 1bin_value	2data_points	3sqrt(data_points)	4W	5W_err	6e+	7e+_err	8eX 9eX_err	10e++ 	11e++_err		12eXX	13eXX_err		14e+X	15e+X_err 	16theta          17theta_err       17num_den	18num_err 19LS_err     20wt_num     21wt_num_err  22r_low   23r_high 24sig_crit
0.117769	641	0	200	0	0	0	0	0	0	0	0	0	0	0	0	0	0	0        0   641      0      0.1    0.135538    0
0.159622	1119	0	200	0	0	0	0	0	0	0	0	0	0	0	0	0	0	0        0   1119      0      0.135538    0.183706    0
0.216349	2040	0	200	0	0	0	0	0	0	0	0	0	0	0	0	0	0	0        0   2040      0      0.183706    0.248992    0
0.293236	3572	0	200	0	0	0	0	0	0	0	0	0	0	0	0	0	0	0        0   3572      0      0.248992    0.33748    0
0.397447	6584	0	200	0	0	0	0	0	0	0	0	0	0	0	0	0	0	0        0   6584      0      0.33748    0.457415    0
0.538693	12050	0	200	0	0	0	0	0	0	0	0	0	0	0	0	0	0	0        0   12050      0      0.457415    0.619972    0
0.730136	21761	0	200	0	0	0	0	0	0	0	0	0	0	0	0	0	0	0        0   21761      0      0.619972    0.8403    0
0.989614	39848	0	200	0	0	0	0	0	0	0	0	0	0	0	0	0	0	0        0   39848      0      0.8403    1.13893    0
1.34131	72755	0	200	0	0	0	0	0	0	0	0	0	0	0	0	0	0	0        0   72755      0      1.13893    1.54368    0
1.81798	133655	0	200	0	0	0	0	0	0	0	0	0	0	0	0	0	0	0        0   133655      0      1.54368    2.09228    0
2.46406	243918	0	200	0	0	0	0	0	0	0	0	0	0	0	0	0	0	0        0   243918      0      2.09228    2.83584    0
3.33975	444321	0	200	0	0	0	0	0	0	0	0	0	0	0	0	0	0	0        0   444321      0      2.83584    3.84365    0
4.52664	814485	0	200	0	0	0	0	0	0	0	0	0	0	0	0	0	0	0        0   814485      0      3.84365    5.20962    0
6.13533	1488750	0	200	0	0	0	0	0	0	0	0	0	0	0	0	0	0	0        0   1.48875e+06      0      5.20962    7.06103    0
8.31572	2726961	0	200	0	0	0	0	0	0	0	0	0	0	0	0	0	0	0        0   2.72696e+06      0      7.06103    9.5704    0
11.271	4991715	0	200	0	0	0	0	0	0	0	0	0	0	0	0	0	0	0        0   4.99172e+06      0      9.5704    12.9716    0
15.2765	9107556	0	200	0	0	0	0	0	0	0	0	0	0	0	0	0	0	0        0   9.10756e+06      0      12.9716    17.5814    0
20.7055	16634229	0	200	0	0	0	0	0	0	0	0	0	0	0	0	0	0	0        0   1.66342e+07      0      17.5814    23.8296    0
28.0639	30313652	0	200	0	0	0	0	0	0	0	0	0	0	0	0	0	0	0        0   3.03137e+07      0      23.8296    32.2982    0
38.0373	55161689	0	200	0	0	0	0	0	0	0	0	0	0	0	0	0	0	0        0   5.51617e+07      0      32.2982    43.7764    0
51.5551	100140051	0	200	0	0	0	0	0	0	0	0	0	0	0	0	0	0	0        0   1.0014e+08      0      43.7764    59.3338    0
69.8769	181304421	0	200	0	0	0	0	0	0	0	0	0	0	0	0	0	0	0        0   1.81304e+08      0      59.3338    80.42    0
94.7099	326850691	0	200	0	0	0	0	0	0	0	0	0	0	0	0	0	0	0        0   3.26851e+08      0      80.42    109    0
