# 1bin_value	2data_points	3sqrt(data_points)	4W	5W_err	6e+	7e+_err	8eX 9eX_err	10e++ 	11e++_err		12eXX	13eXX_err		14e+X	15e+X_err 	16theta          17theta_err       17num_den	18num_err 19LS_err     20wt_num     21wt_num_err  22r_low   23r_high 24sig_crit
0.117769	281	0	183.558	14.464	0	0	0	0	0	0	0	0	0	0	-1170.58	30629.7	0	0        0   298.429      0      0.1    0.135538    0
0.159622	548	0	200.482	11.0445	0	0	0	0	0	0	0	0	0	0	-1288.08	61181.2	0	0        0   590.364      0      0.135538    0.183706    0
0.216349	977	0	193.336	7.91514	0	0	0	0	0	0	0	0	0	0	-1233.48	105629	0	0        0   1041.81      0      0.183706    0.248992    0
0.293236	1853	0	207.852	6.14195	0	0	0	0	0	0	0	0	0	0	-1331.1	201777	0	0        0   1986.51      0      0.248992    0.33748    0
0.397447	3297	0	199.275	4.40191	0	0	0	0	0	0	0	0	0	0	-1289.54	359669	0	0        0   3503.3      0      0.33748    0.457415    0
0.538693	5948	0	196.87	3.22348	0	0	0	0	0	0	0	0	0	0	-1273.16	649692	0	0        0   6332.2      0      0.457415    0.619972    0
0.730136	10893	0	200.633	2.43492	0	0	0	0	0	0	0	0	0	0	-1285.03	1.17786e+06	0	0        0   11662.6      0      0.619972    0.8403    0
0.989614	19863	0	199.625	1.79171	0	0	0	0	0	0	0	0	0	0	-1281.26	2.14253e+06	0	0        0   21230.9      0      0.8403    1.13893    0
1.34131	36192	0	199.124	1.32472	0	0	0	0	0	0	0	0	0	0	-1276.35	3.90264e+06	0	0        0   38695.3      0      1.13893    1.54368    0
1.81798	67032	0	200.614	0.981456	0	0	0	0	0	0	0	0	0	0	-1287.76	7.2358e+06	0	0        0   71618.2      0      1.54368    2.09228    0
2.46406	122075	0	200.481	0.726816	0	0	0	0	0	0	0	0	0	0	-1284.9	1.31709e+07	0	0        0   130641      0      2.09228    2.83584    0
3.33975	223041	0	200.771	0.538372	0	0	0	0	0	0	0	0	0	0	-1288.51	2.40815e+07	0	0        0   238372      0      2.83584    3.84365    0
4.52664	405598	0	199.39	0.396373	0	0	0	0	0	0	0	0	0	0	-1278.38	4.37685e+07	0	0        0   433834      0      3.84365    5.20962    0
6.13533	742235	0	199.407	0.292911	0	0	0	0	0	0	0	0	0	0	-1279.55	8.00807e+07	0	0        0   793139      0      5.20962    7.06103    0
8.31572	1362207	0	199.78	0.216657	0	0	0	0	0	0	0	0	0	0	-1282.02	1.47006e+08	0	0        0   1.45583e+06      0      7.06103    9.5704    0
11.271	2495129	0	199.868	0.160125	0	0	0	0	0	0	0	0	0	0	-1282.99	2.69287e+08	0	0        0   2.66582e+06      0      9.5704    12.9716    0
15.2765	4549052	0	199.7	0.118528	0	0	0	0	0	0	0	0	0	0	-1282.13	4.91154e+08	0	0        0   4.86006e+06      0      12.9716    17.5814    0
20.7055	8310083	0	199.705	0.0876803	0	0	0	0	0	0	0	0	0	0	-1282.3	8.97008e+08	0	0        0   8.87693e+06      0      17.5814    23.8296    0
28.0639	15154027	0	199.818	0.0649736	0	0	0	0	0	0	0	0	0	0	-1283.13	1.63593e+09	0	0        0   1.61868e+07      0      23.8296    32.2982    0
38.0373	27580700	0	199.766	0.0481472	0	0	0	0	0	0	0	0	0	0	-1283.38	2.97735e+09	0	0        0   2.94474e+07      0      32.2982    43.7764    0
51.5551	50082109	0	199.753	0.03573	0	0	0	0	0	0	0	0	0	0	-1283.52	5.40566e+09	0	0        0   5.3459e+07      0      43.7764    59.3338    0
69.8769	90665031	0	199.681	0.0265469	0	0	0	0	0	0	0	0	0	0	-1283.36	9.78642e+09	0	0        0   9.67566e+07      0      59.3338    80.42    0
94.7099	163648438	0	199.806	0.0197731	0	0	0	0	0	0	0	0	0	0	-1284.73	1.76593e+10	0	0        0   1.74561e+08      0      80.42    109    0
