# 1bin_value	2data_points	3sqrt(data_points)	4W	5W_err	6e+	7e+_err	8eX 9eX_err	10e++ 	11e++_err		12eXX	13eXX_err		14e+X	15e+X_err 	16theta          17theta_err       17num_den	18num_err 19LS_err     20wt_num     21wt_num_err  22r_low   23r_high 24sig_crit
0.117769	501	30.6169	437.861	68.5427	1.54798	5.51466	5.61925	5.48791	0	0	0	0	0	0	-2535.1	379.575	0	30.6169        0   0      0      0.1    0.135538    0
0.159622	727	19.351	278.359	42.6512	8.08378	3.48332	-0.527955	3.30847	0	0	0	0	0	0	-1740.88	234.503	0	19.351        0   0      0      0.135538    0.183706    0
0.216349	1176	14.0855	290.908	31.7779	0.260105	2.56725	-8.5774	2.67648	0	0	0	0	0	0	-1770.54	172.007	0	14.0855        0   0      0      0.183706    0.248992    0
0.293236	1643	10.4497	157.572	19.0793	4.11009	1.84775	-0.135107	1.78296	0	0	0	0	0	0	-981.669	95.7398	0	10.4497        0   0      0      0.248992    0.33748    0
0.397447	3354	6.45611	206.004	13.9575	2.73558	1.38486	-1.16347	1.35634	0	0	0	0	0	0	-1207.45	66.9222	0	6.45611        0   0      0      0.33748    0.457415    0
0.538693	7101	4.22985	285.808	10.9886	2.26582	1.11086	-1.90306	1.12967	0	0	0	0	0	0	-1670.19	52.3134	0	4.22985        0   0      0      0.457415    0.619972    0
0.730136	10368	3.18879	176.755	6.63296	1.56663	0.733786	0.455852	0.739057	0	0	0	0	0	0	-1011.42	28.0376	0	3.18879        0   0      0      0.619972    0.8403    0
0.989614	16760	2.35588	132.695	4.35229	1.18787	0.521823	-0.17256	0.515011	0	0	0	0	0	0	-754.983	16.8057	0	2.35588        0   0      0      0.8403    1.13893    0
1.34131	28309	1.73935	104.746	3.06194	0.329733	0.370771	0.349257	0.375064	0	0	0	0	0	0	-584.462	11.2333	0	1.73935        0   0      0      1.13893    1.54368    0
1.81798	47614	1.29555	76.1686	2.14134	0.37238	0.262277	0.284878	0.264125	0	0	0	0	0	0	-412.147	7.37635	0	1.29555        0   0      0      1.54368    2.09228    0
2.46406	82401	0.959087	64.5578	1.54922	0.723385	0.192426	-0.175413	0.192063	0	0	0	0	0	0	-333.187	5.14091	0	0.959087        0   0      0      2.09228    2.83584    0
3.33975	144232	0.709028	53.5952	1.1238	0.423364	0.140535	-0.0915709	0.140683	0	0	0	0	0	0	-266.264	3.6267	0	0.709028        0   0      0      2.83584    3.84365    0
4.52664	250548	0.526671	42.9478	0.810059	0.196214	0.101952	0.103776	0.102176	0	0	0	0	0	0	-189.863	2.53231	0	0.526671        0   0      0      3.84365    5.20962    0
6.13533	440474	0.389965	33.8211	0.589711	0.178566	0.0744067	-0.0837405	0.0745921	0	0	0	0	0	0	-131.121	1.8036	0	0.389965        0   0      0      5.20962    7.06103    0
8.31572	778086	0.289084	24.9821	0.4302	0.169568	0.0544232	-0.0592713	0.0544499	0	0	0	0	0	0	-76.8773	1.29361	0	0.289084        0   0      0      7.06103    9.5704    0
11.271	1385909	0.214104	18.6544	0.315226	0.184727	0.0399459	-0.011083	0.039877	0	0	0	0	0	0	-37.6287	0.938921	0	0.214104        0   0      0      9.5704    12.9716    0
15.2765	2457411	0.159218	12.6439	0.231321	0.0861874	0.0292586	-0.020136	0.0292748	0	0	0	0	0	0	2.33361	0.683079	0	0.159218        0   0      0      12.9716    17.5814    0
20.7055	4406882	0.118144	8.55457	0.17038	0.09893	0.021538	0.0142018	0.0215519	0	0	0	0	0	0	28.3091	0.501292	0	0.118144        0   0      0      17.5814    23.8296    0
28.0639	7892903	0.0878582	4.76349	0.125704	0.0873159	0.0158744	0.0295885	0.0158818	0	0	0	0	0	0	52.1839	0.368679	0	0.0878582        0   0      0      23.8296    32.2982    0
38.0373	14198783	0.0653097	2.32137	0.0929539	0.0396022	0.0117317	0.0136119	0.0117361	0	0	0	0	0	0	68.2403	0.27238	0	0.0653097        0   0      0      32.2982    43.7764    0
51.5551	25569285	0.0485774	0.659096	0.0688832	0.0152731	0.00868927	-0.000445446	0.00869072	0	0	0	0	0	0	78.9283	0.201771	0	0.0485774        0   0      0      43.7764    59.3338    0
69.8769	46179403	0.0361221	0.265909	0.0512334	0.00594298	0.00646269	0.0105168	0.00646229	0	0	0	0	0	0	82.6706	0.150184	0	0.0361221        0   0      0      59.3338    80.42    0
94.7099	83156669	0.0269068	-0.354264	0.0382001	0.0208722	0.00481737	-0.00598196	0.00481647	0	0	0	0	0	0	85.5439	0.112205	0	0.0269068        0   0      0      80.42    109    0
