# 1bin_value	2data_points	3sqrt(data_points)	4W	5W_err	6e+	7e+_err	8eX 9eX_err	10e++ 	11e++_err		12eXX	13eXX_err		14e+X	15e+X_err 	16theta          17theta_err       17num_den	18num_err 19LS_err     20wt_num     21wt_num_err  22r_low   23r_high 24sig_crit
0.117769	507	0	599.261	62.9083	1.7401	5.06574	4.98197	4.96459	0	0	0	0	0	0	-34744.2	358.41	0	0        0   546.953      0      0.1    0.135538    0
0.159622	731	0	493.222	41.3787	9.12966	3.21449	-0.0603458	3.00861	0	0	0	0	0	0	-50322	240.584	0	0        0   772.123      0      0.135538    0.183706    0
0.216349	1176	0	474.632	29.9887	0.900566	2.33781	-6.2297	2.46553	0	0	0	0	0	0	-80270.6	170.604	0	0        0   1239.19      0      0.183706    0.248992    0
0.293236	1641	0	367.021	17.1336	5.12554	1.65729	0.4452	1.6003	0	0	0	0	0	0	-112233	92.9008	0	0        0   1738.35      0      0.248992    0.33748    0
0.397447	3346	0	407.785	12.7847	3.74138	1.25116	-1.9693	1.22492	0	0	0	0	0	0	-228721	66.5545	0	0        0   3599.73      0      0.33748    0.457415    0
0.538693	7122	0	478.748	9.97271	2.42152	1.01879	-2.12472	1.03902	0	0	0	0	0	0	-489758	50.3082	0	0        0   7759.56      0      0.457415    0.619972    0
0.730136	10317	0	376.921	5.67083	1.37614	0.656296	0.00565083	0.66157	0	0	0	0	0	0	-706105	26.1898	0	0        0   11169.4      0      0.619972    0.8403    0
0.989614	16742	0	330.006	3.56632	0.808375	0.461838	-0.0941318	0.455665	0	0	0	0	0	0	-1.14962e+06	15.2883	0	0        0   17920.2      0      0.8403    1.13893    0
1.34131	28329	0	306.167	2.43537	0.389613	0.323633	0.512809	0.328747	0	0	0	0	0	0	-1.94386e+06	9.91409	0	0        0   30211.1      0      1.13893    1.54368    0
1.81798	47486	0	278.448	1.643	0.351113	0.226203	0.351002	0.228782	0	0	0	0	0	0	-3.25816e+06	6.26733	0	0        0   50567.2      0      1.54368    2.09228    0
2.46406	82238	0	266.075	1.16754	0.514427	0.165258	-0.0405459	0.164894	0	0	0	0	0	0	-5.63529e+06	4.24626	0	0        0   87626.8      0      2.09228    2.83584    0
3.33975	143896	0	255.968	0.832431	0.501948	0.120051	0.0546314	0.120502	0	0	0	0	0	0	-9.86767e+06	2.91888	0	0        0   153083      0      2.83584    3.84365    0
4.52664	249986	0	243.232	0.589714	0.232354	0.0865529	-0.0209618	0.0868967	0	0	0	0	0	0	-1.71432e+07	1.98078	0	0        0   266035      0      3.84365    5.20962    0
6.13533	439587	0	234.441	0.4235	0.200958	0.0628953	-0.0469323	0.0631292	0	0	0	0	0	0	-3.01521e+07	1.37494	0	0        0   467603      0      5.20962    7.06103    0
8.31572	776486	0	226.237	0.304747	0.181442	0.0458207	-0.0875755	0.0458474	0	0	0	0	0	0	-5.32564e+07	0.962481	0	0        0   825879      0      7.06103    9.5704    0
11.271	1383346	0	220.395	0.221124	0.178629	0.0334977	-0.00548422	0.033398	0	0	0	0	0	0	-9.48906e+07	0.686327	0	0        0   1.4702e+06      0      9.5704    12.9716    0
15.2765	2451370	0	214.31	0.160756	0.100531	0.024432	-0.0196054	0.0244456	0	0	0	0	0	0	-1.68121e+08	0.491545	0	0        0   2.6047e+06      0      12.9716    17.5814    0
20.7055	4396957	0	210.735	0.11774	0.102716	0.0179363	0.00651954	0.0179512	0	0	0	0	0	0	-3.01604e+08	0.357116	0	0        0   4.67137e+06      0      17.5814    23.8296    0
28.0639	7871963	0	207.302	0.0864104	0.0857105	0.0131861	0.0155504	0.013199	0	0	0	0	0	0	-5.3989e+08	0.260538	0	0        0   8.3637e+06      0      23.8296    32.2982    0
38.0373	14153459	0	205.038	0.0636945	0.0370799	0.00972875	0.00325771	0.00973595	0	0	0	0	0	0	-9.70783e+08	0.191623	0	0        0   1.50352e+07      0      32.2982    43.7764    0
51.5551	25469375	0	203.482	0.0471079	0.014958	0.00720183	0.00557503	0.00720382	0	0	0	0	0	0	-1.74698e+09	0.141636	0	0        0   2.70529e+07      0      43.7764    59.3338    0
69.8769	45970051	0	203.243	0.0350503	0.00844519	0.0053586	0.0163658	0.00535775	0	0	0	0	0	0	-3.15331e+09	0.105485	0	0        0   4.88533e+07      0      59.3338    80.42    0
94.7099	82712042	0	203.109	0.0261357	0.0182236	0.00399542	-0.00324365	0.00399454	0	0	0	0	0	0	-5.67425e+09	0.0789107	0	0        0   8.78719e+07      0      80.42    109    0
