# 1bin_value	2data_points	3sqrt(data_points)	4W	5W_err	6e+	7e+_err	8eX 9eX_err	10e++ 	11e++_err		12eXX	13eXX_err		14e+X	15e+X_err 	16theta          17theta_err       17num_den	18num_err 19LS_err     20wt_num     21wt_num_err  22r_low   23r_high 24sig_crit
0.117769	279	0	183.103	14.4702	0	0	0	0	0	0	0	0	0	0	-1166.44	30629.7	0	0        0   296.326      0      0.1    0.135538    0
0.159622	549	0	200.604	11.0352	0	0	0	0	0	0	0	0	0	0	-1289.59	61181.2	0	0        0   591.498      0      0.135538    0.183706    0
0.216349	981	0	193.906	7.88244	0	0	0	0	0	0	0	0	0	0	-1234.26	105629	0	0        0   1048.74      0      0.183706    0.248992    0
0.293236	1843	0	206.815	6.13178	0	0	0	0	0	0	0	0	0	0	-1323.96	201777	0	0        0   1976.32      0      0.248992    0.33748    0
0.397447	3302	0	200.116	4.41862	0	0	0	0	0	0	0	0	0	0	-1294.71	359669	0	0        0   3509.36      0      0.33748    0.457415    0
0.538693	5943	0	196.67	3.21989	0	0	0	0	0	0	0	0	0	0	-1271.75	649692	0	0        0   6330.65      0      0.457415    0.619972    0
0.730136	10902	0	200.823	2.43504	0	0	0	0	0	0	0	0	0	0	-1285.93	1.17786e+06	0	0        0   11676.4      0      0.619972    0.8403    0
0.989614	19820	0	199.207	1.78993	0	0	0	0	0	0	0	0	0	0	-1278.16	2.14253e+06	0	0        0   21192.3      0      0.8403    1.13893    0
1.34131	36174	0	199.188	1.32553	0	0	0	0	0	0	0	0	0	0	-1276.54	3.90264e+06	0	0        0   38687      0      1.13893    1.54368    0
1.81798	66987	0	200.724	0.982428	0	0	0	0	0	0	0	0	0	0	-1288.04	7.2358e+06	0	0        0   71598.6      0      1.54368    2.09228    0
2.46406	121983	0	200.428	0.727099	0	0	0	0	0	0	0	0	0	0	-1284.51	1.31709e+07	0	0        0   130548      0      2.09228    2.83584    0
3.33975	222880	0	200.879	0.538947	0	0	0	0	0	0	0	0	0	0	-1288.82	2.40815e+07	0	0        0   238286      0      2.83584    3.84365    0
4.52664	405380	0	199.473	0.396653	0	0	0	0	0	0	0	0	0	0	-1278.37	4.37685e+07	0	0        0   433769      0      3.84365    5.20962    0
6.13533	741688	0	199.416	0.293044	0	0	0	0	0	0	0	0	0	0	-1279.22	8.00807e+07	0	0        0   792815      0      5.20962    7.06103    0
8.31572	1360818	0	199.794	0.216834	0	0	0	0	0	0	0	0	0	0	-1281.71	1.47006e+08	0	0        0   1.45477e+06      0      7.06103    9.5704    0
11.271	2492459	0	199.848	0.160243	0	0	0	0	0	0	0	0	0	0	-1282.6	2.69287e+08	0	0        0   2.6635e+06      0      9.5704    12.9716    0
15.2765	4543973	0	199.708	0.118635	0	0	0	0	0	0	0	0	0	0	-1281.84	4.91154e+08	0	0        0   4.8559e+06      0      12.9716    17.5814    0
20.7055	8298299	0	199.712	0.0877895	0	0	0	0	0	0	0	0	0	0	-1282.05	8.97008e+08	0	0        0   8.86628e+06      0      17.5814    23.8296    0
28.0639	15129553	0	199.847	0.065076	0	0	0	0	0	0	0	0	0	0	-1283	1.63593e+09	0	0        0   1.61644e+07      0      23.8296    32.2982    0
38.0373	27520094	0	199.773	0.0482455	0	0	0	0	0	0	0	0	0	0	-1283.16	2.97735e+09	0	0        0   2.93887e+07      0      32.2982    43.7764    0
51.5551	49941679	0	199.765	0.0358264	0	0	0	0	0	0	0	0	0	0	-1283.35	5.40566e+09	0	0        0   5.33195e+07      0      43.7764    59.3338    0
69.8769	90329171	0	199.695	0.0266422	0	0	0	0	0	0	0	0	0	0	-1283.18	9.78642e+09	0	0        0   9.6419e+07      0      59.3338    80.42    0
94.7099	162827142	0	199.774	0.0198641	0	0	0	0	0	0	0	0	0	0	-1284.26	1.76593e+10	0	0        0   1.73725e+08      0      80.42    109    0
