# 1bin_value	2data_points	3sqrt(data_points)	4W	5W_err	6e+	7e+_err	8eX 9eX_err	10e++ 	11e++_err		12eXX	13eXX_err		14e+X	15e+X_err 	16theta          17theta_err       17num_den	18num_err 19LS_err     20wt_num     21wt_num_err  22r_low   23r_high 24sig_crit
0.117769	290	0	189.365	14.1685	0.660941	1.86385	-0.689942	2.07636	0	0	0	0	0	0	-20155	60.1351	0	0        0   290      0      0.1    0.135538    0
0.159622	561	0	204.715	10.8854	0.151037	1.46502	0.320648	1.47442	0	0	0	0	0	0	-38688.7	45.9864	0	0        0   561      0      0.135538    0.183706    0
0.216349	944	0	186.553	7.43116	0.788573	1.07317	2.60051	1.04639	0	0	0	0	0	0	-65241.2	29.948	0	0        0   944      0      0.183706    0.248992    0
0.293236	1799	0	203.254	5.94043	0.967125	0.825217	1.01738	0.79847	0	0	0	0	0	0	-123457	24.3926	0	0        0   1799      0      0.248992    0.33748    0
0.397447	3286	0	200.821	4.34042	0.825793	0.60735	-0.8576	0.596548	0	0	0	0	0	0	-225494	17.7205	0	0        0   3286      0      0.33748    0.457415    0
0.538693	5949	0	197.667	3.14665	0.0481232	0.437028	-0.150369	0.436506	0	0	0	0	0	0	-409592	12.7515	0	0        0   5949      0      0.457415    0.619972    0
0.730136	11062	0	203.769	2.38964	-0.0082962	0.328185	-0.459495	0.329283	0	0	0	0	0	0	-758639	9.73563	0	0        0   11062      0      0.619972    0.8403    0
0.989614	19839	0	199.663	1.74219	-0.352853	0.24283	0.127561	0.24	0	0	0	0	0	0	-1.36156e+06	7.05383	0	0        0   19839      0      0.8403    1.13893    0
1.34131	36849	0	203.073	1.30403	0.0202253	0.181071	0.158689	0.180668	0	0	0	0	0	0	-2.52811e+06	5.30663	0	0        0   36849      0      1.13893    1.54368    0
1.81798	67794	0	203.374	0.962895	0.0131097	0.133002	0.0638435	0.132277	0	0	0	0	0	0	-4.64958e+06	3.91766	0	0        0   67794      0      1.54368    2.09228    0
2.46406	123460	0	202.771	0.710721	-0.183644	0.098456	0.0587337	0.0983607	0	0	0	0	0	0	-8.45979e+06	2.88571	0	0        0   123460      0      2.09228    2.83584    0
3.33975	225676	0	203.481	0.527775	0.0930423	0.073013	0.13647	0.072557	0	0	0	0	0	0	-1.54845e+07	2.14803	0	0        0   225676      0      2.83584    3.84365    0
4.52664	411613	0	202.48	0.388632	0.0441139	0.0539088	-0.140761	0.0537806	0	0	0	0	0	0	-2.82305e+07	1.57889	0	0        0   411613      0      3.84365    5.20962    0
6.13533	753422	0	202.774	0.287723	0.0396936	0.0398286	0.035939	0.0398068	0	0	0	0	0	0	-5.16848e+07	1.16955	0	0        0   753422      0      5.20962    7.06103    0
8.31572	1382242	0	203.113	0.212848	0.0153528	0.0294072	-0.0238776	0.0294151	0	0	0	0	0	0	-9.48005e+07	0.865576	0	0        0   1.38224e+06      0      7.06103    9.5704    0
11.271	2534585	0	203.49	0.157537	-0.0120106	0.0217808	0.0233562	0.0218071	0	0	0	0	0	0	-1.73831e+08	0.641096	0	0        0   2.53458e+06      0      9.5704    12.9716    0
15.2765	4628451	0	203.683	0.116715	0.0108946	0.0161234	-0.00284764	0.0161323	0	0	0	0	0	0	-3.17426e+08	0.475129	0	0        0   4.62845e+06      0      12.9716    17.5814    0
20.7055	8466436	0	204.051	0.0864904	0.00724554	0.0119458	-0.0119094	0.0119484	0	0	0	0	0	0	-5.80723e+08	0.352403	0	0        0   8.46644e+06      0      17.5814    23.8296    0
28.0639	15444747	0	204.327	0.0641451	0.000132429	0.00885975	-0.0154543	0.00885389	0	0	0	0	0	0	-1.0593e+09	0.261519	0	0        0   1.54447e+07      0      23.8296    32.2982    0
38.0373	28137103	0	204.657	0.0476244	-0.0068649	0.00657737	-0.0187267	0.00657466	0	0	0	0	0	0	-1.92976e+09	0.194328	0	0        0   2.81371e+07      0      32.2982    43.7764    0
51.5551	51110889	0	204.91	0.0353956	-0.0046366	0.00488445	0.00503038	0.0048841	0	0	0	0	0	0	-3.50532e+09	0.144544	0	0        0   5.11109e+07      0      43.7764    59.3338    0
69.8769	92610209	0	205.268	0.0263573	0.000770572	0.00363499	0.0026663	0.00363553	0	0	0	0	0	0	-6.35179e+09	0.107756	0	0        0   9.26102e+07      0      59.3338    80.42    0
94.7099	167229035	0	205.822	0.0196831	-0.00403725	0.00271255	0.00150287	0.00271223	0	0	0	0	0	0	-1.14693e+10	0.0805826	0	0        0   1.67229e+08      0      80.42    109    0
