# 1bin_value	2data_points	3sqrt(data_points)	4W	5W_err	6e+	7e+_err	8eX 9eX_err	10e++ 	11e++_err		12eXX	13eXX_err		14e+X	15e+X_err 	16theta          17theta_err       17num_den	18num_err 19LS_err     20wt_num     21wt_num_err  22r_low   23r_high 24sig_crit
0.117769	505	0	606.731	64.5204	1.52706	5.15268	4.10234	5.08871	0	0	0	0	0	0	-34644.1	368.524	0	0        0   544.834      0      0.1    0.135538    0
0.159622	724	0	477.942	39.0729	8.34247	3.1227	-0.0592398	2.93644	0	0	0	0	0	0	-49849.5	225.466	0	0        0   764.122      0      0.135538    0.183706    0
0.216349	1176	0	479.377	30.7847	0.611709	2.36244	-6.06533	2.49395	0	0	0	0	0	0	-80285.5	175.887	0	0        0   1238.85      0      0.183706    0.248992    0
0.293236	1630	0	364.688	17.115	5.24787	1.65876	0.257236	1.60306	0	0	0	0	0	0	-111505	92.8568	0	0        0   1726.62      0      0.248992    0.33748    0
0.397447	3346	0	406.002	12.6011	3.87567	1.24582	-2.10458	1.21937	0	0	0	0	0	0	-228674	65.2948	0	0        0   3598.4      0      0.33748    0.457415    0
0.538693	7097	0	478.677	10.0305	2.39583	1.02334	-1.69408	1.04364	0	0	0	0	0	0	-487850	50.7424	0	0        0   7724.36      0      0.457415    0.619972    0
0.730136	10338	0	377.872	5.66867	1.58085	0.656777	-0.110257	0.662029	0	0	0	0	0	0	-707627	26.1316	0	0        0   11190      0      0.619972    0.8403    0
0.989614	16769	0	330.518	3.56263	0.807494	0.461781	-0.0363121	0.455616	0	0	0	0	0	0	-1.15111e+06	15.2385	0	0        0   17951.6      0      0.8403    1.13893    0
1.34131	28324	0	306.832	2.44336	0.402972	0.324407	0.508699	0.329534	0	0	0	0	0	0	-1.94362e+06	9.95981	0	0        0   30205.1      0      1.13893    1.54368    0
1.81798	47608	0	279.518	1.64608	0.368043	0.226529	0.367602	0.229109	0	0	0	0	0	0	-3.26642e+06	6.27173	0	0        0   50689.9      0      1.54368    2.09228    0
2.46406	82354	0	266.855	1.17071	0.558817	0.165513	-0.118691	0.165147	0	0	0	0	0	0	-5.6427e+06	4.26416	0	0        0   87754.2      0      2.09228    2.83584    0
3.33975	144062	0	256.768	0.834863	0.49326	0.120292	0.068948	0.120743	0	0	0	0	0	0	-9.87949e+06	2.92994	0	0        0   153258      0      2.83584    3.84365    0
4.52664	250450	0	244.105	0.59119	0.215004	0.0866965	-0.020536	0.0870408	0	0	0	0	0	0	-1.71751e+07	1.9854	0	0        0   266553      0      3.84365    5.20962    0
6.13533	439941	0	234.965	0.42432	0.195696	0.0629833	-0.0260383	0.0632173	0	0	0	0	0	0	-3.01758e+07	1.37819	0	0        0   467989      0      5.20962    7.06103    0
8.31572	777219	0	226.844	0.30543	0.185732	0.0458961	-0.0762415	0.045923	0	0	0	0	0	0	-5.33064e+07	0.965026	0	0        0   826723      0      7.06103    9.5704    0
11.271	1384485	0	220.947	0.221619	0.174744	0.0335552	-0.00142249	0.0334553	0	0	0	0	0	0	-9.49716e+07	0.688167	0	0        0   1.47136e+06      0      9.5704    12.9716    0
15.2765	2452396	0	214.788	0.161121	0.0996848	0.0244763	-0.0207859	0.0244899	0	0	0	0	0	0	-1.68188e+08	0.493126	0	0        0   2.6058e+06      0      12.9716    17.5814    0
20.7055	4397445	0	211.104	0.117979	0.10736	0.0179666	0.0119633	0.0179815	0	0	0	0	0	0	-3.01636e+08	0.358221	0	0        0   4.67163e+06      0      17.5814    23.8296    0
28.0639	7871491	0	207.67	0.0866029	0.0848156	0.013211	0.0194335	0.0132239	0	0	0	0	0	0	-5.39862e+08	0.261477	0	0        0   8.36281e+06      0      23.8296    32.2982    0
38.0373	14158967	0	205.552	0.0638596	0.0353377	0.00974929	0.00334829	0.0097565	0	0	0	0	0	0	-9.71166e+08	0.192327	0	0        0   1.50413e+07      0      32.2982    43.7764    0
51.5551	25477868	0	204.034	0.0472456	0.0135866	0.00721914	0.00525101	0.00722114	0	0	0	0	0	0	-1.74755e+09	0.142241	0	0        0   2.70611e+07      0      43.7764    59.3338    0
69.8769	45958191	0	203.745	0.0351632	0.00727731	0.00537332	0.0133877	0.00537247	0	0	0	0	0	0	-3.1526e+09	0.106039	0	0        0   4.88392e+07      0      59.3338    80.42    0
94.7099	82633502	0	203.59	0.0262343	0.0192691	0.00400868	-0.00503528	0.0040078	0	0	0	0	0	0	-5.66896e+09	0.0794561	0	0        0   8.77873e+07      0      80.42    109    0
