# 1bin_value	2data_points	3sqrt(data_points)	4W	5W_err	6e+	7e+_err	8eX 9eX_err	10e++ 	11e++_err		12eXX	13eXX_err		14e+X	15e+X_err 	16theta          17theta_err       17num_den	18num_err 19LS_err     20wt_num     21wt_num_err  22r_low   23r_high 24sig_crit
0.117769	277	0	181.005	14.4125	0	0	0	0	0	0	0	0	0	0	-1154.67	30629.7	0	0        0   293.84      0      0.1    0.135538    0
0.159622	549	0	200.658	11.0454	0	0	0	0	0	0	0	0	0	0	-1291.31	61181.2	0	0        0   590.311      0      0.135538    0.183706    0
0.216349	978	0	193.679	7.90255	0	0	0	0	0	0	0	0	0	0	-1233.89	105629	0	0        0   1045      0      0.183706    0.248992    0
0.293236	1842	0	207.376	6.1672	0	0	0	0	0	0	0	0	0	0	-1328.67	201777	0	0        0   1972.74      0      0.248992    0.33748    0
0.397447	3298	0	200.116	4.42622	0	0	0	0	0	0	0	0	0	0	-1295.35	359669	0	0        0   3503.3      0      0.33748    0.457415    0
0.538693	5945	0	196.912	3.22876	0	0	0	0	0	0	0	0	0	0	-1274.92	649692	0	0        0   6324.53      0      0.457415    0.619972    0
0.730136	10865	0	200.552	2.442	0	0	0	0	0	0	0	0	0	0	-1285.38	1.17786e+06	0	0        0   11623.6      0      0.619972    0.8403    0
0.989614	19820	0	199.421	1.79509	0	0	0	0	0	0	0	0	0	0	-1281.3	2.14253e+06	0	0        0   21164.8      0      0.8403    1.13893    0
1.34131	36145	0	199.199	1.3281	0	0	0	0	0	0	0	0	0	0	-1277.81	3.90264e+06	0	0        0   38613.8      0      1.13893    1.54368    0
1.81798	66924	0	200.698	0.984012	0	0	0	0	0	0	0	0	0	0	-1288.86	7.2358e+06	0	0        0   71472.2      0      1.54368    2.09228    0
2.46406	121753	0	200.35	0.728735	0	0	0	0	0	0	0	0	0	0	-1285.16	1.31709e+07	0	0        0   130190      0      2.09228    2.83584    0
3.33975	222580	0	200.766	0.539823	0	0	0	0	0	0	0	0	0	0	-1289.36	2.40815e+07	0	0        0   237725      0      2.83584    3.84365    0
4.52664	404733	0	199.39	0.397491	0	0	0	0	0	0	0	0	0	0	-1279.24	4.37685e+07	0	0        0   432615      0      3.84365    5.20962    0
6.13533	740823	0	199.402	0.293656	0	0	0	0	0	0	0	0	0	0	-1280.4	8.00807e+07	0	0        0   791089      0      5.20962    7.06103    0
8.31572	1359234	0	199.774	0.217275	0	0	0	0	0	0	0	0	0	0	-1282.86	1.47006e+08	0	0        0   1.45164e+06      0      7.06103    9.5704    0
11.271	2489919	0	199.852	0.160561	0	0	0	0	0	0	0	0	0	0	-1283.82	2.69287e+08	0	0        0   2.6583e+06      0      9.5704    12.9716    0
15.2765	4539851	0	199.702	0.118856	0	0	0	0	0	0	0	0	0	0	-1283.06	4.91154e+08	0	0        0   4.84668e+06      0      12.9716    17.5814    0
20.7055	8291743	0	199.672	0.0879192	0	0	0	0	0	0	0	0	0	0	-1283.02	8.97008e+08	0	0        0   8.85094e+06      0      17.5814    23.8296    0
28.0639	15119943	0	199.781	0.0651523	0	0	0	0	0	0	0	0	0	0	-1283.85	1.63593e+09	0	0        0   1.61385e+07      0      23.8296    32.2982    0
38.0373	27516672	0	199.726	0.0482816	0	0	0	0	0	0	0	0	0	0	-1284.07	2.97735e+09	0	0        0   2.93577e+07      0      32.2982    43.7764    0
51.5551	49961168	0	199.709	0.0358325	0	0	0	0	0	0	0	0	0	0	-1284.2	5.40566e+09	0	0        0   5.32907e+07      0      43.7764    59.3338    0
69.8769	90441863	0	199.672	0.0266293	0	0	0	0	0	0	0	0	0	0	-1284.24	9.78642e+09	0	0        0   9.64511e+07      0      59.3338    80.42    0
94.7099	163187819	0	199.809	0.0198424	0	0	0	0	0	0	0	0	0	0	-1285.67	1.76593e+10	0	0        0   1.73954e+08      0      80.42    109    0
