# 1bin_value	2data_points	3sqrt(data_points)	4W	5W_err	6e+	7e+_err	8eX 9eX_err	10e++ 	11e++_err		12eXX	13eXX_err		14e+X	15e+X_err 	16theta          17theta_err       17num_den	18num_err 19LS_err     20wt_num     21wt_num_err  22r_low   23r_high 24sig_crit
0.117769	281	0	184.414	14.5262	0	0	0	0	0	0	0	0	0	0	-1175.75	30629.7	0	0        0   298.365      0      0.1    0.135538    0
0.159622	544	0	199.924	11.062	0	0	0	0	0	0	0	0	0	0	-1284.75	61181.2	0	0        0   586.734      0      0.135538    0.183706    0
0.216349	973	0	193.033	7.91438	0	0	0	0	0	0	0	0	0	0	-1230.41	105629	0	0        0   1038.98      0      0.183706    0.248992    0
0.293236	1842	0	207.918	6.17854	0	0	0	0	0	0	0	0	0	0	-1330.74	201777	0	0        0   1975.8      0      0.248992    0.33748    0
0.397447	3311	0	201.645	4.45191	0	0	0	0	0	0	0	0	0	0	-1304.16	359669	0	0        0   3519.24      0      0.33748    0.457415    0
0.538693	5942	0	197.012	3.23029	0	0	0	0	0	0	0	0	0	0	-1274.78	649692	0	0        0   6325.86      0      0.457415    0.619972    0
0.730136	10882	0	201.376	2.44814	0	0	0	0	0	0	0	0	0	0	-1289.35	1.17786e+06	0	0        0   11655.6      0      0.619972    0.8403    0
0.989614	19734	0	198.801	1.79394	0	0	0	0	0	0	0	0	0	0	-1276.17	2.14253e+06	0	0        0   21090      0      0.8403    1.13893    0
1.34131	36072	0	199.234	1.32954	0	0	0	0	0	0	0	0	0	0	-1276.46	3.90264e+06	0	0        0   38581.6      0      1.13893    1.54368    0
1.81798	66752	0	200.578	0.984913	0	0	0	0	0	0	0	0	0	0	-1287.01	7.2358e+06	0	0        0   71352.2      0      1.54368    2.09228    0
2.46406	121523	0	200.381	0.729464	0	0	0	0	0	0	0	0	0	0	-1283.93	1.31709e+07	0	0        0   130080      0      2.09228    2.83584    0
3.33975	222193	0	200.878	0.540616	0	0	0	0	0	0	0	0	0	0	-1288.77	2.40815e+07	0	0        0   237547      0      2.83584    3.84365    0
4.52664	403889	0	199.511	0.39817	0	0	0	0	0	0	0	0	0	0	-1278.56	4.37685e+07	0	0        0   432215      0      3.84365    5.20962    0
6.13533	738904	0	199.436	0.294172	0	0	0	0	0	0	0	0	0	0	-1279.25	8.00807e+07	0	0        0   789885      0      5.20962    7.06103    0
8.31572	1355698	0	199.758	0.217588	0	0	0	0	0	0	0	0	0	0	-1281.38	1.47006e+08	0	0        0   1.44939e+06      0      7.06103    9.5704    0
11.271	2483049	0	199.9	0.160881	0	0	0	0	0	0	0	0	0	0	-1282.73	2.69287e+08	0	0        0   2.65385e+06      0      9.5704    12.9716    0
15.2765	4525548	0	199.762	0.119146	0	0	0	0	0	0	0	0	0	0	-1282.04	4.91154e+08	0	0        0   4.83679e+06      0      12.9716    17.5814    0
20.7055	8262844	0	199.764	0.0881869	0	0	0	0	0	0	0	0	0	0	-1282.26	8.97008e+08	0	0        0   8.82936e+06      0      17.5814    23.8296    0
28.0639	15058733	0	199.882	0.0653896	0	0	0	0	0	0	0	0	0	0	-1283.1	1.63593e+09	0	0        0   1.60907e+07      0      23.8296    32.2982    0
38.0373	27382729	0	199.817	0.0484957	0	0	0	0	0	0	0	0	0	0	-1283.3	2.97735e+09	0	0        0   2.92456e+07      0      32.2982    43.7764    0
51.5551	49662716	0	199.806	0.0360329	0	0	0	0	0	0	0	0	0	0	-1283.47	5.40566e+09	0	0        0   5.30282e+07      0      43.7764    59.3338    0
69.8769	89770763	0	199.77	0.0268177	0	0	0	0	0	0	0	0	0	0	-1283.51	9.78642e+09	0	0        0   9.58353e+07      0      59.3338    80.42    0
94.7099	161649837	0	199.86	0.0200172	0	0	0	0	0	0	0	0	0	0	-1284.63	1.76593e+10	0	0        0   1.72494e+08      0      80.42    109    0
