# 1bin_value	2data_points	3sqrt(data_points)	4W	5W_err	6e+	7e+_err	8eX 9eX_err	10e++ 	11e++_err		12eXX	13eXX_err		14e+X	15e+X_err 	16theta          17theta_err       17num_den	18num_err 19LS_err     20wt_num     21wt_num_err  22r_low   23r_high 24sig_crit
0.117769	1164	0	824.785	68.6847	10.724	4.71349	-5.55431	4.67045	0	0	0	0	0	0	-80597.8	421.358	0	0        0   1231.67      0      0.1    0.135538    0
0.159622	1517	0	571.109	34.8933	1.0051	2.80081	1.80875	2.63964	0	0	0	0	0	0	-104174	204.301	0	0        0   1601.05      0      0.135538    0.183706    0
0.216349	2278	0	447.114	18.9694	4.57796	1.83337	-0.738725	1.8343	0	0	0	0	0	0	-156330	105.574	0	0        0   2419.19      0      0.183706    0.248992    0
0.293236	3284	0	392.053	12.9617	3.19386	1.3459	-0.486409	1.36429	0	0	0	0	0	0	-224884	70.6092	0	0        0   3477.33      0      0.248992    0.33748    0
0.397447	6444	0	412.201	9.13088	1.89291	0.993472	-0.222866	1.03163	0	0	0	0	0	0	-441560	47.421	0	0        0   6924.99      0      0.33748    0.457415    0
0.538693	13509	0	470.042	6.93291	2.44605	0.786264	-0.29353	0.805578	0	0	0	0	0	0	-928842	34.5534	0	0        0   14702.2      0      0.457415    0.619972    0
0.730136	20253	0	386.624	4.14869	-0.211597	0.545787	-0.12891	0.546628	0	0	0	0	0	0	-1.38478e+06	18.9333	0	0        0   21945.9      0      0.619972    0.8403    0
0.989614	32386	0	339.023	2.6573	0.805793	0.372539	0.377423	0.373653	0	0	0	0	0	0	-2.21936e+06	11.3922	0	0        0   34818.2      0      0.8403    1.13893    0
1.34131	54357	0	307.527	1.7592	0.753297	0.262211	0.0394806	0.260413	0	0	0	0	0	0	-3.72635e+06	7.06405	0	0        0   58101.2      0      1.13893    1.54368    0
1.81798	91834	0	285.081	1.21553	0.445206	0.183475	-0.0784438	0.184686	0	0	0	0	0	0	-6.30764e+06	4.65962	0	0        0   97978.7      0      1.54368    2.09228    0
2.46406	159271	0	271.908	0.857102	0.455992	0.133216	-0.014857	0.134024	0	0	0	0	0	0	-1.09202e+07	3.12238	0	0        0   169782      0      2.09228    2.83584    0
3.33975	275966	0	257.856	0.603485	0.278111	0.0960841	0.113725	0.0959915	0	0	0	0	0	0	-1.89306e+07	2.10099	0	0        0   293735      0      2.83584    3.84365    0
4.52664	481356	0	246.467	0.429823	0.180189	0.0694486	0.00638177	0.0694709	0	0	0	0	0	0	-3.30082e+07	1.43298	0	0        0   512612      0      3.84365    5.20962    0
6.13533	846164	0	237.375	0.308269	0.226613	0.0504734	0.0156512	0.050497	0	0	0	0	0	0	-5.80476e+07	0.992049	0	0        0   900887      0      5.20962    7.06103    0
8.31572	1496403	0	229.25	0.221967	0.210113	0.0366975	0.054213	0.036651	0	0	0	0	0	0	-1.02656e+08	0.695742	0	0        0   1.59193e+06      0      7.06103    9.5704    0
11.271	2655826	0	222.428	0.160535	0.201943	0.0267124	0.056996	0.0266925	0	0	0	0	0	0	-1.82159e+08	0.493659	0	0        0   2.82389e+06      0      9.5704    12.9716    0
15.2765	4710594	0	216.512	0.116822	0.119089	0.0195265	0.0220404	0.0195208	0	0	0	0	0	0	-3.23095e+08	0.353742	0	0        0   5.00787e+06      0      12.9716    17.5814    0
20.7055	8433051	0	212.524	0.0854656	0.0678821	0.0143086	0.0324906	0.0143135	0	0	0	0	0	0	-5.78446e+08	0.25639	0	0        0   8.96459e+06      0      17.5814    23.8296    0
28.0639	15116200	0	209.26	0.0627469	0.084663	0.0105237	0.0231242	0.010521	0	0	0	0	0	0	-1.0368e+09	0.186921	0	0        0   1.60722e+07      0      23.8296    32.2982    0
38.0373	27175222	0	206.892	0.0462143	0.060207	0.00776405	-0.010932	0.00775927	0	0	0	0	0	0	-1.86386e+09	0.137109	0	0        0   2.88897e+07      0      32.2982    43.7764    0
51.5551	48935452	0	205.41	0.0341682	0.0401043	0.00574333	-0.00333888	0.00574382	0	0	0	0	0	0	-3.35678e+09	0.101151	0	0        0   5.20238e+07      0      43.7764    59.3338    0
69.8769	88270494	0	204.82	0.0253677	0.010632	0.00426488	-0.00920493	0.00426556	0	0	0	0	0	0	-6.055e+09	0.0750085	0	0        0   9.38672e+07      0      59.3338    80.42    0
94.7099	158948579	0	204.539	0.0188801	0.0219376	0.00317293	-0.0170394	0.0031734	0	0	0	0	0	0	-1.09045e+10	0.0558639	0	0        0   1.68982e+08      0      80.42    109    0
