# 1bin_value	2data_points	3sqrt(data_points)	4W	5W_err	6e+	7e+_err	8eX 9eX_err	10e++ 	11e++_err		12eXX	13eXX_err		14e+X	15e+X_err 	16theta          17theta_err       17num_den	18num_err 19LS_err     20wt_num     21wt_num_err  22r_low   23r_high 24sig_crit
0.117769	1096	0	200	0	0	0	0	0	0	0	0	0	0	0	0	0	0	0        0   1096      0      0.1    0.135538    0
0.159622	2034	0	200	0	0	0	0	0	0	0	0	0	0	0	0	0	0	0        0   2034      0      0.135538    0.183706    0
0.216349	3757	0	200	0	0	0	0	0	0	0	0	0	0	0	0	0	0	0        0   3757      0      0.183706    0.248992    0
0.293236	6744	0	200	0	0	0	0	0	0	0	0	0	0	0	0	0	0	0        0   6744      0      0.248992    0.33748    0
0.397447	12383	0	200	0	0	0	0	0	0	0	0	0	0	0	0	0	0	0        0   12383      0      0.33748    0.457415    0
0.538693	22756	0	200	0	0	0	0	0	0	0	0	0	0	0	0	0	0	0        0   22756      0      0.457415    0.619972    0
0.730136	41195	0	200	0	0	0	0	0	0	0	0	0	0	0	0	0	0	0        0   41195      0      0.619972    0.8403    0
0.989614	75243	0	200	0	0	0	0	0	0	0	0	0	0	0	0	0	0	0        0   75243      0      0.8403    1.13893    0
1.34131	137973	0	200	0	0	0	0	0	0	0	0	0	0	0	0	0	0	0        0   137973      0      1.13893    1.54368    0
1.81798	252448	0	200	0	0	0	0	0	0	0	0	0	0	0	0	0	0	0        0   252448      0      1.54368    2.09228    0
2.46406	459942	0	200	0	0	0	0	0	0	0	0	0	0	0	0	0	0	0        0   459942      0      2.09228    2.83584    0
3.33975	840157	0	200	0	0	0	0	0	0	0	0	0	0	0	0	0	0	0        0   840157      0      2.83584    3.84365    0
4.52664	1537720	0	200	0	0	0	0	0	0	0	0	0	0	0	0	0	0	0        0   1.53772e+06      0      3.84365    5.20962    0
6.13533	2809325	0	200	0	0	0	0	0	0	0	0	0	0	0	0	0	0	0        0   2.80932e+06      0      5.20962    7.06103    0
8.31572	5148572	0	200	0	0	0	0	0	0	0	0	0	0	0	0	0	0	0        0   5.14857e+06      0      7.06103    9.5704    0
11.271	9426244	0	200	0	0	0	0	0	0	0	0	0	0	0	0	0	0	0        0   9.42624e+06      0      9.5704    12.9716    0
15.2765	17191582	0	200	0	0	0	0	0	0	0	0	0	0	0	0	0	0	0        0   1.71916e+07      0      12.9716    17.5814    0
20.7055	31381688	0	200	0	0	0	0	0	0	0	0	0	0	0	0	0	0	0        0   3.13817e+07      0      17.5814    23.8296    0
28.0639	57176426	0	200	0	0	0	0	0	0	0	0	0	0	0	0	0	0	0        0   5.71764e+07      0      23.8296    32.2982    0
38.0373	103998497	0	200	0	0	0	0	0	0	0	0	0	0	0	0	0	0	0        0   1.03998e+08      0      32.2982    43.7764    0
51.5551	188681387	0	200	0	0	0	0	0	0	0	0	0	0	0	0	0	0	0        0   1.88681e+08      0      43.7764    59.3338    0
69.8769	341437890	0	200	0	0	0	0	0	0	0	0	0	0	0	0	0	0	0        0   3.41438e+08      0      59.3338    80.42    0
94.7099	615477472	0	200	0	0	0	0	0	0	0	0	0	0	0	0	0	0	0        0   6.15477e+08      0      80.42    109    0
