# 1bin_value	2data_points	3sqrt(data_points)	4W	5W_err	6e+	7e+_err	8eX 9eX_err	10e++ 	11e++_err		12eXX	13eXX_err		14e+X	15e+X_err 	16theta          17theta_err       17num_den	18num_err 19LS_err     20wt_num     21wt_num_err  22r_low   23r_high 24sig_crit
0.117769	1087	0	200	0	0	0	0	0	0	0	0	0	0	0	0	0	0	0        0   1087      0      0.1    0.135538    0
0.159622	2031	0	200	0	0	0	0	0	0	0	0	0	0	0	0	0	0	0        0   2031      0      0.135538    0.183706    0
0.216349	3732	0	200	0	0	0	0	0	0	0	0	0	0	0	0	0	0	0        0   3732      0      0.183706    0.248992    0
0.293236	6721	0	200	0	0	0	0	0	0	0	0	0	0	0	0	0	0	0        0   6721      0      0.248992    0.33748    0
0.397447	12336	0	200	0	0	0	0	0	0	0	0	0	0	0	0	0	0	0        0   12336      0      0.33748    0.457415    0
0.538693	22676	0	200	0	0	0	0	0	0	0	0	0	0	0	0	0	0	0        0   22676      0      0.457415    0.619972    0
0.730136	41055	0	200	0	0	0	0	0	0	0	0	0	0	0	0	0	0	0        0   41055      0      0.619972    0.8403    0
0.989614	75160	0	200	0	0	0	0	0	0	0	0	0	0	0	0	0	0	0        0   75160      0      0.8403    1.13893    0
1.34131	137882	0	200	0	0	0	0	0	0	0	0	0	0	0	0	0	0	0        0   137882      0      1.13893    1.54368    0
1.81798	252206	0	200	0	0	0	0	0	0	0	0	0	0	0	0	0	0	0        0   252206      0      1.54368    2.09228    0
2.46406	459728	0	200	0	0	0	0	0	0	0	0	0	0	0	0	0	0	0        0   459728      0      2.09228    2.83584    0
3.33975	839601	0	200	0	0	0	0	0	0	0	0	0	0	0	0	0	0	0        0   839601      0      2.83584    3.84365    0
4.52664	1536290	0	200	0	0	0	0	0	0	0	0	0	0	0	0	0	0	0        0   1.53629e+06      0      3.84365    5.20962    0
6.13533	2806743	0	200	0	0	0	0	0	0	0	0	0	0	0	0	0	0	0        0   2.80674e+06      0      5.20962    7.06103    0
8.31572	5143499	0	200	0	0	0	0	0	0	0	0	0	0	0	0	0	0	0        0   5.1435e+06      0      7.06103    9.5704    0
11.271	9416131	0	200	0	0	0	0	0	0	0	0	0	0	0	0	0	0	0        0   9.41613e+06      0      9.5704    12.9716    0
15.2765	17171369	0	200	0	0	0	0	0	0	0	0	0	0	0	0	0	0	0        0   1.71714e+07      0      12.9716    17.5814    0
20.7055	31338409	0	200	0	0	0	0	0	0	0	0	0	0	0	0	0	0	0        0   3.13384e+07      0      17.5814    23.8296    0
28.0639	57087147	0	200	0	0	0	0	0	0	0	0	0	0	0	0	0	0	0        0   5.70871e+07      0      23.8296    32.2982    0
38.0373	103801880	0	200	0	0	0	0	0	0	0	0	0	0	0	0	0	0	0        0   1.03802e+08      0      32.2982    43.7764    0
51.5551	188224802	0	200	0	0	0	0	0	0	0	0	0	0	0	0	0	0	0        0   1.88225e+08      0      43.7764    59.3338    0
69.8769	340372507	0	200	0	0	0	0	0	0	0	0	0	0	0	0	0	0	0        0   3.40373e+08      0      59.3338    80.42    0
94.7099	612826161	0	200	0	0	0	0	0	0	0	0	0	0	0	0	0	0	0        0   6.12826e+08      0      80.42    109    0
