# 1bin_value	2data_points	3sqrt(data_points)	4W	5W_err	6e+	7e+_err	8eX 9eX_err	10e++ 	11e++_err		12eXX	13eXX_err		14e+X	15e+X_err 	16theta          17theta_err       17num_den	18num_err 19LS_err     20wt_num     21wt_num_err  22r_low   23r_high 24sig_crit
0.117769	535	0	198.153	10.7294	-1.67901	1.60697	2.4188	1.6492	0	0	0	0	0	0	-36880.3	44.3843	0	0        0   535      0      0.1    0.135538    0
0.159622	1030	0	203.454	7.91853	-1.64691	1.18732	-0.705088	1.21403	0	0	0	0	0	0	-70918.4	33.0214	0	0        0   1030      0      0.135538    0.183706    0
0.216349	1897	0	204.435	5.86013	-0.0976883	0.87216	0.398935	0.896402	0	0	0	0	0	0	-129747	24.1556	0	0        0   1897      0      0.183706    0.248992    0
0.293236	3433	0	204.378	4.33231	-0.205676	0.664357	-0.319025	0.671887	0	0	0	0	0	0	-235377	17.845	0	0        0   3433      0      0.248992    0.33748    0
0.397447	6167	0	199.604	3.1371	-0.397154	0.478484	-0.96283	0.475903	0	0	0	0	0	0	-422878	12.7672	0	0        0   6167      0      0.33748    0.457415    0
0.538693	11292	0	198.708	2.30395	0.38747	0.352756	-0.16193	0.35251	0	0	0	0	0	0	-776126	9.38636	0	0        0   11292      0      0.457415    0.619972    0
0.730136	20386	0	198.202	1.71046	0.160366	0.262462	-0.273347	0.262452	0	0	0	0	0	0	-1.39815e+06	6.94786	0	0        0   20386      0      0.619972    0.8403    0
0.989614	37888	0	201.312	1.27621	-0.380646	0.19516	0.000425881	0.193334	0	0	0	0	0	0	-2.60138e+06	5.21055	0	0        0   37888      0      0.8403    1.13893    0
1.34131	69275	0	200.628	0.940373	0.28875	0.144314	-0.226851	0.144245	0	0	0	0	0	0	-4.75315e+06	3.83413	0	0        0   69275      0      1.13893    1.54368    0
1.81798	126344	0	200.086	0.693991	0.13542	0.106129	-0.0563705	0.106545	0	0	0	0	0	0	-8.65792e+06	2.82334	0	0        0   126344      0      1.54368    2.09228    0
2.46406	232375	0	201.881	0.517009	-0.0779337	0.0792402	-0.0226327	0.0790041	0	0	0	0	0	0	-1.59427e+07	2.1109	0	0        0   232375      0      2.09228    2.83584    0
3.33975	423450	0	201.36	0.381843	0.0341482	0.0581812	0.0552199	0.0583068	0	0	0	0	0	0	-2.90315e+07	1.55689	0	0        0   423450      0      2.83584    3.84365    0
4.52664	777436	0	202.015	0.282875	0.0777832	0.0432159	-0.0692284	0.0431375	0	0	0	0	0	0	-5.3319e+07	1.15477	0	0        0   777436      0      3.84365    5.20962    0
6.13533	1421075	0	202.05	0.209235	0.0536716	0.0319175	-0.0382016	0.0319554	0	0	0	0	0	0	-9.74708e+07	0.854023	0	0        0   1.42108e+06      0      5.20962    7.06103    0
8.31572	2607535	0	202.335	0.154729	-0.0169911	0.0236127	-0.0309255	0.0236207	0	0	0	0	0	0	-1.78839e+08	0.631942	0	0        0   2.60754e+06      0      7.06103    9.5704    0
11.271	4778866	0	202.558	0.114451	-0.0118771	0.0174626	0.0142137	0.017458	0	0	0	0	0	0	-3.27752e+08	0.467649	0	0        0   4.77887e+06      0      9.5704    12.9716    0
15.2765	8729880	0	202.844	0.0848161	0.00425546	0.0129297	0.0287316	0.0129333	0	0	0	0	0	0	-5.98786e+08	0.346702	0	0        0   8.72988e+06      0      12.9716    17.5814    0
20.7055	15949382	0	203.023	0.0628169	0.0218617	0.00957636	0.00545305	0.00957817	0	0	0	0	0	0	-1.09388e+09	0.256835	0	0        0   1.59494e+07      0      17.5814    23.8296    0
28.0639	29097484	0	203.259	0.0465712	-0.0246329	0.0070969	-0.00333367	0.00709849	0	0	0	0	0	0	-1.99584e+09	0.190494	0	0        0   2.90975e+07      0      23.8296    32.2982    0
38.0373	52966573	0	203.388	0.0345442	-0.00152254	0.00526316	-0.00664446	0.00526484	0	0	0	0	0	0	-3.63277e+09	0.141315	0	0        0   5.29666e+07      0      32.2982    43.7764    0
51.5551	96221185	0	203.626	0.0256668	-0.00834352	0.00390936	-0.0110173	0.00391064	0	0	0	0	0	0	-6.59978e+09	0.105054	0	0        0   9.62212e+07      0      43.7764    59.3338    0
69.8769	174180038	0	203.699	0.0190889	-0.000233109	0.00290702	-0.0182751	0.0029073	0	0	0	0	0	0	-1.1947e+10	0.0781662	0	0        0   1.7418e+08      0      59.3338    80.42    0
94.7099	314188895	0	203.913	0.0142355	0.000582138	0.00216649	-0.0171238	0.00216687	0	0	0	0	0	0	-2.15504e+10	0.0583486	0	0        0   3.14189e+08      0      80.42    109    0
