# 1bin_value	2data_points	3sqrt(data_points)	4W	5W_err	6e+	7e+_err	8eX 9eX_err	10e++ 	11e++_err		12eXX	13eXX_err		14e+X	15e+X_err 	16theta          17theta_err       17num_den	18num_err 19LS_err     20wt_num     21wt_num_err  22r_low   23r_high 24sig_crit
0.117769	1145	19.5605	610.537	71.7488	11.8703	5.05494	-9.73183	5.03219	0	0	0	0	0	0	-4021.44	432.14	0	19.5605        0   0      0      0.1    0.135538    0
0.159622	1504	13.7848	362.869	36.7249	2.17272	3.05066	2.68775	2.91131	0	0	0	0	0	0	-2297.35	207.295	0	13.7848        0   0      0      0.135538    0.183706    0
0.216349	2268	9.83775	240.234	21.03	5.09859	2.04819	-1.32643	2.05904	0	0	0	0	0	0	-1511.64	110.097	0	9.83775        0   0      0      0.183706    0.248992    0
0.293236	3251	7.19644	182.053	14.5578	3.26337	1.51473	-0.299916	1.53583	0	0	0	0	0	0	-1129.11	74.0628	0	7.19644        0   0      0      0.248992    0.33748    0
0.397447	6381	4.65661	212.006	10.1652	2.53186	1.10598	0.850933	1.13963	0	0	0	0	0	0	-1247.11	49.0309	0	4.65661        0   0      0      0.33748    0.457415    0
0.538693	13336	3.07127	267.837	7.689	1.97223	0.865363	0.0616083	0.883116	0	0	0	0	0	0	-1579.93	35.8697	0	3.07127        0   0      0      0.457415    0.619972    0
0.730136	20038	2.31449	186.62	4.82939	-0.395773	0.607827	0.0763087	0.608566	0	0	0	0	0	0	-1066.28	20.2318	0	2.31449        0   0      0      0.619972    0.8403    0
0.989614	32074	1.7062	136.672	3.22431	1.1783	0.421835	0.363522	0.42198	0	0	0	0	0	0	-767.09	12.547	0	1.7062        0   0      0      0.8403    1.13893    0
1.34131	53845	1.26096	105.325	2.21937	0.459526	0.300294	0.130249	0.298684	0	0	0	0	0	0	-586.105	8.07082	0	1.26096        0   0      0      1.13893    1.54368    0
1.81798	90986	0.940604	83.2189	1.57285	0.33747	0.212548	-0.0746449	0.213809	0	0	0	0	0	0	-454.161	5.47012	0	0.940604        0   0      0      1.54368    2.09228    0
2.46406	157756	0.693878	68.1267	1.13384	0.517815	0.15545	-0.00466701	0.156027	0	0	0	0	0	0	-354.913	3.78894	0	0.693878        0   0      0      2.09228    2.83584    0
3.33975	273405	0.515024	54.7675	0.815897	0.221143	0.112666	0.0912552	0.112652	0	0	0	0	0	0	-273.582	2.63191	0	0.515024        0   0      0      2.83584    3.84365    0
4.52664	476640	0.381786	43.1461	0.591159	0.0967043	0.0820422	0.0758493	0.0820201	0	0	0	0	0	0	-193.94	1.85409	0	0.381786        0   0      0      3.84365    5.20962    0
6.13533	837405	0.282926	34.0331	0.430429	0.179531	0.0599169	0.0538455	0.0599574	0	0	0	0	0	0	-135.273	1.32052	0	0.282926        0   0      0      5.20962    7.06103    0
8.31572	1480956	0.209574	25.7196	0.313977	0.219537	0.0437859	0.0852982	0.0437509	0	0	0	0	0	0	-83.1447	0.948566	0	0.209574        0   0      0      7.06103    9.5704    0
11.271	2627987	0.15548	18.811	0.229617	0.199382	0.0320256	0.051994	0.0320064	0	0	0	0	0	0	-38.385	0.686677	0	0.15548        0   0      0      9.5704    12.9716    0
15.2765	4659291	0.115627	12.7273	0.168673	0.120799	0.0235093	-0.00858627	0.0235065	0	0	0	0	0	0	1.28161	0.50066	0	0.115627        0   0      0      12.9716    17.5814    0
20.7055	8337473	0.0858863	8.62885	0.124195	0.0431594	0.0172888	0.0264559	0.0172939	0	0	0	0	0	0	27.7296	0.367133	0	0.0858863        0   0      0      17.5814    23.8296    0
28.0639	14936683	0.0638743	5.11727	0.0916811	0.10785	0.0127519	0.02535	0.0127506	0	0	0	0	0	0	50.8212	0.270338	0	0.0638743        0   0      0      23.8296    32.2982    0
38.0373	26834703	0.0475161	2.77751	0.067803	0.0623188	0.00942928	-0.00429653	0.00942624	0	0	0	0	0	0	66.4829	0.199745	0	0.0475161        0   0      0      32.2982    43.7764    0
51.5551	48284169	0.0353554	1.14928	0.0502893	0.0446441	0.00699011	0.00758271	0.00699124	0	0	0	0	0	0	77.5109	0.148232	0	0.0353554        0   0      0      43.7764    59.3338    0
69.8769	87014336	0.0263161	0.518228	0.0374083	0.010543	0.00519874	0.00585697	0.00519947	0	0	0	0	0	0	81.9249	0.11038	0	0.0263161        0   0      0      59.3338    80.42    0
94.7099	156531701	0.0196147	0.179117	0.0278992	0.0180888	0.00387506	-0.00267012	0.00387566	0	0	0	0	0	0	83.9888	0.082531	0	0.0196147        0   0      0      80.42    109    0
