# 1bin_value	2data_points	3sqrt(data_points)	4W	5W_err	6e+	7e+_err	8eX 9eX_err	10e++ 	11e++_err		12eXX	13eXX_err		14e+X	15e+X_err 	16theta          17theta_err       17num_den	18num_err 19LS_err     20wt_num     21wt_num_err  22r_low   23r_high 24sig_crit
0.117769	573	0	217.09	11.8978	0	0	0	0	0	0	0	0	0	0	-1384.2	62440	0	0        0   617.466      0      0.1    0.135538    0
0.159622	1033	0	204.249	8.11639	0	0	0	0	0	0	0	0	0	0	-1302.4	112437	0	0        0   1108.65      0      0.135538    0.183706    0
0.216349	1883	0	203.808	6.00248	0	0	0	0	0	0	0	0	0	0	-1287.71	204367	0	0        0   2032.9      0      0.183706    0.248992    0
0.293236	3439	0	205.69	4.47498	0	0	0	0	0	0	0	0	0	0	-1319.42	374443	0	0        0   3683.23      0      0.248992    0.33748    0
0.397447	6096	0	198.105	3.22395	0	0	0	0	0	0	0	0	0	0	-1266.13	661054	0	0        0   6537.44      0      0.33748    0.457415    0
0.538693	11344	0	199.485	2.38222	0	0	0	0	0	0	0	0	0	0	-1281.37	1.22971e+06	0	0        0   12118.3      0      0.457415    0.619972    0
0.730136	20507	0	199.773	1.76822	0	0	0	0	0	0	0	0	0	0	-1280.37	2.21529e+06	0	0        0   21937      0      0.619972    0.8403    0
0.989614	37536	0	199.134	1.30169	0	0	0	0	0	0	0	0	0	0	-1280.84	4.06899e+06	0	0        0   40069.4      0      0.8403    1.13893    0
1.34131	69215	0	200.314	0.966395	0	0	0	0	0	0	0	0	0	0	-1285.53	7.48131e+06	0	0        0   73945.3      0      1.13893    1.54368    0
1.81798	126649	0	200.348	0.713637	0	0	0	0	0	0	0	0	0	0	-1286.35	1.37064e+07	0	0        0   135327      0      1.54368    2.09228    0
2.46406	231082	0	200.801	0.529865	0	0	0	0	0	0	0	0	0	0	-1288.11	2.49937e+07	0	0        0   247085      0      2.09228    2.83584    0
3.33975	422178	0	200.75	0.392007	0	0	0	0	0	0	0	0	0	0	-1287.69	4.56564e+07	0	0        0   451384      0      2.83584    3.84365    0
4.52664	771564	0	200.373	0.2892	0	0	0	0	0	0	0	0	0	0	-1285.8	8.34198e+07	0	0        0   824524      0      3.84365    5.20962    0
6.13533	1407932	0	200.113	0.213874	0	0	0	0	0	0	0	0	0	0	-1284.33	1.52198e+08	0	0        0   1.50435e+06      0      5.20962    7.06103    0
8.31572	2581710	0	200.2	0.157994	0	0	0	0	0	0	0	0	0	0	-1284.9	2.79183e+08	0	0        0   2.7587e+06      0      7.06103    9.5704    0
11.271	4725622	0	200.108	0.116707	0	0	0	0	0	0	0	0	0	0	-1284.63	5.11081e+08	0	0        0   5.04844e+06      0      9.5704    12.9716    0
15.2765	8618189	0	200.071	0.0864091	0	0	0	0	0	0	0	0	0	0	-1284.5	9.32027e+08	0	0        0   9.20598e+06      0      12.9716    17.5814    0
20.7055	15734406	0	200.025	0.0639307	0	0	0	0	0	0	0	0	0	0	-1284.62	1.70176e+09	0	0        0   1.68026e+07      0      17.5814    23.8296    0
28.0639	28680384	0	200.061	0.0473675	0	0	0	0	0	0	0	0	0	0	-1285.06	3.10194e+09	0	0        0   3.06221e+07      0      23.8296    32.2982    0
38.0373	52154104	0	199.929	0.0351029	0	0	0	0	0	0	0	0	0	0	-1284.78	5.64246e+09	0	0        0   5.5664e+07      0      32.2982    43.7764    0
51.5551	94620401	0	199.838	0.0260516	0	0	0	0	0	0	0	0	0	0	-1284.64	1.02385e+10	0	0        0   1.00955e+08      0      43.7764    59.3338    0
69.8769	171274006	0	199.83	0.0193664	0	0	0	0	0	0	0	0	0	0	-1284.9	1.85369e+10	0	0        0   1.82685e+08      0      59.3338    80.42    0
94.7099	308755435	0	199.782	0.0144245	0	0	0	0	0	0	0	0	0	0	-1285.2	3.34318e+10	0	0        0   3.29166e+08      0      80.42    109    0
