# 1bin_value	2data_points	3sqrt(data_points)	4W	5W_err	6e+	7e+_err	8eX 9eX_err	10e++ 	11e++_err		12eXX	13eXX_err		14e+X	15e+X_err 	16theta          17theta_err       17num_den	18num_err 19LS_err     20wt_num     21wt_num_err  22r_low   23r_high 24sig_crit
0.117769	1157	19.2984	614.027	71.6056	11.684	5.02251	-9.68807	4.9983	0	0	0	0	0	0	-4046.44	430.94	0	19.2984        0   0      0      0.1    0.135538    0
0.159622	1504	13.633	358.374	36.0255	1.48774	3.02481	2.74543	2.89271	0	0	0	0	0	0	-2261.95	202.496	0	13.633        0   0      0      0.135538    0.183706    0
0.216349	2262	9.88797	239.174	20.8258	4.66992	2.03673	-1.00504	2.0499	0	0	0	0	0	0	-1495.82	108.958	0	9.88797        0   0      0      0.183706    0.248992    0
0.293236	3267	7.20647	181.552	14.4334	3.39613	1.50518	-0.568386	1.52537	0	0	0	0	0	0	-1126.16	73.1804	0	7.20647        0   0      0      0.248992    0.33748    0
0.397447	6425	4.63964	212.408	10.1404	2.36232	1.10285	0.780029	1.13662	0	0	0	0	0	0	-1250.14	48.7846	0	4.63964        0   0      0      0.33748    0.457415    0
0.538693	13406	3.06704	268.744	7.66485	2.16223	0.86231	-0.0776703	0.879864	0	0	0	0	0	0	-1585.11	35.705	0	3.06704        0   0      0      0.457415    0.619972    0
0.730136	20185	2.30739	187.79	4.81188	-0.354457	0.605463	0.0938221	0.606157	0	0	0	0	0	0	-1073.5	20.1151	0	2.30739        0   0      0      0.619972    0.8403    0
0.989614	32222	1.70261	137.441	3.21623	1.07829	0.420525	0.350297	0.420673	0	0	0	0	0	0	-770.779	12.5008	0	1.70261        0   0      0      0.8403    1.13893    0
1.34131	54031	1.25906	105.403	2.21614	0.453272	0.299609	0.275327	0.298001	0	0	0	0	0	0	-587.073	8.05184	0	1.25906        0   0      0      1.13893    1.54368    0
1.81798	91244	0.939277	83.2707	1.56817	0.303211	0.21189	-0.0309529	0.21315	0	0	0	0	0	0	-453.694	5.44245	0	0.939277        0   0      0      1.54368    2.09228    0
2.46406	158352	0.692625	68.1162	1.13078	0.557169	0.154989	-0.0207568	0.155563	0	0	0	0	0	0	-355.218	3.76763	0	0.692625        0   0      0      2.09228    2.83584    0
3.33975	274344	0.51412	54.5983	0.813786	0.244415	0.112349	0.058952	0.112335	0	0	0	0	0	0	-273.056	2.61648	0	0.51412        0   0      0      2.83584    3.84365    0
4.52664	478313	0.381094	42.9058	0.589613	0.0876401	0.0818076	0.0725656	0.0817854	0	0	0	0	0	0	-193.038	1.84278	0	0.381094        0   0      0      3.84365    5.20962    0
6.13533	840721	0.282382	34.0683	0.429199	0.177244	0.0597347	0.0653968	0.059775	0	0	0	0	0	0	-135.444	1.31155	0	0.282382        0   0      0      5.20962    7.06103    0
8.31572	1486938	0.209175	25.6415	0.313119	0.208685	0.0436557	0.0805624	0.0436208	0	0	0	0	0	0	-83.0622	0.942152	0	0.209175        0   0      0      7.06103    9.5704    0
11.271	2639277	0.155158	18.7475	0.228953	0.204722	0.0319251	0.0466676	0.031906	0	0	0	0	0	0	-38.3096	0.681582	0	0.155158        0   0      0      9.5704    12.9716    0
15.2765	4681658	0.11536	12.714	0.168168	0.112506	0.0234324	-0.0140162	0.0234296	0	0	0	0	0	0	0.993281	0.496679	0	0.11536        0   0      0      12.9716    17.5814    0
20.7055	8379798	0.0856771	8.62781	0.123814	0.0444695	0.0172307	0.0277414	0.0172357	0	0	0	0	0	0	27.4402	0.364097	0	0.0856771        0   0      0      17.5814    23.8296    0
28.0639	15021033	0.0637024	5.15507	0.0913715	0.105154	0.012705	0.0269876	0.0127036	0	0	0	0	0	0	50.2424	0.267871	0	0.0637024        0   0      0      23.8296    32.2982    0
38.0373	26995150	0.0473789	2.82284	0.0675471	0.0594339	0.00939088	-0.003633	0.00938786	0	0	0	0	0	0	66.1076	0.197752	0	0.0473789        0   0      0      32.2982    43.7764    0
51.5551	48593659	0.0352448	1.16894	0.0500722	0.0444392	0.00695793	0.0088698	0.00695906	0	0	0	0	0	0	77.2892	0.146579	0	0.0352448        0   0      0      43.7764    59.3338    0
69.8769	87647599	0.0262227	0.578157	0.0372171	0.00549542	0.00517073	0.0092898	0.00517146	0	0	0	0	0	0	81.5996	0.108949	0	0.0262227        0   0      0      59.3338    80.42    0
94.7099	157797825	0.0195361	0.201267	0.0277279	0.0157444	0.00385028	-0.00226418	0.00385087	0	0	0	0	0	0	84.0837	0.0812822	0	0.0195361        0   0      0      80.42    109    0
