# 1bin_value	2data_points	3sqrt(data_points)	4W	5W_err	6e+	7e+_err	8eX 9eX_err	10e++ 	11e++_err		12eXX	13eXX_err		14e+X	15e+X_err 	16theta          17theta_err       17num_den	18num_err 19LS_err     20wt_num     21wt_num_err  22r_low   23r_high 24sig_crit
0.117769	1159	19.3094	619.678	72.6724	12.1003	5.06756	-8.61808	5.01221	0	0	0	0	0	0	-4093.21	438.126	0	19.3094        0   0      0      0.1    0.135538    0
0.159622	1508	13.6998	361.123	36.448	2.54566	3.0452	2.28008	2.90902	0	0	0	0	0	0	-2285.43	205.333	0	13.6998        0   0      0      0.135538    0.183706    0
0.216349	2265	9.81551	238.08	20.8627	4.54949	2.04666	-1.15561	2.0603	0	0	0	0	0	0	-1503.37	109.108	0	9.81551        0   0      0      0.183706    0.248992    0
0.293236	3273	7.18409	178.513	14.3651	3.47989	1.50635	-0.380841	1.52487	0	0	0	0	0	0	-1116.85	72.5995	0	7.18409        0   0      0      0.248992    0.33748    0
0.397447	6423	4.63906	214.195	10.2351	2.59743	1.10791	0.881142	1.14155	0	0	0	0	0	0	-1266.43	49.4667	0	4.63906        0   0      0      0.33748    0.457415    0
0.538693	13445	3.0635	270.991	7.70983	2.07979	0.864531	-0.154107	0.882214	0	0	0	0	0	0	-1600.45	36.0072	0	3.0635        0   0      0      0.457415    0.619972    0
0.730136	20159	2.3087	187.717	4.82882	-0.358546	0.607289	0.0765947	0.607983	0	0	0	0	0	0	-1074.63	20.1931	0	2.3087        0   0      0      0.619972    0.8403    0
0.989614	32230	1.7029	137.828	3.23029	1.09768	0.421868	0.350769	0.422012	0	0	0	0	0	0	-776.085	12.5798	0	1.7029        0   0      0      0.8403    1.13893    0
1.34131	53964	1.25954	105.498	2.22306	0.422422	0.300493	0.211864	0.298875	0	0	0	0	0	0	-589.606	8.09099	0	1.25954        0   0      0      1.13893    1.54368    0
1.81798	91230	0.939845	83.3941	1.57422	0.326677	0.212567	-0.00564071	0.213829	0	0	0	0	0	0	-458.23	5.47718	0	0.939845        0   0      0      1.54368    2.09228    0
2.46406	158285	0.693087	68.308	1.13457	0.503533	0.155429	0.00598215	0.156006	0	0	0	0	0	0	-358.697	3.78872	0	0.693087        0   0      0      2.09228    2.83584    0
3.33975	274281	0.514419	54.8127	0.816759	0.200322	0.112694	0.0693703	0.112679	0	0	0	0	0	0	-276.894	2.63294	0	0.514419        0   0      0      2.83584    3.84365    0
4.52664	478284	0.381228	43.1477	0.591763	0.0985229	0.0820666	0.0649279	0.0820442	0	0	0	0	0	0	-196.997	1.85387	0	0.381228        0   0      0      3.84365    5.20962    0
6.13533	840620	0.282515	34.3072	0.430781	0.178483	0.0599276	0.0559405	0.059968	0	0	0	0	0	0	-139.168	1.31972	0	0.282515        0   0      0      5.20962    7.06103    0
8.31572	1485634	0.209331	25.7414	0.314202	0.218649	0.0437931	0.0902123	0.0437581	0	0	0	0	0	0	-85.9319	0.948032	0	0.209331        0   0      0      7.06103    9.5704    0
11.271	2637218	0.155274	18.8978	0.229805	0.198993	0.0320331	0.0447392	0.0320138	0	0	0	0	0	0	-41.3343	0.686203	0	0.155274        0   0      0      9.5704    12.9716    0
15.2765	4676294	0.115468	12.8312	0.168805	0.111728	0.0235144	-0.00510904	0.0235116	0	0	0	0	0	0	-1.8702	0.500234	0	0.115468        0   0      0      12.9716    17.5814    0
20.7055	8369696	0.0857603	8.75961	0.124307	0.0474117	0.0172941	0.027705	0.0172991	0	0	0	0	0	0	24.4325	0.366826	0	0.0857603        0   0      0      17.5814    23.8296    0
28.0639	14993299	0.0637827	5.21927	0.0917581	0.110714	0.0127555	0.0292856	0.0127541	0	0	0	0	0	0	47.582	0.270096	0	0.0637827        0   0      0      23.8296    32.2982    0
38.0373	26934171	0.0474484	2.86465	0.0678615	0.0622821	0.00943219	-0.00211952	0.00942916	0	0	0	0	0	0	63.4366	0.199583	0	0.0474484        0   0      0      32.2982    43.7764    0
51.5551	48449176	0.0353091	1.20931	0.0503315	0.0443786	0.00699246	0.00917419	0.00699359	0	0	0	0	0	0	74.6526	0.148135	0	0.0353091        0   0      0      43.7764    59.3338    0
69.8769	87313747	0.0262817	0.599986	0.0374361	0.00772724	0.00520014	0.0103387	0.00520087	0	0	0	0	0	0	78.9012	0.110294	0	0.0262817        0   0      0      59.3338    80.42    0
94.7099	157048249	0.0195898	0.201658	0.0279171	0.0163962	0.0038758	-0.00108294	0.0038764	0	0	0	0	0	0	81.1701	0.0824635	0	0.0195898        0   0      0      80.42    109    0
