# 1bin_value	2data_points	3sqrt(data_points)	4W	5W_err	6e+	7e+_err	8eX 9eX_err	10e++ 	11e++_err		12eXX	13eXX_err		14e+X	15e+X_err 	16theta          17theta_err       17num_den	18num_err 19LS_err     20wt_num     21wt_num_err  22r_low   23r_high 24sig_crit
0.117769	575	0	217.007	11.8265	0	0	0	0	0	0	0	0	0	0	-1382.45	62440	0	0        0   620.665      0      0.1    0.135538    0
0.159622	1028	0	201.605	8.01558	0	0	0	0	0	0	0	0	0	0	-1286.94	112437	0	0        0   1101.82      0      0.135538    0.183706    0
0.216349	1889	0	204.462	6.00322	0	0	0	0	0	0	0	0	0	0	-1291.89	204367	0	0        0   2041.27      0      0.183706    0.248992    0
0.293236	3441	0	205.582	4.46894	0	0	0	0	0	0	0	0	0	0	-1318.44	374443	0	0        0   3685.38      0      0.248992    0.33748    0
0.397447	6120	0	198.623	3.22034	0	0	0	0	0	0	0	0	0	0	-1268.69	661054	0	0        0   6567.95      0      0.33748    0.457415    0
0.538693	11356	0	199.16	2.37251	0	0	0	0	0	0	0	0	0	0	-1278.62	1.22971e+06	0	0        0   12142      0      0.457415    0.619972    0
0.730136	20536	0	199.534	1.76198	0	0	0	0	0	0	0	0	0	0	-1278.46	2.21529e+06	0	0        0   21977.1      0      0.619972    0.8403    0
0.989614	37567	0	199.001	1.2989	0	0	0	0	0	0	0	0	0	0	-1279.6	4.06899e+06	0	0        0   40119      0      0.8403    1.13893    0
1.34131	69245	0	200.161	0.964472	0	0	0	0	0	0	0	0	0	0	-1283.87	7.48131e+06	0	0        0   74020.1      0      1.13893    1.54368    0
1.81798	126759	0	200.233	0.712011	0	0	0	0	0	0	0	0	0	0	-1284.72	1.37064e+07	0	0        0   135534      0      1.54368    2.09228    0
2.46406	231253	0	200.592	0.528623	0	0	0	0	0	0	0	0	0	0	-1286.46	2.49937e+07	0	0        0   247331      0      2.09228    2.83584    0
3.33975	422426	0	200.516	0.391034	0	0	0	0	0	0	0	0	0	0	-1285.69	4.56564e+07	0	0        0   451815      0      2.83584    3.84365    0
4.52664	772181	0	200.275	0.288635	0	0	0	0	0	0	0	0	0	0	-1284.56	8.34198e+07	0	0        0   825602      0      3.84365    5.20962    0
6.13533	1408867	0	199.943	0.213394	0	0	0	0	0	0	0	0	0	0	-1282.67	1.52198e+08	0	0        0   1.50605e+06      0      5.20962    7.06103    0
8.31572	2583425	0	200.079	0.157691	0	0	0	0	0	0	0	0	0	0	-1283.54	2.79183e+08	0	0        0   2.76179e+06      0      7.06103    9.5704    0
11.271	4728440	0	199.978	0.116488	0	0	0	0	0	0	0	0	0	0	-1283.22	5.11081e+08	0	0        0   5.05365e+06      0      9.5704    12.9716    0
15.2765	8621704	0	199.9	0.0862425	0	0	0	0	0	0	0	0	0	0	-1282.87	9.32027e+08	0	0        0   9.21345e+06      0      12.9716    17.5814    0
20.7055	15735941	0	199.844	0.0638227	0	0	0	0	0	0	0	0	0	0	-1282.93	1.70176e+09	0	0        0   1.6811e+07      0      17.5814    23.8296    0
28.0639	28673752	0	199.871	0.0473012	0	0	0	0	0	0	0	0	0	0	-1283.33	3.10194e+09	0	0        0   3.06268e+07      0      23.8296    32.2982    0
38.0373	52128118	0	199.761	0.0350686	0	0	0	0	0	0	0	0	0	0	-1283.25	5.64246e+09	0	0        0   5.56569e+07      0      32.2982    43.7764    0
51.5551	94519551	0	199.658	0.0260388	0	0	0	0	0	0	0	0	0	0	-1283.02	1.02385e+10	0	0        0   1.00885e+08      0      43.7764    59.3338    0
69.8769	170983708	0	199.633	0.0193668	0	0	0	0	0	0	0	0	0	0	-1283.2	1.85369e+10	0	0        0   1.82444e+08      0      59.3338    80.42    0
94.7099	308027722	0	199.574	0.0144335	0	0	0	0	0	0	0	0	0	0	-1283.45	3.34318e+10	0	0        0   3.28509e+08      0      80.42    109    0
