# 1bin_value	2data_points	3sqrt(data_points)	4W	5W_err	6e+	7e+_err	8eX 9eX_err	10e++ 	11e++_err		12eXX	13eXX_err		14e+X	15e+X_err 	16theta          17theta_err       17num_den	18num_err 19LS_err     20wt_num     21wt_num_err  22r_low   23r_high 24sig_crit
0.117769	1159	19.3139	617.78	71.7202	12.6474	5.04842	-8.84494	4.99851	0	0	0	0	0	0	-4071.32	431.718	0	19.3139        0   0      0      0.1    0.135538    0
0.159622	1507	13.6735	358.173	36.1954	2.55691	3.03537	2.27295	2.89728	0	0	0	0	0	0	-2270.24	203.66	0	13.6735        0   0      0      0.135538    0.183706    0
0.216349	2271	9.83649	236.772	20.6273	5.08766	2.02887	-0.988571	2.04103	0	0	0	0	0	0	-1488.56	107.29	0	9.83649        0   0      0      0.183706    0.248992    0
0.293236	3275	7.19867	180.65	14.3212	3.66942	1.5	-0.194019	1.51932	0	0	0	0	0	0	-1121.49	72.5778	0	7.19867        0   0      0      0.248992    0.33748    0
0.397447	6428	4.64148	213.646	10.1601	2.5773	1.10391	0.798037	1.13737	0	0	0	0	0	0	-1258.44	48.9681	0	4.64148        0   0      0      0.33748    0.457415    0
0.538693	13416	3.06625	269.294	7.66617	2.00968	0.862844	-0.00865589	0.880443	0	0	0	0	0	0	-1588.99	35.699	0	3.06625        0   0      0      0.457415    0.619972    0
0.730136	20154	2.30799	187.45	4.82051	-0.489301	0.606542	-0.0193697	0.607236	0	0	0	0	0	0	-1073.4	20.1512	0	2.30799        0   0      0      0.619972    0.8403    0
0.989614	32182	1.70324	137.267	3.22113	1.11882	0.421238	0.314864	0.421405	0	0	0	0	0	0	-771.429	12.5218	0	1.70324        0   0      0      0.8403    1.13893    0
1.34131	54007	1.25943	105.493	2.22221	0.447426	0.300386	0.239173	0.298774	0	0	0	0	0	0	-589.859	8.08075	0	1.25943        0   0      0      1.13893    1.54368    0
1.81798	91247	0.939596	83.4856	1.5746	0.29515	0.212576	-0.0263565	0.213837	0	0	0	0	0	0	-457.754	5.47882	0	0.939596        0   0      0      1.54368    2.09228    0
2.46406	158247	0.693054	68.4034	1.13426	0.508566	0.155397	0.0189889	0.155974	0	0	0	0	0	0	-358.149	3.78752	0	0.693054        0   0      0      2.09228    2.83584    0
3.33975	274188	0.514408	54.7382	0.816543	0.237025	0.112673	0.0635763	0.112658	0	0	0	0	0	0	-276.039	2.63227	0	0.514408        0   0      0      2.83584    3.84365    0
4.52664	478395	0.381168	43.2079	0.591703	0.0926659	0.0820543	0.0649032	0.0820319	0	0	0	0	0	0	-196.882	1.85309	0	0.381168        0   0      0      3.84365    5.20962    0
6.13533	840691	0.282479	34.4019	0.430724	0.182835	0.0599193	0.0552379	0.0599597	0	0	0	0	0	0	-139.04	1.31937	0	0.282479        0   0      0      5.20962    7.06103    0
8.31572	1486553	0.209269	25.9196	0.314149	0.225242	0.0437831	0.0946981	0.043748	0	0	0	0	0	0	-86.2102	0.947459	0	0.209269        0   0      0      7.06103    9.5704    0
11.271	2637918	0.155246	18.9075	0.229751	0.205179	0.0320244	0.0551495	0.0320052	0	0	0	0	0	0	-40.9421	0.685781	0	0.155246        0   0      0      9.5704    12.9716    0
15.2765	4677603	0.115447	12.8393	0.168745	0.112969	0.0235055	-0.00317401	0.0235027	0	0	0	0	0	0	-1.43677	0.499817	0	0.115447        0   0      0      12.9716    17.5814    0
20.7055	8371578	0.0857448	8.73957	0.124244	0.0442085	0.0172854	0.0265004	0.0172905	0	0	0	0	0	0	25.0453	0.366451	0	0.0857448        0   0      0      17.5814    23.8296    0
28.0639	14999440	0.0637652	5.21279	0.0917075	0.105336	0.0127482	0.0272832	0.0127468	0	0	0	0	0	0	48.1758	0.269769	0	0.0637652        0   0      0      23.8296    32.2982    0
38.0373	26948420	0.0474336	2.87521	0.0678219	0.0593187	0.00942644	-0.00326185	0.00942341	0	0	0	0	0	0	63.8865	0.199315	0	0.0474336        0   0      0      32.2982    43.7764    0
51.5551	48487026	0.0352943	1.2434	0.0503016	0.0436516	0.00698792	0.00629171	0.00698905	0	0	0	0	0	0	74.8695	0.147908	0	0.0352943        0   0      0      43.7764    59.3338    0
69.8769	87359161	0.0262731	0.609149	0.0374128	0.00670363	0.00519676	0.00808809	0.0051975	0	0	0	0	0	0	79.4264	0.110135	0	0.0262731        0   0      0      59.3338    80.42    0
94.7099	157108749	0.0195846	0.220771	0.0279019	0.0181571	0.00387362	-0.00244369	0.00387422	0	0	0	0	0	0	81.7507	0.0823588	0	0.0195846        0   0      0      80.42    109    0
