# 1bin_value	2data_points	3sqrt(data_points)	4W	5W_err	6e+	7e+_err	8eX 9eX_err	10e++ 	11e++_err		12eXX	13eXX_err		14e+X	15e+X_err 	16theta          17theta_err       17num_den	18num_err 19LS_err     20wt_num     21wt_num_err  22r_low   23r_high 24sig_crit
0.117769	571	0	214.508	11.7243	0	0	0	0	0	0	0	0	0	0	-1365.52	62440	0	0        0   616.694      0      0.1    0.135538    0
0.159622	1027	0	202.364	8.04988	0	0	0	0	0	0	0	0	0	0	-1290.54	112437	0	0        0   1102.91      0      0.135538    0.183706    0
0.216349	1881	0	204.471	6.0251	0	0	0	0	0	0	0	0	0	0	-1289.39	204367	0	0        0   2035.02      0      0.183706    0.248992    0
0.293236	3423	0	205.06	4.47416	0	0	0	0	0	0	0	0	0	0	-1314.1	374443	0	0        0   3668.32      0      0.248992    0.33748    0
0.397447	6091	0	198.365	3.22857	0	0	0	0	0	0	0	0	0	0	-1265.87	661054	0	0        0   6541.39      0      0.33748    0.457415    0
0.538693	11301	0	198.801	2.37924	0	0	0	0	0	0	0	0	0	0	-1277.07	1.22971e+06	0	0        0   12077.5      0      0.457415    0.619972    0
0.730136	20396	0	199.071	1.7678	0	0	0	0	0	0	0	0	0	0	-1274.51	2.21529e+06	0	0        0   21839.6      0      0.619972    0.8403    0
0.989614	37457	0	199.401	1.30564	0	0	0	0	0	0	0	0	0	0	-1281.72	4.06899e+06	0	0        0   40016.6      0      0.8403    1.13893    0
1.34131	68956	0	200.019	0.967274	0	0	0	0	0	0	0	0	0	0	-1282.59	7.48131e+06	0	0        0   73735.6      0      1.13893    1.54368    0
1.81798	126267	0	200.328	0.715104	0	0	0	0	0	0	0	0	0	0	-1285.14	1.37064e+07	0	0        0   135032      0      1.54368    2.09228    0
2.46406	230299	0	200.554	0.530447	0	0	0	0	0	0	0	0	0	0	-1285.66	2.49937e+07	0	0        0   246415      0      2.09228    2.83584    0
3.33975	420749	0	200.656	0.392737	0	0	0	0	0	0	0	0	0	0	-1285.96	4.56564e+07	0	0        0   450266      0      2.83584    3.84365    0
4.52664	768898	0	200.314	0.289836	0	0	0	0	0	0	0	0	0	0	-1284.36	8.34198e+07	0	0        0   822387      0      3.84365    5.20962    0
6.13533	1402658	0	199.996	0.214333	0	0	0	0	0	0	0	0	0	0	-1282.54	1.52198e+08	0	0        0   1.49996e+06      0      5.20962    7.06103    0
8.31572	2571568	0	200.088	0.158363	0	0	0	0	0	0	0	0	0	0	-1283.07	2.79183e+08	0	0        0   2.75024e+06      0      7.06103    9.5704    0
11.271	4707132	0	200.023	0.117004	0	0	0	0	0	0	0	0	0	0	-1283.01	5.11081e+08	0	0        0   5.03285e+06      0      9.5704    12.9716    0
15.2765	8581525	0	199.972	0.0866528	0	0	0	0	0	0	0	0	0	0	-1282.81	9.32027e+08	0	0        0   9.17419e+06      0      12.9716    17.5814    0
20.7055	15660281	0	199.926	0.0641368	0	0	0	0	0	0	0	0	0	0	-1282.89	1.70176e+09	0	0        0   1.67377e+07      0      17.5814    23.8296    0
28.0639	28530626	0	199.966	0.0475462	0	0	0	0	0	0	0	0	0	0	-1283.35	3.10194e+09	0	0        0   3.0488e+07      0      23.8296    32.2982    0
38.0373	51843890	0	199.814	0.0352559	0	0	0	0	0	0	0	0	0	0	-1282.94	5.64246e+09	0	0        0   5.53806e+07      0      32.2982    43.7764    0
51.5551	93972786	0	199.724	0.0261884	0	0	0	0	0	0	0	0	0	0	-1282.77	1.02385e+10	0	0        0   1.00352e+08      0      43.7764    59.3338    0
69.8769	169909973	0	199.714	0.0194895	0	0	0	0	0	0	0	0	0	0	-1283.02	1.85369e+10	0	0        0   1.81393e+08      0      59.3338    80.42    0
94.7099	305867032	0	199.662	0.0145355	0	0	0	0	0	0	0	0	0	0	-1283.25	3.34318e+10	0	0        0   3.26392e+08      0      80.42    109    0
