# 1bin_value	2data_points	3sqrt(data_points)	4W	5W_err	6e+	7e+_err	8eX 9eX_err	10e++ 	11e++_err		12eXX	13eXX_err		14e+X	15e+X_err 	16theta          17theta_err       17num_den	18num_err 19LS_err     20wt_num     21wt_num_err  22r_low   23r_high 24sig_crit
0.117769	1158	0	815.15	67.3085	9.94303	4.68785	-6.81866	4.64994	0	0	0	0	0	0	-80109.7	413.164	0	0        0   1222.59      0      0.1    0.135538    0
0.159622	1509	0	572.12	35.407	0.939691	2.82884	1.86192	2.66541	0	0	0	0	0	0	-103715	208.243	0	0        0   1590.08      0      0.135538    0.183706    0
0.216349	2266	0	442.812	18.7284	4.82196	1.82859	-1.1205	1.83042	0	0	0	0	0	0	-155539	104.083	0	0        0   2402.19      0      0.183706    0.248992    0
0.293236	3272	0	390.791	12.9613	3.11079	1.34747	-0.450912	1.36637	0	0	0	0	0	0	-224097	70.7275	0	0        0   3462.01      0      0.248992    0.33748    0
0.397447	6402	0	408.792	9.04733	1.84455	0.993366	-0.246879	1.03163	0	0	0	0	0	0	-438848	46.9236	0	0        0   6867.72      0      0.33748    0.457415    0
0.538693	13430	0	468.089	6.95212	2.46717	0.788458	-0.313905	0.807688	0	0	0	0	0	0	-923474	34.7594	0	0        0   14600.5      0      0.457415    0.619972    0
0.730136	20124	0	383.856	4.13455	-0.181249	0.546091	-0.186483	0.5469	0	0	0	0	0	0	-1.37596e+06	18.8741	0	0        0   21779      0      0.619972    0.8403    0
0.989614	32199	0	337.511	2.65687	0.938083	0.373243	0.340544	0.374383	0	0	0	0	0	0	-2.20617e+06	11.4089	0	0        0   34596      0      0.8403    1.13893    0
1.34131	53974	0	306.443	1.76662	0.735902	0.263369	0.104687	0.261565	0	0	0	0	0	0	-3.69961e+06	7.13404	0	0        0   57643.5      0      1.13893    1.54368    0
1.81798	91301	0	283.798	1.21639	0.485337	0.183871	-0.121408	0.185088	0	0	0	0	0	0	-6.27084e+06	4.67783	0	0        0   97329.5      0      1.54368    2.09228    0
2.46406	158277	0	270.699	0.858413	0.457441	0.133584	-0.0165425	0.134394	0	0	0	0	0	0	-1.08524e+07	3.14095	0	0        0   168563      0      2.09228    2.83584    0
3.33975	274378	0	256.88	0.604596	0.275411	0.0963634	0.129969	0.0962706	0	0	0	0	0	0	-1.88204e+07	2.11536	0	0        0   291778      0      2.83584    3.84365    0
4.52664	478534	0	245.444	0.430515	0.166045	0.0696353	-0.00144625	0.0696575	0	0	0	0	0	0	-3.28124e+07	1.44323	0	0        0   509122      0      3.84365    5.20962    0
6.13533	841057	0	236.368	0.308822	0.223033	0.0506125	0.00832332	0.0506361	0	0	0	0	0	0	-5.76969e+07	1.00033	0	0        0   894622      0      5.20962    7.06103    0
8.31572	1486640	0	228.175	0.222382	0.218963	0.0368029	0.0620254	0.0367562	0	0	0	0	0	0	-1.01985e+08	0.702366	0	0        0   1.57998e+06      0      7.06103    9.5704    0
11.271	2639062	0	221.435	0.160844	0.204768	0.0267883	0.0615235	0.0267683	0	0	0	0	0	0	-1.81009e+08	0.49851	0	0        0   2.80338e+06      0      9.5704    12.9716    0
15.2765	4681922	0	215.644	0.117087	0.122968	0.0195865	0.0195281	0.0195808	0	0	0	0	0	0	-3.21133e+08	0.357432	0	0        0   4.97263e+06      0      12.9716    17.5814    0
20.7055	8382323	0	211.696	0.0856664	0.0615987	0.0143533	0.0310349	0.0143582	0	0	0	0	0	0	-5.74975e+08	0.259129	0	0        0   8.90205e+06      0      17.5814    23.8296    0
28.0639	15027540	0	208.497	0.0629035	0.0813462	0.0105574	0.0266649	0.0105548	0	0	0	0	0	0	-1.03072e+09	0.188964	0	0        0   1.59627e+07      0      23.8296    32.2982    0
38.0373	27016004	0	206.163	0.0463363	0.0587997	0.00778986	-0.00460152	0.00778506	0	0	0	0	0	0	-1.85297e+09	0.138645	0	0        0   2.86927e+07      0      32.2982    43.7764    0
51.5551	48648753	0	204.708	0.0342639	0.0368445	0.00576321	0.000745135	0.0057637	0	0	0	0	0	0	-3.33717e+09	0.102314	0	0        0   5.16673e+07      0      43.7764    59.3338    0
69.8769	87774012	0	204.207	0.0254456	0.00564535	0.00428042	-0.00761042	0.00428111	0	0	0	0	0	0	-6.0211e+09	0.0758825	0	0        0   9.32466e+07      0      59.3338    80.42    0
94.7099	158104447	0	204.012	0.0189415	0.0171552	0.00318483	-0.0177563	0.0031853	0	0	0	0	0	0	-1.08467e+10	0.0565137	0	0        0   1.67917e+08      0      80.42    109    0
