# 1bin_value	2data_points	3sqrt(data_points)	4W	5W_err	6e+	7e+_err	8eX 9eX_err	10e++ 	11e++_err		12eXX	13eXX_err		14e+X	15e+X_err 	16theta          17theta_err       17num_den	18num_err 19LS_err     20wt_num     21wt_num_err  22r_low   23r_high 24sig_crit
0.117769	1163	0	815.146	67.195	10.5581	4.66045	-6.69283	4.61484	0	0	0	0	0	0	-80405.7	411.338	0	0        0   1230.65      0      0.1    0.135538    0
0.159622	1517	0	568.953	34.5553	0.830336	2.78778	1.7223	2.63255	0	0	0	0	0	0	-104218	202.101	0	0        0   1601.91      0      0.135538    0.183706    0
0.216349	2278	0	446.367	18.8566	4.92252	1.82795	-1.15463	1.83023	0	0	0	0	0	0	-156374	104.645	0	0        0   2422.76      0      0.183706    0.248992    0
0.293236	3286	0	394.275	13.1009	3.406	1.35169	-0.38526	1.37059	0	0	0	0	0	0	-225071	71.5416	0	0        0   3481.96      0      0.248992    0.33748    0
0.397447	6453	0	411.426	9.06153	1.82319	0.990672	-0.0868119	1.02891	0	0	0	0	0	0	-442217	46.9343	0	0        0   6931.77      0      0.33748    0.457415    0
0.538693	13516	0	470.367	6.94428	2.41301	0.786526	-0.300766	0.805825	0	0	0	0	0	0	-929347	34.6322	0	0        0   14707.1      0      0.457415    0.619972    0
0.730136	20255	0	386.413	4.15045	-0.233985	0.54571	-0.0453448	0.546536	0	0	0	0	0	0	-1.38489e+06	18.9558	0	0        0   21938.5      0      0.619972    0.8403    0
0.989614	32437	0	339.172	2.65333	0.774727	0.372055	0.366247	0.37316	0	0	0	0	0	0	-2.22278e+06	11.3626	0	0        0   34879.6      0      0.8403    1.13893    0
1.34131	54404	0	308.01	1.7624	0.763272	0.262353	0.0796005	0.260552	0	0	0	0	0	0	-3.7296e+06	7.08558	0	0        0   58161.4      0      1.13893    1.54368    0
1.81798	91916	0	285.113	1.21449	0.445969	0.183312	-0.108015	0.184522	0	0	0	0	0	0	-6.31323e+06	4.65173	0	0        0   98077.2      0      1.54368    2.09228    0
2.46406	159462	0	272.071	0.856738	0.444132	0.133137	-0.000346728	0.133943	0	0	0	0	0	0	-1.09334e+07	3.11863	0	0        0   169984      0      2.09228    2.83584    0
3.33975	276192	0	257.968	0.60329	0.274884	0.096041	0.124244	0.0959484	0	0	0	0	0	0	-1.89463e+07	2.09894	0	0        0   293998      0      2.83584    3.84365    0
4.52664	481749	0	246.549	0.429642	0.176181	0.069417	0.00501759	0.0694391	0	0	0	0	0	0	-3.30346e+07	1.43107	0	0        0   513021      0      3.84365    5.20962    0
6.13533	846725	0	237.43	0.308139	0.217906	0.0504513	0.0173409	0.0504749	0	0	0	0	0	0	-5.80846e+07	0.990808	0	0        0   901496      0      5.20962    7.06103    0
8.31572	1497535	0	229.351	0.221913	0.203872	0.0366843	0.0559376	0.0366377	0	0	0	0	0	0	-1.02732e+08	0.69504	0	0        0   1.59323e+06      0      7.06103    9.5704    0
11.271	2658282	0	222.544	0.160488	0.195953	0.0267017	0.0568735	0.0266818	0	0	0	0	0	0	-1.82327e+08	0.49298	0	0        0   2.82653e+06      0      9.5704    12.9716    0
15.2765	4715150	0	216.667	0.116811	0.118179	0.0195217	0.0178692	0.019516	0	0	0	0	0	0	-3.2341e+08	0.35332	0	0        0   5.0127e+06      0      12.9716    17.5814    0
20.7055	8441229	0	212.683	0.0854609	0.068509	0.0143057	0.029805	0.0143105	0	0	0	0	0	0	-5.79007e+08	0.256097	0	0        0   8.97321e+06      0      17.5814    23.8296    0
28.0639	15131727	0	209.433	0.0627465	0.0854219	0.0105219	0.0243128	0.0105192	0	0	0	0	0	0	-1.03785e+09	0.186712	0	0        0   1.60884e+07      0      23.8296    32.2982    0
38.0373	27201166	0	207.075	0.0462214	0.0589974	0.00776389	-0.00974914	0.00775911	0	0	0	0	0	0	-1.86563e+09	0.137	0	0        0   2.8916e+07      0      32.2982    43.7764    0
51.5551	48976557	0	205.582	0.0341762	0.0368102	0.00574375	-0.00310202	0.00574423	0	0	0	0	0	0	-3.35957e+09	0.101096	0	0        0   5.20639e+07      0      43.7764    59.3338    0
69.8769	88346487	0	205.005	0.0253756	0.00826565	0.00426545	-0.00961068	0.00426614	0	0	0	0	0	0	-6.06011e+09	0.0749761	0	0        0   9.39393e+07      0      59.3338    80.42    0
94.7099	159146629	0	204.8	0.0188879	0.0183938	0.00317347	-0.0164827	0.00317394	0	0	0	0	0	0	-1.09179e+10	0.0558256	0	0        0   1.69169e+08      0      80.42    109    0
