# 1bin_value	2data_points	3sqrt(data_points)	4W	5W_err	6e+	7e+_err	8eX 9eX_err	10e++ 	11e++_err		12eXX	13eXX_err		14e+X	15e+X_err 	16theta          17theta_err       17num_den	18num_err 19LS_err     20wt_num     21wt_num_err  22r_low   23r_high 24sig_crit
0.117769	540	0	199.399	10.7009	-1.63942	1.60575	2.69271	1.64372	0	0	0	0	0	0	-37212.3	44.0124	0	0        0   540      0      0.1    0.135538    0
0.159622	1048	0	206.544	7.93226	-1.46859	1.18397	-0.643469	1.20959	0	0	0	0	0	0	-72142.7	32.8059	0	0        0   1048      0      0.135538    0.183706    0
0.216349	1903	0	204.789	5.853	-0.0990634	0.870495	0.256528	0.894985	0	0	0	0	0	0	-130160	24.0761	0	0        0   1903      0      0.183706    0.248992    0
0.293236	3467	0	206.151	4.3402	-0.183271	0.663493	-0.315254	0.670959	0	0	0	0	0	0	-237709	17.8126	0	0        0   3467      0      0.248992    0.33748    0
0.397447	6217	0	200.515	3.13069	-0.461084	0.476647	-1.04662	0.474175	0	0	0	0	0	0	-426245	12.6806	0	0        0   6217      0      0.33748    0.457415    0
0.538693	11383	0	199.989	2.30531	0.398147	0.352176	-0.161746	0.351967	0	0	0	0	0	0	-782375	9.35906	0	0        0   11383      0      0.457415    0.619972    0
0.730136	20564	0	199.704	1.71262	0.133252	0.262139	-0.18743	0.262124	0	0	0	0	0	0	-1.41014e+06	6.93214	0	0        0   20564      0      0.619972    0.8403    0
0.989614	38133	0	202.182	1.27539	-0.34024	0.194752	0.00527667	0.192925	0	0	0	0	0	0	-2.61838e+06	5.18951	0	0        0   38133      0      0.8403    1.13893    0
1.34131	69811	0	201.757	0.940157	0.287274	0.144009	-0.218018	0.143943	0	0	0	0	0	0	-4.78985e+06	3.81891	0	0        0   69811      0      1.13893    1.54368    0
1.81798	127339	0	201.107	0.693269	0.13441	0.105839	-0.0388376	0.106253	0	0	0	0	0	0	-8.7253e+06	2.80867	0	0        0   127339      0      1.54368    2.09228    0
2.46406	234114	0	202.882	0.51658	-0.0885994	0.0790435	-0.0130685	0.0788078	0	0	0	0	0	0	-1.60612e+07	2.10108	0	0        0   234114      0      2.09228    2.83584    0
3.33975	426576	0	202.38	0.381614	0.0429244	0.058048	0.054371	0.0581732	0	0	0	0	0	0	-2.92458e+07	1.55012	0	0        0   426576      0      2.83584    3.84365    0
4.52664	783180	0	203.045	0.282716	0.0819891	0.0431178	-0.0759054	0.0430397	0	0	0	0	0	0	-5.37116e+07	1.14986	0	0        0   783180      0      3.84365    5.20962    0
6.13533	1430916	0	203.053	0.209176	0.053065	0.0318554	-0.0395105	0.0318933	0	0	0	0	0	0	-9.81428e+07	0.850924	0	0        0   1.43092e+06      0      5.20962    7.06103    0
8.31572	2625773	0	203.322	0.154657	-0.0130846	0.0235631	-0.0252026	0.023571	0	0	0	0	0	0	-1.80087e+08	0.629454	0	0        0   2.62577e+06      0      7.06103    9.5704    0
11.271	4812894	0	203.581	0.114409	-0.0115565	0.0174267	0.0148472	0.0174222	0	0	0	0	0	0	-3.30083e+08	0.465854	0	0        0   4.81289e+06      0      9.5704    12.9716    0
15.2765	8790224	0	203.87	0.0848036	0.00222461	0.0129059	0.0302872	0.0129095	0	0	0	0	0	0	-6.02915e+08	0.345515	0	0        0   8.79022e+06      0      12.9716    17.5814    0
20.7055	16057648	0	204.053	0.0628168	0.0227014	0.00956002	0.00474576	0.00956183	0	0	0	0	0	0	-1.10126e+09	0.256033	0	0        0   1.60576e+07      0      17.5814    23.8296    0
28.0639	29288027	0	204.312	0.0465893	-0.0217237	0.00708727	-0.0022523	0.00708886	0	0	0	0	0	0	-2.00879e+09	0.190032	0	0        0   2.9288e+07      0      23.8296    32.2982    0
38.0373	53296403	0	204.468	0.0345747	0.000207836	0.00525838	-0.0049749	0.00526006	0	0	0	0	0	0	-3.65518e+09	0.141096	0	0        0   5.32964e+07      0      32.2982    43.7764    0
51.5551	96796393	0	204.762	0.0257049	-0.00879194	0.00390781	-0.00987997	0.0039091	0	0	0	0	0	0	-6.63876e+09	0.104998	0	0        0   9.67964e+07      0      43.7764    59.3338    0
69.8769	175194092	0	204.895	0.0191277	-0.00139958	0.00290716	-0.0153393	0.00290745	0	0	0	0	0	0	-1.20156e+10	0.0781924	0	0        0   1.75194e+08      0      59.3338    80.42    0
94.7099	315940518	0	205.141	0.0142709	-0.00226851	0.00216745	-0.0125939	0.00216783	0	0	0	0	0	0	-2.16692e+10	0.0584128	0	0        0   3.15941e+08      0      80.42    109    0
