# 1bin_value	2data_points	3sqrt(data_points)	4W	5W_err	6e+	7e+_err	8eX 9eX_err	10e++ 	11e++_err		12eXX	13eXX_err		14e+X	15e+X_err 	16theta          17theta_err       17num_den	18num_err 19LS_err     20wt_num     21wt_num_err  22r_low   23r_high 24sig_crit
0.117769	1159	0	818.527	67.6893	10.4698	4.68798	-6.14252	4.63922	0	0	0	0	0	0	-80158.8	414.338	0	0        0   1226.6      0      0.1    0.135538    0
0.159622	1512	0	566.426	34.3746	0.646386	2.78518	1.62974	2.63235	0	0	0	0	0	0	-103827	201.116	0	0        0   1594.44      0      0.135538    0.183706    0
0.216349	2271	0	446.454	18.9337	4.84622	1.83818	-1.17642	1.83952	0	0	0	0	0	0	-155970	105.482	0	0        0   2408.73      0      0.183706    0.248992    0
0.293236	3253	0	391.867	13.1088	3.53776	1.35947	-0.601111	1.37726	0	0	0	0	0	0	-222853	71.6076	0	0        0   3444.22      0      0.248992    0.33748    0
0.397447	6416	0	411.433	9.13661	1.8264	0.99689	-0.249024	1.03534	0	0	0	0	0	0	-439596	47.4806	0	0        0   6888.41      0      0.33748    0.457415    0
0.538693	13428	0	468.718	6.94335	2.44356	0.788619	-0.267949	0.807956	0	0	0	0	0	0	-923203	34.634	0	0        0   14617      0      0.457415    0.619972    0
0.730136	20098	0	384.652	4.14627	-0.258138	0.547571	-0.0776638	0.548375	0	0	0	0	0	0	-1.37429e+06	18.9324	0	0        0   21761.5      0      0.619972    0.8403    0
0.989614	32156	0	337.583	2.65714	0.867762	0.37359	0.327547	0.374699	0	0	0	0	0	0	-2.20353e+06	11.3939	0	0        0   34575.2      0      0.8403    1.13893    0
1.34131	53941	0	306.678	1.76667	0.753783	0.263494	0.0245218	0.261683	0	0	0	0	0	0	-3.69805e+06	7.1253	0	0        0   57660.3      0      1.13893    1.54368    0
1.81798	91062	0	283.523	1.21706	0.409063	0.184033	-0.100737	0.185247	0	0	0	0	0	0	-6.25541e+06	4.68417	0	0        0   97149.4      0      1.54368    2.09228    0
2.46406	158003	0	270.672	0.859088	0.43574	0.133695	-0.0378352	0.134504	0	0	0	0	0	0	-1.0833e+07	3.14656	0	0        0   168404      0      2.09228    2.83584    0
3.33975	273843	0	256.857	0.605076	0.259551	0.0964482	0.122748	0.0963551	0	0	0	0	0	0	-1.87845e+07	2.11918	0	0        0   291494      0      2.83584    3.84365    0
4.52664	477746	0	245.573	0.431074	0.173343	0.0697208	-0.00531166	0.0697433	0	0	0	0	0	0	-3.27578e+07	1.44719	0	0        0   508756      0      3.84365    5.20962    0
6.13533	839680	0	236.532	0.309281	0.224772	0.0506818	0.0154177	0.0507054	0	0	0	0	0	0	-5.75996e+07	1.00365	0	0        0   894011      0      5.20962    7.06103    0
8.31572	1484593	0	228.425	0.222747	0.207385	0.0368554	0.0744886	0.0368086	0	0	0	0	0	0	-1.01844e+08	0.704756	0	0        0   1.57941e+06      0      7.06103    9.5704    0
11.271	2634719	0	221.673	0.161151	0.197042	0.0268338	0.0594192	0.0268138	0	0	0	0	0	0	-1.80715e+08	0.500579	0	0        0   2.80158e+06      0      9.5704    12.9716    0
15.2765	4671471	0	215.798	0.117334	0.124043	0.0196251	0.0216073	0.0196194	0	0	0	0	0	0	-3.2042e+08	0.359323	0	0        0   4.96633e+06      0      12.9716    17.5814    0
20.7055	8360002	0	211.861	0.085888	0.0649143	0.0143882	0.0299768	0.0143931	0	0	0	0	0	0	-5.73437e+08	0.260856	0	0        0   8.88732e+06      0      17.5814    23.8296    0
28.0639	14976361	0	208.601	0.0630927	0.0857369	0.0105882	0.0208672	0.0105855	0	0	0	0	0	0	-1.0272e+09	0.190517	0	0        0   1.59243e+07      0      23.8296    32.2982    0
38.0373	26899471	0	206.224	0.0465068	0.0580719	0.00781806	-0.00927803	0.00781325	0	0	0	0	0	0	-1.84495e+09	0.140086	0	0        0   2.85977e+07      0      32.2982    43.7764    0
51.5551	48384684	0	204.735	0.0344212	0.038064	0.00578952	-0.00401988	0.00579001	0	0	0	0	0	0	-3.31897e+09	0.103662	0	0        0   5.14395e+07      0      43.7764    59.3338    0
69.8769	87146327	0	204.124	0.0255905	0.00839987	0.00430514	-0.0106495	0.00430583	0	0	0	0	0	0	-5.97777e+09	0.0771689	0	0        0   9.26739e+07      0      59.3338    80.42    0
94.7099	156653040	0	203.859	0.0190807	0.0166775	0.0032087	-0.0174853	0.00320917	0	0	0	0	0	0	-1.07466e+10	0.05775	0	0        0   1.66544e+08      0      80.42    109    0
