# 1bin_value	2data_points	3sqrt(data_points)	4W	5W_err	6e+	7e+_err	8eX 9eX_err	10e++ 	11e++_err		12eXX	13eXX_err		14e+X	15e+X_err 	16theta          17theta_err       17num_den	18num_err 19LS_err     20wt_num     21wt_num_err  22r_low   23r_high 24sig_crit
0.117769	1160	19.3004	603.148	69.5304	11.5431	4.95549	-7.97874	4.92606	0	0	0	0	0	0	-3977.47	417.06	0	19.3004        0   0      0      0.1    0.135538    0
0.159622	1507	13.6662	360.439	36.6568	2.01566	3.05338	2.43504	2.91678	0	0	0	0	0	0	-2297.65	207.003	0	13.6662        0   0      0      0.135538    0.183706    0
0.216349	2273	9.84191	240.551	21.0621	4.74677	2.04669	-0.945676	2.05748	0	0	0	0	0	0	-1509.7	110.387	0	9.84191        0   0      0      0.183706    0.248992    0
0.293236	3280	7.18033	182.959	14.4804	3.28541	1.5075	-0.195154	1.52699	0	0	0	0	0	0	-1136.03	73.5267	0	7.18033        0   0      0      0.248992    0.33748    0
0.397447	6441	4.63514	213.553	10.1668	2.52842	1.10427	0.993058	1.13796	0	0	0	0	0	0	-1260.27	48.9844	0	4.63514        0   0      0      0.33748    0.457415    0
0.538693	13458	3.05959	270.973	7.70703	2.15939	0.864481	-0.00839668	0.882146	0	0	0	0	0	0	-1601.58	36.004	0	3.05959        0   0      0      0.457415    0.619972    0
0.730136	20217	2.3045	187.92	4.82212	-0.291778	0.606396	0.0983401	0.607073	0	0	0	0	0	0	-1076.23	20.1668	0	2.3045        0   0      0      0.619972    0.8403    0
0.989614	32312	1.70046	137.966	3.23277	1.20068	0.421865	0.341244	0.422034	0	0	0	0	0	0	-778.057	12.592	0	1.70046        0   0      0      0.8403    1.13893    0
1.34131	54235	1.25731	106.433	2.22615	0.468938	0.300466	0.306238	0.298849	0	0	0	0	0	0	-596.278	8.10384	0	1.25731        0   0      0      1.13893    1.54368    0
1.81798	91606	0.93768	83.5503	1.57367	0.276829	0.212373	-0.0442234	0.213631	0	0	0	0	0	0	-460.014	5.46411	0	0.93768        0   0      0      1.54368    2.09228    0
2.46406	158916	0.691712	68.6758	1.13527	0.555875	0.155421	0.0050361	0.155997	0	0	0	0	0	0	-362.035	3.7867	0	0.691712        0   0      0      2.09228    2.83584    0
3.33975	275232	0.51352	54.8897	0.816675	0.245589	0.112633	0.0538063	0.112619	0	0	0	0	0	0	-277.84	2.62854	0	0.51352        0   0      0      2.83584    3.84365    0
4.52664	480133	0.380548	43.37	0.59168	0.0786547	0.0820125	0.0837028	0.08199	0	0	0	0	0	0	-198.802	1.85001	0	0.380548        0   0      0      3.84365    5.20962    0
6.13533	843762	0.282001	34.432	0.430711	0.171715	0.0598889	0.059498	0.0599294	0	0	0	0	0	0	-140.273	1.31677	0	0.282001        0   0      0      5.20962    7.06103    0
8.31572	1492261	0.208897	25.9933	0.314154	0.216475	0.0437625	0.0874984	0.0437275	0	0	0	0	0	0	-87.8824	0.945433	0	0.208897        0   0      0      7.06103    9.5704    0
11.271	2648810	0.154951	19.0239	0.229706	0.207592	0.032003	0.041198	0.0319838	0	0	0	0	0	0	-42.7211	0.683925	0	0.154951        0   0      0      9.5704    12.9716    0
15.2765	4698316	0.115208	12.9209	0.168714	0.114755	0.023489	-0.00764359	0.0234862	0	0	0	0	0	0	-2.96062	0.498336	0	0.115208        0   0      0      12.9716    17.5814    0
20.7055	8409370	0.0855639	8.78339	0.124199	0.0481713	0.0172703	0.0298322	0.0172754	0	0	0	0	0	0	23.7639	0.365225	0	0.0855639        0   0      0      17.5814    23.8296    0
28.0639	15072410	0.0636204	5.26104	0.0916463	0.108159	0.0127333	0.0263389	0.012732	0	0	0	0	0	0	46.9456	0.268669	0	0.0636204        0   0      0      23.8296    32.2982    0
38.0373	27093958	0.0473135	2.91049	0.0677449	0.0572968	0.00941093	-0.00425092	0.0094079	0	0	0	0	0	0	62.6905	0.198284	0	0.0473135        0   0      0      32.2982    43.7764    0
51.5551	48775698	0.0351939	1.21951	0.0502058	0.0459232	0.00697115	0.00830723	0.00697228	0	0	0	0	0	0	74.0784	0.146901	0	0.0351939        0   0      0      43.7764    59.3338    0
69.8769	87983494	0.0261825	0.569284	0.0372991	0.00667023	0.00517835	0.00591847	0.00517908	0	0	0	0	0	0	78.7718	0.1091	0	0.0261825        0   0      0      59.3338    80.42    0
94.7099	158475192	0.0195018	0.179453	0.0277742	0.0158391	0.00385394	-0.00390831	0.00385454	0	0	0	0	0	0	81.2583	0.0813012	0	0.0195018        0   0      0      80.42    109    0
