# 1bin_value	2data_points	3sqrt(data_points)	4W	5W_err	6e+	7e+_err	8eX 9eX_err	10e++ 	11e++_err		12eXX	13eXX_err		14e+X	15e+X_err 	16theta          17theta_err       17num_den	18num_err 19LS_err     20wt_num     21wt_num_err  22r_low   23r_high 24sig_crit
0.117769	562	0	209.672	11.5675	0	0	0	0	0	0	0	0	0	0	-1338.82	62440	0	0        0   605.268      0      0.1    0.135538    0
0.159622	1021	0	201.312	8.04196	0	0	0	0	0	0	0	0	0	0	-1284.35	112437	0	0        0   1096.09      0      0.135538    0.183706    0
0.216349	1886	0	205.029	6.03484	0	0	0	0	0	0	0	0	0	0	-1294.36	204367	0	0        0   2038.4      0      0.183706    0.248992    0
0.293236	3436	0	205.986	4.48382	0	0	0	0	0	0	0	0	0	0	-1320.32	374443	0	0        0   3681.66      0      0.248992    0.33748    0
0.397447	6106	0	198.347	3.22394	0	0	0	0	0	0	0	0	0	0	-1267.55	661054	0	0        0   6548.11      0      0.33748    0.457415    0
0.538693	11322	0	199.278	2.38124	0	0	0	0	0	0	0	0	0	0	-1278.96	1.22971e+06	0	0        0   12107.2      0      0.457415    0.619972    0
0.730136	20450	0	199.376	1.76699	0	0	0	0	0	0	0	0	0	0	-1276.68	2.21529e+06	0	0        0   21893.6      0      0.619972    0.8403    0
0.989614	37436	0	199.043	1.3033	0	0	0	0	0	0	0	0	0	0	-1279.26	4.06899e+06	0	0        0   39994      0      0.8403    1.13893    0
1.34131	69070	0	200.316	0.967541	0	0	0	0	0	0	0	0	0	0	-1284.23	7.48131e+06	0	0        0   73863.4      0      1.13893    1.54368    0
1.81798	126406	0	200.459	0.714736	0	0	0	0	0	0	0	0	0	0	-1285.57	1.37064e+07	0	0        0   135216      0      1.54368    2.09228    0
2.46406	230642	0	200.735	0.530291	0	0	0	0	0	0	0	0	0	0	-1286.84	2.49937e+07	0	0        0   246789      0      2.09228    2.83584    0
3.33975	421320	0	200.769	0.392469	0	0	0	0	0	0	0	0	0	0	-1286.55	4.56564e+07	0	0        0   450907      0      2.83584    3.84365    0
4.52664	769972	0	200.47	0.289699	0	0	0	0	0	0	0	0	0	0	-1285.14	8.34198e+07	0	0        0   823633      0      3.84365    5.20962    0
6.13533	1404929	0	200.216	0.214261	0	0	0	0	0	0	0	0	0	0	-1283.71	1.52198e+08	0	0        0   1.50265e+06      0      5.20962    7.06103    0
8.31572	2576028	0	200.353	0.158345	0	0	0	0	0	0	0	0	0	0	-1284.64	2.79183e+08	0	0        0   2.75531e+06      0      7.06103    9.5704    0
11.271	4714508	0	200.233	0.116966	0	0	0	0	0	0	0	0	0	0	-1284.17	5.11081e+08	0	0        0   5.04142e+06      0      9.5704    12.9716    0
15.2765	8594830	0	200.166	0.0866136	0	0	0	0	0	0	0	0	0	0	-1283.84	9.32027e+08	0	0        0   9.19003e+06      0      12.9716    17.5814    0
20.7055	15684169	0	200.086	0.0640987	0	0	0	0	0	0	0	0	0	0	-1283.76	1.70176e+09	0	0        0   1.67653e+07      0      17.5814    23.8296    0
28.0639	28573269	0	200.098	0.0475092	0	0	0	0	0	0	0	0	0	0	-1284.01	3.10194e+09	0	0        0   3.05383e+07      0      23.8296    32.2982    0
38.0373	51932281	0	199.981	0.0352297	0	0	0	0	0	0	0	0	0	0	-1283.85	5.64246e+09	0	0        0   5.54826e+07      0      32.2982    43.7764    0
51.5551	94133856	0	199.882	0.0261665	0	0	0	0	0	0	0	0	0	0	-1283.6	1.02385e+10	0	0        0   1.0054e+08      0      43.7764    59.3338    0
69.8769	170212832	0	199.858	0.0194695	0	0	0	0	0	0	0	0	0	0	-1283.74	1.85369e+10	0	0        0   1.81751e+08      0      59.3338    80.42    0
94.7099	306444208	0	199.802	0.0145186	0	0	0	0	0	0	0	0	0	0	-1283.94	3.34318e+10	0	0        0   3.27075e+08      0      80.42    109    0
