# 1bin_value	2data_points	3sqrt(data_points)	4W	5W_err	6e+	7e+_err	8eX 9eX_err	10e++ 	11e++_err		12eXX	13eXX_err		14e+X	15e+X_err 	16theta          17theta_err       17num_den	18num_err 19LS_err     20wt_num     21wt_num_err  22r_low   23r_high 24sig_crit
0.117769	539	0	199.95	10.7601	-1.43234	1.61461	2.71548	1.65375	0	0	0	0	0	0	-37136.4	44.4277	0	0        0   539      0      0.1    0.135538    0
0.159622	1043	0	205.766	7.92674	-1.42306	1.1849	-0.511795	1.20929	0	0	0	0	0	0	-71804	32.843	0	0        0   1043      0      0.135538    0.183706    0
0.216349	1904	0	205.636	5.87933	-0.0102311	0.873562	0.32155	0.897746	0	0	0	0	0	0	-130301	24.2045	0	0        0   1904      0      0.183706    0.248992    0
0.293236	3465	0	205.683	4.32895	-0.197784	0.66233	-0.325395	0.669931	0	0	0	0	0	0	-237613	17.7438	0	0        0   3465      0      0.248992    0.33748    0
0.397447	6194	0	200.304	3.13784	-0.571669	0.477951	-0.879769	0.475437	0	0	0	0	0	0	-424645	12.7459	0	0        0   6194      0      0.33748    0.457415    0
0.538693	11375	0	199.947	2.30628	0.329424	0.35236	-0.173916	0.35215	0	0	0	0	0	0	-781763	9.36916	0	0        0   11375      0      0.457415    0.619972    0
0.730136	20533	0	199.346	1.71133	0.151979	0.262077	-0.203201	0.262063	0	0	0	0	0	0	-1.40786e+06	6.93045	0	0        0   20533      0      0.619972    0.8403    0
0.989614	38108	0	202.256	1.27682	-0.320781	0.194952	0.0214448	0.193126	0	0	0	0	0	0	-2.61638e+06	5.20013	0	0        0   38108      0      0.8403    1.13893    0
1.34131	69693	0	201.565	0.940562	0.280387	0.144118	-0.224532	0.144048	0	0	0	0	0	0	-4.78197e+06	3.8243	0	0        0   69693      0      1.13893    1.54368    0
1.81798	127193	0	201.138	0.694212	0.123374	0.105977	-0.0491748	0.106392	0	0	0	0	0	0	-8.71548e+06	2.81581	0	0        0   127193      0      1.54368    2.09228    0
2.46406	233881	0	202.938	0.517277	-0.0809917	0.0791435	-0.00646049	0.0789079	0	0	0	0	0	0	-1.60454e+07	2.10622	0	0        0   233881      0      2.09228    2.83584    0
3.33975	426069	0	202.348	0.381987	0.0303244	0.0581076	0.0551713	0.0582329	0	0	0	0	0	0	-2.92103e+07	1.55324	0	0        0   426069      0      2.83584    3.84365    0
4.52664	782211	0	203.005	0.28299	0.0864394	0.0431625	-0.0720211	0.0430843	0	0	0	0	0	0	-5.36441e+07	1.15218	0	0        0   782211      0      3.84365    5.20962    0
6.13533	1429244	0	203.025	0.209382	0.0566457	0.0318883	-0.038203	0.0319262	0	0	0	0	0	0	-9.80261e+07	0.852638	0	0        0   1.42924e+06      0      5.20962    7.06103    0
8.31572	2622853	0	203.328	0.154834	-0.0144792	0.0235898	-0.02886	0.0235978	0	0	0	0	0	0	-1.79889e+08	0.630829	0	0        0   2.62285e+06      0      7.06103    9.5704    0
11.271	4807970	0	203.611	0.114549	-0.0105875	0.0174471	0.0146281	0.0174425	0	0	0	0	0	0	-3.29743e+08	0.46691	0	0        0   4.80797e+06      0      9.5704    12.9716    0
15.2765	8780962	0	203.885	0.0849018	0.0061124	0.0129205	0.0278936	0.0129241	0	0	0	0	0	0	-6.02277e+08	0.346273	0	0        0   8.78096e+06      0      12.9716    17.5814    0
20.7055	16041934	0	204.087	0.0628923	0.0240533	0.00957097	0.00461369	0.00957278	0	0	0	0	0	0	-1.10017e+09	0.256603	0	0        0   1.60419e+07      0      17.5814    23.8296    0
28.0639	29259640	0	204.355	0.0466475	-0.0238168	0.00709563	-0.00205957	0.00709722	0	0	0	0	0	0	-2.00683e+09	0.190467	0	0        0   2.92596e+07      0      23.8296    32.2982    0
38.0373	53246573	0	204.517	0.0346181	0.000507273	0.00526456	-0.00392946	0.00526624	0	0	0	0	0	0	-3.65171e+09	0.141418	0	0        0   5.32466e+07      0      32.2982    43.7764    0
51.5551	96703535	0	204.812	0.0257381	-0.00605389	0.00391252	-0.00785533	0.00391381	0	0	0	0	0	0	-6.63234e+09	0.105243	0	0        0   9.67035e+07      0      43.7764    59.3338    0
69.8769	175012006	0	204.926	0.0191515	0.0021182	0.00291063	-0.0139868	0.00291091	0	0	0	0	0	0	-1.2003e+10	0.0783727	0	0        0   1.75012e+08      0      59.3338    80.42    0
94.7099	315668951	0	205.182	0.0142869	0.00269613	0.00216975	-0.0114015	0.00217013	0	0	0	0	0	0	-2.16503e+10	0.0585326	0	0        0   3.15669e+08      0      80.42    109    0
