# 1bin_value	2data_points	3sqrt(data_points)	4W	5W_err	6e+	7e+_err	8eX 9eX_err	10e++ 	11e++_err		12eXX	13eXX_err		14e+X	15e+X_err 	16theta          17theta_err       17num_den	18num_err 19LS_err     20wt_num     21wt_num_err  22r_low   23r_high 24sig_crit
0.117769	914	0	2089.74	90.6167	37.772	8.35839	2.01376	8.21348	0	0	0	0	0	0	-62552.3	382.436	0	0        0   944      0      0.1    0.135538    0
0.159622	1267	0	1566.94	53.4934	40.7575	5.3611	8.71954	5.02454	0	0	0	0	0	0	-87070.4	198.674	0	0        0   1310      0      0.135538    0.183706    0
0.216349	1805	0	1216.33	33.704	22.5224	3.52967	-2.85874	3.33451	0	0	0	0	0	0	-123726	115.288	0	0        0   1864      0      0.183706    0.248992    0
0.293236	2752	0	1030.09	22.5374	16.8212	2.46231	0.973249	2.33233	0	0	0	0	0	0	-189998	71.8471	0	0        0   2842      0      0.248992    0.33748    0
0.397447	4129	0	842.77	14.6393	11.342	1.59599	-0.132633	1.58469	0	0	0	0	0	0	-283894	40.6958	0	0        0   4288      0      0.33748    0.457415    0
0.538693	5495	0	624.974	9.12378	8.29778	1.04033	-2.33772	1.02101	0	0	0	0	0	0	-377433	22.3343	0	0        0   5650      0      0.457415    0.619972    0
0.730136	7832	0	480.201	5.7598	4.23128	0.673712	0.966841	0.675852	0	0	0	0	0	0	-538038	12.0145	0	0        0   8039      0      0.619972    0.8403    0
0.989614	11934	0	404.659	3.86951	2.87058	0.46385	-0.150439	0.457231	0	0	0	0	0	0	-817364	7.00745	0	0        0   12228      0      0.8403    1.13893    0
1.34131	18400	0	341.18	2.60962	1.23743	0.315301	0.383925	0.314362	0	0	0	0	0	0	-1.26256e+06	4.26112	0	0        0   18832      0      1.13893    1.54368    0
1.81798	30319	0	308.102	1.82633	0.973581	0.22179	-0.0130272	0.220571	0	0	0	0	0	0	-2.07973e+06	2.79947	0	0        0   31028      0      1.54368    2.09228    0
2.46406	52330	0	291.799	1.31393	0.896999	0.158872	0.0262268	0.160303	0	0	0	0	0	0	-3.58845e+06	1.96861	0	0        0   53479      0      2.09228    2.83584    0
3.33975	88479	0	270.734	0.936295	0.874552	0.114219	-0.0334345	0.113433	0	0	0	0	0	0	-6.07209e+06	1.35986	0	0        0   90442      0      2.83584    3.84365    0
4.52664	152280	0	255.625	0.672731	0.703429	0.082083	0.0122507	0.0817744	0	0	0	0	0	0	-1.04448e+07	0.946772	0	0        0   155619      0      3.84365    5.20962    0
6.13533	263499	0	242.435	0.484627	0.586637	0.0589569	-0.0144388	0.0589611	0	0	0	0	0	0	-1.80807e+07	0.669887	0	0        0   269341      0      5.20962    7.06103    0
8.31572	459725	0	232.242	0.351196	0.4324	0.0429375	0.140541	0.042792	0	0	0	0	0	0	-3.15334e+07	0.479523	0	0        0   469758      0      7.06103    9.5704    0
11.271	801547	0	222.832	0.255008	0.317567	0.0311723	0.0099933	0.0311494	0	0	0	0	0	0	-5.49907e+07	0.343656	0	0        0   818837      0      9.5704    12.9716    0
15.2765	1415647	0	216.796	0.18667	0.222451	0.0228443	0.0166318	0.0228511	0	0	0	0	0	0	-9.70894e+07	0.251316	0	0        0   1.44611e+06      0      12.9716    17.5814    0
20.7055	2499179	0	211.432	0.13701	0.25702	0.0167658	0.058988	0.0167719	0	0	0	0	0	0	-1.71367e+08	0.184628	0	0        0   2.55234e+06      0      17.5814    23.8296    0
28.0639	4426929	0	207.574	0.101073	0.200027	0.0123936	0.0268177	0.0123812	0	0	0	0	0	0	-3.0353e+08	0.13676	0	0        0   4.52019e+06      0      23.8296    32.2982    0
38.0373	7829816	0	204.449	0.0749013	0.140765	0.00918185	0.0120006	0.00919103	0	0	0	0	0	0	-5.36776e+08	0.102881	0	0        0   7.99358e+06      0      32.2982    43.7764    0
51.5551	13805450	0	202.032	0.0557763	0.0667123	0.00683604	0.016899	0.00684681	0	0	0	0	0	0	-9.46296e+08	0.0776269	0	0        0   1.40956e+07      0      43.7764    59.3338    0
69.8769	24274595	0	200.774	0.0418315	0.0525446	0.00513053	0.0102868	0.00513601	0	0	0	0	0	0	-1.6637e+09	0.0590179	0	0        0   2.47824e+07      0      59.3338    80.42    0
94.7099	42369858	0	200.422	0.0316319	0.0657809	0.00387919	-0.00243407	0.00388265	0	0	0	0	0	0	-2.90432e+09	0.0452144	0	0        0   4.32591e+07      0      80.42    109    0
