# 1bin_value	2data_points	3sqrt(data_points)	4W	5W_err	6e+	7e+_err	8eX 9eX_err	10e++ 	11e++_err		12eXX	13eXX_err		14e+X	15e+X_err 	16theta          17theta_err       17num_den	18num_err 19LS_err     20wt_num     21wt_num_err  22r_low   23r_high 24sig_crit
0.117769	920	0	2108.36	91.0988	37.0979	8.37254	4.53492	8.22327	0	0	0	0	0	0	-62972.3	384.451	0	0        0   951      0      0.1    0.135538    0
0.159622	1276	0	1573.48	53.4133	41.0641	5.3498	8.21045	5.01276	0	0	0	0	0	0	-87671.5	197.399	0	0        0   1319      0      0.135538    0.183706    0
0.216349	1818	0	1224.16	33.7282	22.5327	3.52648	-3.03982	3.33123	0	0	0	0	0	0	-124724	114.642	0	0        0   1878      0      0.183706    0.248992    0
0.293236	2771	0	1039.36	22.6321	17.0467	2.46685	0.863366	2.33754	0	0	0	0	0	0	-191336	71.8373	0	0        0   2862      0      0.248992    0.33748    0
0.397447	4148	0	846.102	14.6434	11.3785	1.59547	-0.0457897	1.58381	0	0	0	0	0	0	-285171	40.4321	0	0        0   4307      0      0.33748    0.457415    0
0.538693	5529	0	629.145	9.13581	8.29483	1.04115	-2.27283	1.02191	0	0	0	0	0	0	-379833	21.9726	0	0        0   5683      0      0.457415    0.619972    0
0.730136	7875	0	483.581	5.77135	4.07037	0.674944	0.792306	0.676851	0	0	0	0	0	0	-541056	11.7779	0	0        0   8084      0      0.619972    0.8403    0
0.989614	11994	0	406.91	3.87358	2.9039	0.464143	-0.102012	0.457564	0	0	0	0	0	0	-821161	6.85477	0	0        0   12287      0      0.8403    1.13893    0
1.34131	18471	0	342.803	2.61266	1.26551	0.315596	0.371332	0.314652	0	0	0	0	0	0	-1.26723e+06	4.16044	0	0        0   18903      0      1.13893    1.54368    0
1.81798	30458	0	309.752	1.82829	0.984098	0.221971	0.00128987	0.220768	0	0	0	0	0	0	-2.08923e+06	2.69998	0	0        0   31168      0      1.54368    2.09228    0
2.46406	52680	0	293.935	1.31505	0.89238	0.15898	0.0507579	0.160415	0	0	0	0	0	0	-3.61261e+06	1.84676	0	0        0   53833      0      2.09228    2.83584    0
3.33975	89101	0	272.782	0.937179	0.906943	0.114306	-0.0413711	0.113523	0	0	0	0	0	0	-6.11472e+06	1.26689	0	0        0   91058      0      2.83584    3.84365    0
4.52664	153273	0	257.472	0.673355	0.72251	0.0821481	0.0162348	0.0818406	0	0	0	0	0	0	-1.05118e+07	0.884032	0	0        0   156621      0      3.84365    5.20962    0
6.13533	265433	0	244.387	0.48509	0.602516	0.0590064	-0.0247472	0.0590108	0	0	0	0	0	0	-1.82125e+07	0.615629	0	0        0   271283      0      5.20962    7.06103    0
8.31572	463009	0	234.068	0.351543	0.448386	0.0429754	0.142136	0.0428302	0	0	0	0	0	0	-3.17587e+07	0.439933	0	0        0   473030      0      7.06103    9.5704    0
11.271	806928	0	224.497	0.255273	0.320032	0.0312019	0.0127918	0.031179	0	0	0	0	0	0	-5.53605e+07	0.316404	0	0        0   824197      0      9.5704    12.9716    0
15.2765	1425865	0	218.55	0.18688	0.226202	0.022868	0.0200788	0.0228748	0	0	0	0	0	0	-9.77946e+07	0.229419	0	0        0   1.45632e+06      0      12.9716    17.5814    0
20.7055	2517149	0	213.161	0.137184	0.262436	0.0167856	0.0572284	0.0167916	0	0	0	0	0	0	-1.72609e+08	0.16864	0	0        0   2.57024e+06      0      17.5814    23.8296    0
28.0639	4458914	0	209.323	0.101222	0.197289	0.0124108	0.021327	0.0123983	0	0	0	0	0	0	-3.05738e+08	0.124963	0	0        0   4.55203e+06      0      23.8296    32.2982    0
38.0373	7892473	0	206.383	0.0750298	0.140734	0.00919674	0.0110092	0.00920593	0	0	0	0	0	0	-5.41087e+08	0.0934025	0	0        0   8.05623e+06      0      32.2982    43.7764    0
51.5551	13925363	0	204.127	0.0558866	0.0706703	0.00684887	0.0111402	0.00685965	0	0	0	0	0	0	-9.54506e+08	0.0701651	0	0        0   1.42155e+07      0      43.7764    59.3338    0
69.8769	24503233	0	203.11	0.0419376	0.0608293	0.00514296	0.00879636	0.00514846	0	0	0	0	0	0	-1.67923e+09	0.0531494	0	0        0   2.50108e+07      0      59.3338    80.42    0
94.7099	42793475	0	203.142	0.0317549	0.067463	0.00389375	-0.000433114	0.00389722	0	0	0	0	0	0	-2.93281e+09	0.0407168	0	0        0   4.36827e+07      0      80.42    109    0
