# 1bin_value	2data_points	3sqrt(data_points)	4W	5W_err	6e+	7e+_err	8eX 9eX_err	10e++ 	11e++_err		12eXX	13eXX_err		14e+X	15e+X_err 	16theta          17theta_err       17num_den	18num_err 19LS_err     20wt_num     21wt_num_err  22r_low   23r_high 24sig_crit
0.117769	909	0	2096.89	91.4773	36.2487	8.42485	3.27254	8.27922	0	0	0	0	0	0	-62250	387.745	0	0        0   940      0      0.1    0.135538    0
0.159622	1274	0	1569.03	53.4536	40.6963	5.34988	6.97785	5.01726	0	0	0	0	0	0	-87546.6	198.183	0	0        0   1315      0      0.135538    0.183706    0
0.216349	1799	0	1213.22	33.6864	22.8817	3.53032	-3.34421	3.33415	0	0	0	0	0	0	-123308	115.501	0	0        0   1859      0      0.183706    0.248992    0
0.293236	2753	0	1032.1	22.625	17.3525	2.46774	0.909726	2.33842	0	0	0	0	0	0	-190091	72.4412	0	0        0   2841      0      0.248992    0.33748    0
0.397447	4113	0	839.349	14.6296	11.0703	1.59671	0.112282	1.58466	0	0	0	0	0	0	-282783	40.8964	0	0        0   4270      0      0.33748    0.457415    0
0.538693	5491	0	622.922	9.10168	8.20392	1.03866	-2.41967	1.01919	0	0	0	0	0	0	-377300	22.1969	0	0        0   5642      0      0.457415    0.619972    0
0.730136	7845	0	481.061	5.76128	4.14236	0.673948	0.7737	0.675996	0	0	0	0	0	0	-539048	11.9089	0	0        0   8052      0      0.619972    0.8403    0
0.989614	11934	0	404.78	3.87104	2.85651	0.464001	-0.114964	0.457345	0	0	0	0	0	0	-817215	7.02661	0	0        0   12227      0      0.8403    1.13893    0
1.34131	18432	0	341.71	2.60962	1.26011	0.315297	0.403596	0.314328	0	0	0	0	0	0	-1.26444e+06	4.2233	0	0        0   18862      0      1.13893    1.54368    0
1.81798	30338	0	308.232	1.82622	0.987072	0.221756	-0.0277832	0.220558	0	0	0	0	0	0	-2.08109e+06	2.78523	0	0        0   31044      0      1.54368    2.09228    0
2.46406	52411	0	292.226	1.31379	0.873126	0.158851	0.0861852	0.16028	0	0	0	0	0	0	-3.59446e+06	1.93425	0	0        0   53562      0      2.09228    2.83584    0
3.33975	88710	0	271.37	0.936181	0.890408	0.114199	-0.0546246	0.113416	0	0	0	0	0	0	-6.08788e+06	1.32401	0	0        0   90666      0      2.83584    3.84365    0
4.52664	152599	0	256.108	0.672632	0.714722	0.0820672	0.0128547	0.0817594	0	0	0	0	0	0	-1.04655e+07	0.927772	0	0        0   155939      0      3.84365    5.20962    0
6.13533	264298	0	243.1	0.484531	0.602547	0.0589433	-0.0223175	0.0589471	0	0	0	0	0	0	-1.81357e+07	0.646785	0	0        0   270140      0      5.20962    7.06103    0
8.31572	460992	0	232.802	0.35113	0.425786	0.0429285	0.133017	0.0427826	0	0	0	0	0	0	-3.16188e+07	0.464616	0	0        0   470982      0      7.06103    9.5704    0
11.271	803438	0	223.249	0.254932	0.316882	0.0311625	0.0206037	0.0311395	0	0	0	0	0	0	-5.5118e+07	0.334512	0	0        0   820652      0      9.5704    12.9716    0
15.2765	1419075	0	217.21	0.186599	0.223154	0.0228352	0.0218858	0.022842	0	0	0	0	0	0	-9.73292e+07	0.243725	0	0        0   1.44944e+06      0      12.9716    17.5814    0
20.7055	2505827	0	211.878	0.13695	0.257894	0.0167581	0.0665177	0.0167641	0	0	0	0	0	0	-1.71833e+08	0.178517	0	0        0   2.55892e+06      0      17.5814    23.8296    0
28.0639	4438316	0	207.972	0.101019	0.196053	0.0123868	0.0260968	0.0123743	0	0	0	0	0	0	-3.04319e+08	0.132522	0	0        0   4.53144e+06      0      23.8296    32.2982    0
38.0373	7854597	0	204.946	0.0748537	0.137941	0.00917581	0.0128305	0.00918498	0	0	0	0	0	0	-5.38498e+08	0.0990273	0	0        0   8.01837e+06      0      32.2982    43.7764    0
51.5551	13853157	0	202.584	0.0557405	0.0683195	0.00683148	0.0163552	0.00684224	0	0	0	0	0	0	-9.49607e+08	0.074541	0	0        0   1.41438e+07      0      43.7764    59.3338    0
69.8769	24347289	0	201.292	0.0418172	0.0591179	0.00512864	0.0146434	0.00513413	0	0	0	0	0	0	-1.66874e+09	0.0570675	0	0        0   2.48557e+07      0      59.3338    80.42    0
94.7099	42469722	0	200.991	0.0316488	0.0710039	0.00388116	-0.00345998	0.00388462	0	0	0	0	0	0	-2.91119e+09	0.0441273	0	0        0   4.33599e+07      0      80.42    109    0
