# 1bin_value	2data_points	3sqrt(data_points)	4W	5W_err	6e+	7e+_err	8eX 9eX_err	10e++ 	11e++_err		12eXX	13eXX_err		14e+X	15e+X_err 	16theta          17theta_err       17num_den	18num_err 19LS_err     20wt_num     21wt_num_err  22r_low   23r_high 24sig_crit
0.117769	915	0	2088.67	90.3531	36.8794	8.3381	4.01228	8.19	0	0	0	0	0	0	-62634.5	380.376	0	0        0   946      0      0.1    0.135538    0
0.159622	1271	0	1565.18	53.3208	40.9131	5.34675	8.17314	5.00984	0	0	0	0	0	0	-87326.3	197.616	0	0        0   1313      0      0.135538    0.183706    0
0.216349	1803	0	1211.36	33.5364	22.4421	3.51852	-3.22109	3.32475	0	0	0	0	0	0	-123593	114.23	0	0        0   1862      0      0.183706    0.248992    0
0.293236	2754	0	1031.78	22.577	17.095	2.46334	1.02349	2.33437	0	0	0	0	0	0	-190183	72.0816	0	0        0   2845      0      0.248992    0.33748    0
0.397447	4125	0	841.693	14.6331	11.5115	1.59537	-0.404359	1.58394	0	0	0	0	0	0	-283733	40.6865	0	0        0   4284      0      0.33748    0.457415    0
0.538693	5506	0	624.982	9.11332	8.21648	1.03916	-2.3573	1.0198	0	0	0	0	0	0	-378329	22.1268	0	0        0   5657      0      0.457415    0.619972    0
0.730136	7859	0	481.776	5.75797	3.98263	0.673466	0.80793	0.675587	0	0	0	0	0	0	-539961	11.8243	0	0        0   8070      0      0.619972    0.8403    0
0.989614	11927	0	404.054	3.86667	2.93928	0.463498	-0.13531	0.456878	0	0	0	0	0	0	-816535	7.07092	0	0        0   12220      0      0.8403    1.13893    0
1.34131	18413	0	341.266	2.60855	1.28937	0.315177	0.350625	0.314201	0	0	0	0	0	0	-1.26307e+06	4.25395	0	0        0   18844      0      1.13893    1.54368    0
1.81798	30306	0	307.76	1.82536	0.984459	0.221662	-0.0223843	0.220441	0	0	0	0	0	0	-2.07838e+06	2.82333	0	0        0   31012      0      1.54368    2.09228    0
2.46406	52361	0	291.75	1.31311	0.865375	0.158774	0.0655857	0.1602	0	0	0	0	0	0	-3.59066e+06	1.95576	0	0        0   53502      0      2.09228    2.83584    0
3.33975	88603	0	270.898	0.935752	0.906573	0.114145	-0.0429236	0.113364	0	0	0	0	0	0	-6.08063e+06	1.34234	0	0        0   90558      0      2.83584    3.84365    0
4.52664	152521	0	255.846	0.672249	0.703068	0.0820219	0.0133304	0.0817142	0	0	0	0	0	0	-1.04616e+07	0.930409	0	0        0   155873      0      3.84365    5.20962    0
6.13533	263897	0	242.569	0.484201	0.588362	0.0589052	-0.0287011	0.0589087	0	0	0	0	0	0	-1.81073e+07	0.658993	0	0        0   269734      0      5.20962    7.06103    0
8.31572	460641	0	232.473	0.350865	0.438734	0.0428966	0.137575	0.042751	0	0	0	0	0	0	-3.15945e+07	0.468957	0	0        0   470685      0      7.06103    9.5704    0
11.271	802855	0	222.901	0.2547	0.316136	0.0311346	0.014742	0.0311116	0	0	0	0	0	0	-5.50794e+07	0.337011	0	0        0   820115      0      9.5704    12.9716    0
15.2765	1419104	0	216.978	0.186379	0.228375	0.0228085	0.0107343	0.0228153	0	0	0	0	0	0	-9.73315e+07	0.243287	0	0        0   1.44959e+06      0      12.9716    17.5814    0
20.7055	2504478	0	211.451	0.13674	0.264729	0.0167326	0.0549131	0.0167387	0	0	0	0	0	0	-1.71737e+08	0.1795	0	0        0   2.55767e+06      0      17.5814    23.8296    0
28.0639	4438704	0	207.592	0.100817	0.198673	0.0123622	0.0199672	0.0123498	0	0	0	0	0	0	-3.04347e+08	0.131985	0	0        0   4.53206e+06      0      23.8296    32.2982    0
38.0373	7860421	0	204.596	0.074666	0.142638	0.00915294	0.00972384	0.00916209	0	0	0	0	0	0	-5.38899e+08	0.0978178	0	0        0   8.02464e+06      0      32.2982    43.7764    0
51.5551	13869587	0	202.171	0.0555597	0.0722764	0.00680945	0.0133102	0.00682017	0	0	0	0	0	0	-9.50703e+08	0.0732648	0	0        0   1.41607e+07      0      43.7764    59.3338    0
69.8769	24411405	0	200.982	0.0416426	0.0627947	0.00510731	0.010179	0.00511277	0	0	0	0	0	0	-1.67302e+09	0.0551637	0	0        0   2.49213e+07      0      59.3338    80.42    0
94.7099	42645370	0	200.765	0.0314838	0.0685576	0.00386096	-0.00603796	0.0038644	0	0	0	0	0	0	-2.92292e+09	0.0419541	0	0        0   4.35382e+07      0      80.42    109    0
