# 1bin_value	2data_points	3sqrt(data_points)	4W	5W_err	6e+	7e+_err	8eX 9eX_err	10e++ 	11e++_err		12eXX	13eXX_err		14e+X	15e+X_err 	16theta          17theta_err       17num_den	18num_err 19LS_err     20wt_num     21wt_num_err  22r_low   23r_high 24sig_crit
0.117769	863	0	201.961	7.26933	-0.211193	0.869613	0.165604	0.843897	0	0	0	0	0	0	-58712.3	17.1682	0	0        0   863      0      0.1    0.135538    0
0.159622	1497	0	193.548	5.26921	0.255436	0.618101	-1.1818	0.590791	0	0	0	0	0	0	-102587	12.1048	0	0        0   1497      0      0.135538    0.183706    0
0.216349	2727	0	194.781	3.93025	0.426329	0.453034	0.121769	0.446393	0	0	0	0	0	0	-187480	9.07516	0	0        0   2727      0      0.183706    0.248992    0
0.293236	5093	0	199.846	2.95269	0.377494	0.342859	0.707439	0.347005	0	0	0	0	0	0	-348517	6.81316	0	0        0   5093      0      0.248992    0.33748    0
0.397447	9287	0	195.558	2.13596	-0.0495777	0.251765	0.216064	0.251023	0	0	0	0	0	0	-635737	4.87929	0	0        0   9287      0      0.33748    0.457415    0
0.538693	16786	0	196.512	1.59711	-0.0797846	0.188523	0.261817	0.1882	0	0	0	0	0	0	-1.15198e+06	3.67848	0	0        0   16786      0      0.457415    0.619972    0
0.730136	31224	0	198.16	1.18162	-0.0346153	0.139438	0.185816	0.137991	0	0	0	0	0	0	-2.14222e+06	2.73822	0	0        0   31224      0      0.619972    0.8403    0
0.989614	57456	0	200.007	0.879279	0.146987	0.102951	0.0594177	0.103356	0	0	0	0	0	0	-3.94062e+06	2.03409	0	0        0   57456      0      0.8403    1.13893    0
1.34131	105222	0	200.196	0.6505	-0.0248825	0.0765244	0.125401	0.0763604	0	0	0	0	0	0	-7.21338e+06	1.50739	0	0        0   105222      0      1.13893    1.54368    0
1.81798	191737	0	199.333	0.479754	-0.0606502	0.0563692	0.0337898	0.0564426	0	0	0	0	0	0	-1.31553e+07	1.11115	0	0        0   191737      0      1.54368    2.09228    0
2.46406	350384	0	199.612	0.355388	0.00644184	0.0417559	-0.0241872	0.0417626	0	0	0	0	0	0	-2.4027e+07	0.822868	0	0        0   350384      0      2.09228    2.83584    0
3.33975	640592	0	199.543	0.262745	0.0354007	0.0308945	0.00996292	0.0309143	0	0	0	0	0	0	-4.39307e+07	0.60839	0	0        0   640592      0      2.83584    3.84365    0
4.52664	1175425	0	200.332	0.194764	-0.0196165	0.022899	0.016295	0.0228609	0	0	0	0	0	0	-8.06174e+07	0.451629	0	0        0   1.17542e+06      0      3.84365    5.20962    0
6.13533	2149621	0	200.281	0.143989	0.0131312	0.0169096	-0.0164938	0.0169074	0	0	0	0	0	0	-1.47401e+08	0.333963	0	0        0   2.14962e+06      0      5.20962    7.06103    0
8.31572	3929410	0	200.586	0.106672	0.00492446	0.0125451	0.0110232	0.0125366	0	0	0	0	0	0	-2.69471e+08	0.247583	0	0        0   3.92941e+06      0      7.06103    9.5704    0
11.271	7159996	0	200.725	0.0790867	-0.00308617	0.00929489	-0.0246192	0.00929174	0	0	0	0	0	0	-4.91004e+08	0.183676	0	0        0   7.16e+06      0      9.5704    12.9716    0
15.2765	13033929	0	200.906	0.0586755	0.00413274	0.00689237	0.00283556	0.00689059	0	0	0	0	0	0	-8.93742e+08	0.136352	0	0        0   1.30339e+07      0      12.9716    17.5814    0
20.7055	23657762	0	201.089	0.0435954	-0.00454944	0.00511998	-0.00681739	0.00512208	0	0	0	0	0	0	-1.62215e+09	0.10137	0	0        0   2.36578e+07      0      17.5814    23.8296    0
28.0639	42778989	0	201.213	0.0324408	0.00221483	0.00381232	-0.00058032	0.00381235	0	0	0	0	0	0	-2.93325e+09	0.0754398	0	0        0   4.2779e+07      0      23.8296    32.2982    0
38.0373	76960611	0	201.248	0.0241898	0.00968537	0.00284194	-0.00623473	0.00284218	0	0	0	0	0	0	-5.27643e+09	0.0562229	0	0        0   7.69606e+07      0      32.2982    43.7764    0
51.5551	137647245	0	201.373	0.0180988	0.00452669	0.00212585	0.00269007	0.00212657	0	0	0	0	0	0	-9.43613e+09	0.0420499	0	0        0   1.37647e+08      0      43.7764    59.3338    0
69.8769	244001474	0	201.43	0.0135961	0.0197378	0.00159683	0.0055927	0.00159747	0	0	0	0	0	0	-1.67246e+10	0.0315493	0	0        0   2.44001e+08      0      59.3338    80.42    0
94.7099	427676893	0	201.605	0.0102763	0.0370354	0.0012064	0.00815704	0.0012078	0	0	0	0	0	0	-2.93089e+10	0.0237942	0	0        0   4.27677e+08      0      80.42    109    0
