# 1bin_value	2data_points	3sqrt(data_points)	4W	5W_err	6e+	7e+_err	8eX 9eX_err	10e++ 	11e++_err		12eXX	13eXX_err		14e+X	15e+X_err 	16theta          17theta_err       17num_den	18num_err 19LS_err     20wt_num     21wt_num_err  22r_low   23r_high 24sig_crit
0.117769	916	23.2668	1909.22	91.9607	37.4414	8.44997	3.63045	8.29712	0	0	0	0	0	0	-12565.1	386.939	0	23.2668        0   0      0      0.1    0.135538    0
0.159622	1274	17.0265	1374.03	53.9881	40.9277	5.38838	9.11264	5.05225	0	0	0	0	0	0	-9120.76	198.087	0	17.0265        0   0      0      0.135538    0.183706    0
0.216349	1805	12.9109	1022.41	34.3452	22.2822	3.57194	-2.77154	3.37622	0	0	0	0	0	0	-6765.7	116.586	0	12.9109        0   0      0      0.183706    0.248992    0
0.293236	2754	9.17083	830.415	23.0164	16.5834	2.49159	0.659884	2.36427	0	0	0	0	0	0	-5548.73	72.6345	0	9.17083        0   0      0      0.248992    0.33748    0
0.397447	4125	6.17784	651.027	14.9877	11.575	1.61863	-0.21631	1.60751	0	0	0	0	0	0	-4247.47	41.268	0	6.17784        0   0      0      0.33748    0.457415    0
0.538693	5516	4.71375	432.614	9.42788	8.41301	1.05943	-2.55538	1.04026	0	0	0	0	0	0	-2851.55	22.4962	0	4.71375        0   0      0      0.457415    0.619972    0
0.730136	7845	3.5143	282.689	6.0152	4.21415	0.689264	0.65083	0.691047	0	0	0	0	0	0	-1867.21	12.2518	0	3.5143        0   0      0      0.619972    0.8403    0
0.989614	11936	2.57125	204.352	4.07523	2.69579	0.47602	-0.239011	0.469597	0	0	0	0	0	0	-1339.04	7.3503	0	2.57125        0   0      0      0.8403    1.13893    0
1.34131	18422	1.92602	142.847	2.77505	1.32637	0.325182	0.233736	0.324235	0	0	0	0	0	0	-922.629	4.51604	0	1.92602        0   0      0      1.13893    1.54368    0
1.81798	30306	1.43902	109.709	1.95416	1.06321	0.229326	-0.0595755	0.228176	0	0	0	0	0	0	-700.843	3.04654	0	1.43902        0   0      0      1.54368    2.09228    0
2.46406	52397	1.05717	93.173	1.41076	0.888185	0.164585	0.0842483	0.165973	0	0	0	0	0	0	-595.732	2.12016	0	1.05717        0   0      0      2.09228    2.83584    0
3.33975	88617	0.78886	72.0396	1.01053	0.852985	0.118576	-0.073643	0.117824	0	0	0	0	0	0	-455.698	1.47799	0	0.78886        0   0      0      2.83584    3.84365    0
4.52664	152528	0.584815	55.6456	0.729067	0.735122	0.0853833	-0.00505974	0.0850767	0	0	0	0	0	0	-347.784	1.04102	0	0.584815        0   0      0      3.84365    5.20962    0
6.13533	264155	0.434679	42.6779	0.527237	0.591658	0.0614537	-0.00934526	0.0614576	0	0	0	0	0	0	-261.253	0.735836	0	0.434679        0   0      0      5.20962    7.06103    0
8.31572	460814	0.322591	32.2679	0.383342	0.4447	0.0448198	0.1277	0.0446777	0	0	0	0	0	0	-189.705	0.53057	0	0.322591        0   0      0      7.06103    9.5704    0
11.271	803291	0.240744	22.6553	0.279245	0.332563	0.032589	0.0473313	0.032566	0	0	0	0	0	0	-125.451	0.383724	0	0.240744        0   0      0      9.5704    12.9716    0
15.2765	1418948	0.179223	16.4407	0.204833	0.224212	0.0239028	0.00936061	0.0239088	0	0	0	0	0	0	-83.0613	0.280984	0	0.179223        0   0      0      12.9716    17.5814    0
20.7055	2506376	0.133853	10.9866	0.150626	0.263524	0.0175584	0.0620135	0.0175648	0	0	0	0	0	0	-45.834	0.205965	0	0.133853        0   0      0      17.5814    23.8296    0
28.0639	4440588	0.100133	6.9555	0.11126	0.191881	0.0129845	0.0202222	0.0129726	0	0	0	0	0	0	-18.7869	0.152483	0	0.100133        0   0      0      23.8296    32.2982    0
38.0373	7865056	0.0750447	3.94172	0.082512	0.129255	0.00962081	0.0130367	0.00962965	0	0	0	0	0	0	1.31477	0.113079	0	0.0750447        0   0      0      32.2982    43.7764    0
51.5551	13885107	0.0564036	1.51401	0.0614663	0.06415	0.00716205	0.00956297	0.00717254	0	0	0	0	0	0	18.4402	0.0842599	0	0.0564036        0   0      0      43.7764    59.3338    0
69.8769	24451159	0.0424743	0.236918	0.0460983	0.0377711	0.00537329	0.0067059	0.00537871	0	0	0	0	0	0	26.7976	0.063128	0	0.0424743        0   0      0      59.3338    80.42    0
94.7099	42717281	0.0321252	-0.257926	0.0348634	0.0303002	0.00406294	-0.00732478	0.00406666	0	0	0	0	0	0	29.58	0.0479014	0	0.0321252        0   0      0      80.42    109    0
