# 1bin_value	2data_points	3sqrt(data_points)	4W	5W_err	6e+	7e+_err	8eX 9eX_err	10e++ 	11e++_err		12eXX	13eXX_err		14e+X	15e+X_err 	16theta          17theta_err       17num_den	18num_err 19LS_err     20wt_num     21wt_num_err  22r_low   23r_high 24sig_crit
0.117769	821	0	193.232	7.28185	0	0	0	0	0	0	0	0	0	0	-1283.25	89934.3	0	0        0   847      0      0.1    0.135538    0
0.159622	1581	0	204.622	5.49166	0	0	0	0	0	0	0	0	0	0	-1370.2	171363	0	0        0   1620      0      0.135538    0.183706    0
0.216349	2856	0	203.972	4.08649	0	0	0	0	0	0	0	0	0	0	-1363.73	309433	0	0        0   2924      0      0.183706    0.248992    0
0.293236	5143	0	202.13	3.01825	0	0	0	0	0	0	0	0	0	0	-1354.35	560718	0	0        0   5265      0      0.248992    0.33748    0
0.397447	9368	0	196.748	2.16778	0	0	0	0	0	0	0	0	0	0	-1319.93	1.01492e+06	0	0        0   9571      0      0.33748    0.457415    0
0.538693	17018	0	199.311	1.63197	0	0	0	0	0	0	0	0	0	0	-1337.34	1.84932e+06	0	0        0   17417      0      0.457415    0.619972    0
0.730136	31618	0	201.039	1.20906	0	0	0	0	0	0	0	0	0	0	-1346.81	3.4377e+06	0	0        0   32414      0      0.619972    0.8403    0
0.989614	57701	0	200.879	0.893399	0	0	0	0	0	0	0	0	0	0	-1346.59	6.25747e+06	0	0        0   59040      0      0.8403    1.13893    0
1.34131	104489	0	198.833	0.657098	0	0	0	0	0	0	0	0	0	0	-1331.83	1.13261e+07	0	0        0   106978      0      1.13893    1.54368    0
1.81798	191715	0	199.272	0.48608	0	0	0	0	0	0	0	0	0	0	-1335.28	2.07789e+07	0	0        0   196173      0      1.54368    2.09228    0
2.46406	350311	0	199.613	0.360366	0	0	0	0	0	0	0	0	0	0	-1337.61	3.80007e+07	0	0        0   358575      0      2.09228    2.83584    0
3.33975	640869	0	199.746	0.266702	0	0	0	0	0	0	0	0	0	0	-1338.55	6.95572e+07	0	0        0   656056      0      2.83584    3.84365    0
4.52664	1174244	0	200.212	0.197468	0	0	0	0	0	0	0	0	0	0	-1341.72	1.27384e+08	0	0        0   1.20167e+06      0      3.84365    5.20962    0
6.13533	2147355	0	200.203	0.146027	0	0	0	0	0	0	0	0	0	0	-1341.54	2.3292e+08	0	0        0   2.19747e+06      0      5.20962    7.06103    0
8.31572	3912773	0	199.965	0.108081	0	0	0	0	0	0	0	0	0	0	-1339.78	4.24702e+08	0	0        0   4.00512e+06      0      7.06103    9.5704    0
11.271	7120847	0	199.92	0.0801181	0	0	0	0	0	0	0	0	0	0	-1339.53	7.73181e+08	0	0        0   7.28849e+06      0      9.5704    12.9716    0
15.2765	12941062	0	199.848	0.0594267	0	0	0	0	0	0	0	0	0	0	-1339.1	1.40596e+09	0	0        0   1.32454e+07      0      12.9716    17.5814    0
20.7055	23446162	0	199.765	0.0441423	0	0	0	0	0	0	0	0	0	0	-1338.68	2.54867e+09	0	0        0   2.39939e+07      0      17.5814    23.8296    0
28.0639	42331237	0	199.771	0.0328681	0	0	0	0	0	0	0	0	0	0	-1338.63	4.605e+09	0	0        0   4.33207e+07      0      23.8296    32.2982    0
38.0373	76077697	0	199.795	0.0245347	0	0	0	0	0	0	0	0	0	0	-1338.83	8.28422e+09	0	0        0   7.78492e+07      0      32.2982    43.7764    0
51.5551	135778375	0	199.729	0.0183696	0	0	0	0	0	0	0	0	0	0	-1338.2	1.47968e+10	0	0        0   1.38939e+08      0      43.7764    59.3338    0
69.8769	240367410	0	199.814	0.0138204	0	0	0	0	0	0	0	0	0	0	-1338.58	2.62124e+10	0	0        0   2.4596e+08      0      59.3338    80.42    0
94.7099	420352534	0	199.905	0.0104629	0	0	0	0	0	0	0	0	0	0	-1339.07	4.58819e+10	0	0        0   4.30128e+08      0      80.42    109    0
