# 1bin_value	2data_points	3sqrt(data_points)	4W	5W_err	6e+	7e+_err	8eX 9eX_err	10e++ 	11e++_err		12eXX	13eXX_err		14e+X	15e+X_err 	16theta          17theta_err       17num_den	18num_err 19LS_err     20wt_num     21wt_num_err  22r_low   23r_high 24sig_crit
0.117769	8572	0	200	0	0	0	0	0	0	0	0	0	0	0	0	0	0	0        0   8572      0      0.1    0.135538    0
0.159622	15479	0	200	0	0	0	0	0	0	0	0	0	0	0	0	0	0	0        0   15479      0      0.135538    0.183706    0
0.216349	28004	0	200	0	0	0	0	0	0	0	0	0	0	0	0	0	0	0        0   28004      0      0.183706    0.248992    0
0.293236	51012	0	200	0	0	0	0	0	0	0	0	0	0	0	0	0	0	0        0   51012      0      0.248992    0.33748    0
0.397447	95023	0	200	0	0	0	0	0	0	0	0	0	0	0	0	0	0	0        0   95023      0      0.33748    0.457415    0
0.538693	170882	0	200	0	0	0	0	0	0	0	0	0	0	0	0	0	0	0        0   170882      0      0.457415    0.619972    0
0.730136	315029	0	200	0	0	0	0	0	0	0	0	0	0	0	0	0	0	0        0   315029      0      0.619972    0.8403    0
0.989614	574462	0	200	0	0	0	0	0	0	0	0	0	0	0	0	0	0	0        0   574462      0      0.8403    1.13893    0
1.34131	1051337	0	200	0	0	0	0	0	0	0	0	0	0	0	0	0	0	0        0   1.05134e+06      0      1.13893    1.54368    0
1.81798	1924041	0	200	0	0	0	0	0	0	0	0	0	0	0	0	0	0	0        0   1.92404e+06      0      1.54368    2.09228    0
2.46406	3510750	0	200	0	0	0	0	0	0	0	0	0	0	0	0	0	0	0        0   3.51075e+06      0      2.09228    2.83584    0
3.33975	6420685	0	200	0	0	0	0	0	0	0	0	0	0	0	0	0	0	0        0   6.42068e+06      0      2.83584    3.84365    0
4.52664	11734420	0	200	0	0	0	0	0	0	0	0	0	0	0	0	0	0	0        0   1.17344e+07      0      3.84365    5.20962    0
6.13533	21466070	0	200	0	0	0	0	0	0	0	0	0	0	0	0	0	0	0        0   2.14661e+07      0      5.20962    7.06103    0
8.31572	39179749	0	200	0	0	0	0	0	0	0	0	0	0	0	0	0	0	0        0   3.91797e+07      0      7.06103    9.5704    0
11.271	71340085	0	200	0	0	0	0	0	0	0	0	0	0	0	0	0	0	0        0   7.13401e+07      0      9.5704    12.9716    0
15.2765	129752986	0	200	0	0	0	0	0	0	0	0	0	0	0	0	0	0	0        0   1.29753e+08      0      12.9716    17.5814    0
20.7055	235296564	0	200	0	0	0	0	0	0	0	0	0	0	0	0	0	0	0        0   2.35297e+08      0      17.5814    23.8296    0
28.0639	425202946	0	200	0	0	0	0	0	0	0	0	0	0	0	0	0	0	0        0   4.25203e+08      0      23.8296    32.2982    0
38.0373	764824034	0	200	0	0	0	0	0	0	0	0	0	0	0	0	0	0	0        0   7.64824e+08      0      32.2982    43.7764    0
51.5551	1367065767	0	200	0	0	0	0	0	0	0	0	0	0	0	0	0	0	0        0   1.36707e+09      0      43.7764    59.3338    0
69.8769	2422645902	0	200	0	0	0	0	0	0	0	0	0	0	0	0	0	0	0        0   2.42265e+09      0      59.3338    80.42    0
94.7099	4242682235	0	200	0	0	0	0	0	0	0	0	0	0	0	0	0	0	0        0   4.24268e+09      0      80.42    109    0
