# 1bin_value	2data_points	3sqrt(data_points)	4W	5W_err	6e+	7e+_err	8eX 9eX_err	10e++ 	11e++_err		12eXX	13eXX_err		14e+X	15e+X_err 	16theta          17theta_err       17num_den	18num_err 19LS_err     20wt_num     21wt_num_err  22r_low   23r_high 24sig_crit
0.117769	907	23.4057	1886.48	91.7191	38.7385	8.44534	5.55592	8.2803	0	0	0	0	0	0	-12419	387.931	0	23.4057        0   0      0      0.1    0.135538    0
0.159622	1269	17.0641	1370.37	53.9557	40.0194	5.39131	9.80388	5.05232	0	0	0	0	0	0	-9080.5	198.726	0	17.0641        0   0      0      0.135538    0.183706    0
0.216349	1810	12.895	1020.37	34.1733	22.3149	3.5548	-3.27844	3.36123	0	0	0	0	0	0	-6751.33	115.335	0	12.895        0   0      0      0.183706    0.248992    0
0.293236	2748	9.22965	829.598	23.041	16.6156	2.49472	0.0189008	2.36703	0	0	0	0	0	0	-5537.72	73.0581	0	9.22965        0   0      0      0.248992    0.33748    0
0.397447	4095	6.21222	646.068	14.9675	11.1537	1.61863	-0.105484	1.60692	0	0	0	0	0	0	-4207.8	41.6802	0	6.21222        0   0      0      0.33748    0.457415    0
0.538693	5475	4.70784	427.829	9.39746	8.43199	1.05724	-2.7451	1.03836	0	0	0	0	0	0	-2821.45	22.6651	0	4.70784        0   0      0      0.457415    0.619972    0
0.730136	7819	3.51746	281.603	6.01066	3.97693	0.689115	0.67331	0.690777	0	0	0	0	0	0	-1857.9	12.4122	0	3.51746        0   0      0      0.619972    0.8403    0
0.989614	11937	2.57003	204.429	4.0715	2.73561	0.475598	-0.238403	0.469192	0	0	0	0	0	0	-1339.98	7.33243	0	2.57003        0   0      0      0.8403    1.13893    0
1.34131	18320	1.93099	141.353	2.77084	1.29906	0.324772	0.269598	0.323806	0	0	0	0	0	0	-911.589	4.6724	0	1.93099        0   0      0      1.13893    1.54368    0
1.81798	30219	1.44025	109.204	1.95191	1.0245	0.229097	-0.0212313	0.22794	0	0	0	0	0	0	-696.886	3.09817	0	1.44025        0   0      0      1.54368    2.09228    0
2.46406	52294	1.05742	93.0754	1.4094	0.882334	0.164435	0.0822705	0.165826	0	0	0	0	0	0	-594.693	2.15023	0	1.05742        0   0      0      2.09228    2.83584    0
3.33975	88421	0.789189	71.81	1.0096	0.833524	0.118479	-0.0572389	0.117725	0	0	0	0	0	0	-454.159	1.5036	0	0.789189        0   0      0      2.83584    3.84365    0
4.52664	152175	0.585106	55.5141	0.728631	0.745212	0.0853388	-0.00753267	0.085032	0	0	0	0	0	0	-347.152	1.05991	0	0.585106        0   0      0      3.84365    5.20962    0
6.13533	263356	0.435175	42.4515	0.526987	0.582923	0.0614299	-0.00499818	0.0614324	0	0	0	0	0	0	-259.888	0.756623	0	0.435175        0   0      0      5.20962    7.06103    0
8.31572	459859	0.322835	32.3778	0.383251	0.436771	0.0448113	0.123808	0.0446693	0	0	0	0	0	0	-190.796	0.541247	0	0.322835        0   0      0      7.06103    9.5704    0
11.271	801394	0.240983	22.7494	0.279272	0.327638	0.0325934	0.0351027	0.0325706	0	0	0	0	0	0	-126.637	0.392558	0	0.240983        0   0      0      9.5704    12.9716    0
15.2765	1414683	0.179459	16.5493	0.204935	0.225257	0.0239158	0.01455	0.0239218	0	0	0	0	0	0	-84.4729	0.289321	0	0.179459        0   0      0      12.9716    17.5814    0
20.7055	2496532	0.134103	11.0869	0.150781	0.264931	0.0175772	0.0615713	0.0175837	0	0	0	0	0	0	-47.2713	0.214071	0	0.134103        0   0      0      17.5814    23.8296    0
28.0639	4417121	0.100395	7.00548	0.111459	0.193696	0.0130084	0.0160811	0.0129965	0	0	0	0	0	0	-19.9114	0.160789	0	0.100395        0   0      0      23.8296    32.2982    0
38.0373	7810766	0.0753032	3.96723	0.0827485	0.128259	0.00964896	0.00893059	0.00965784	0	0	0	0	0	0	0.100565	0.121124	0	0.0753032        0   0      0      32.2982    43.7764    0
51.5551	13758215	0.0566636	1.52911	0.0617177	0.0640199	0.00719189	0.00968939	0.00720243	0	0	0	0	0	0	17.3788	0.0922064	0	0.0566636        0   0      0      43.7764    59.3338    0
69.8769	24177443	0.0427144	0.264889	0.0463318	0.0372152	0.00540101	0.00669542	0.00540647	0	0	0	0	0	0	25.5884	0.0703375	0	0.0427144        0   0      0      59.3338    80.42    0
94.7099	42195501	0.0323235	-0.291494	0.0350509	0.0301837	0.00408521	-0.00730499	0.00408895	0	0	0	0	0	0	28.5987	0.0538159	0	0.0323235        0   0      0      80.42    109    0
