# 1bin_value	2data_points	3sqrt(data_points)	4W	5W_err	6e+	7e+_err	8eX 9eX_err	10e++ 	11e++_err		12eXX	13eXX_err		14e+X	15e+X_err 	16theta          17theta_err       17num_den	18num_err 19LS_err     20wt_num     21wt_num_err  22r_low   23r_high 24sig_crit
0.117769	824	0	194	7.27141	0	0	0	0	0	0	0	0	0	0	-1287.21	89934.3	0	0        0   852      0      0.1    0.135538    0
0.159622	1580	0	204.557	5.49195	0	0	0	0	0	0	0	0	0	0	-1369.74	171363	0	0        0   1619      0      0.135538    0.183706    0
0.216349	2845	0	203.472	4.09	0	0	0	0	0	0	0	0	0	0	-1359.23	309433	0	0        0   2914      0      0.183706    0.248992    0
0.293236	5177	0	203.361	3.01896	0	0	0	0	0	0	0	0	0	0	-1362.22	560718	0	0        0   5299      0      0.248992    0.33748    0
0.397447	9379	0	196.95	2.16729	0	0	0	0	0	0	0	0	0	0	-1320.98	1.01492e+06	0	0        0   9584      0      0.33748    0.457415    0
0.538693	16994	0	198.99	1.63098	0	0	0	0	0	0	0	0	0	0	-1334.91	1.84932e+06	0	0        0   17396      0      0.457415    0.619972    0
0.730136	31643	0	201.189	1.20892	0	0	0	0	0	0	0	0	0	0	-1347.69	3.4377e+06	0	0        0   32444      0      0.619972    0.8403    0
0.989614	57771	0	201.043	0.893024	0	0	0	0	0	0	0	0	0	0	-1347.51	6.25747e+06	0	0        0   59119      0      0.8403    1.13893    0
1.34131	104705	0	199.235	0.657015	0	0	0	0	0	0	0	0	0	0	-1334.26	1.13261e+07	0	0        0   107224      0      1.13893    1.54368    0
1.81798	192105	0	199.663	0.486066	0	0	0	0	0	0	0	0	0	0	-1337.75	2.07789e+07	0	0        0   196595      0      1.54368    2.09228    0
2.46406	351015	0	200.002	0.360345	0	0	0	0	0	0	0	0	0	0	-1339.95	3.80007e+07	0	0        0   359357      0      2.09228    2.83584    0
3.33975	641955	0	200.083	0.266683	0	0	0	0	0	0	0	0	0	0	-1340.52	6.95572e+07	0	0        0   657308      0      2.83584    3.84365    0
4.52664	1176207	0	200.547	0.197448	0	0	0	0	0	0	0	0	0	0	-1343.67	1.27384e+08	0	0        0   1.20398e+06      0      3.84365    5.20962    0
6.13533	2151193	0	200.566	0.146014	0	0	0	0	0	0	0	0	0	0	-1343.59	2.3292e+08	0	0        0   2.20197e+06      0      5.20962    7.06103    0
8.31572	3919473	0	200.311	0.108075	0	0	0	0	0	0	0	0	0	0	-1341.79	4.24702e+08	0	0        0   4.0129e+06      0      7.06103    9.5704    0
11.271	7132495	0	200.27	0.0801193	0	0	0	0	0	0	0	0	0	0	-1341.54	7.73181e+08	0	0        0   7.30225e+06      0      9.5704    12.9716    0
15.2765	12961111	0	200.214	0.0594359	0	0	0	0	0	0	0	0	0	0	-1341.19	1.40596e+09	0	0        0   1.32697e+07      0      12.9716    17.5814    0
20.7055	23477925	0	200.124	0.0441562	0	0	0	0	0	0	0	0	0	0	-1340.71	2.54867e+09	0	0        0   2.40332e+07      0      17.5814    23.8296    0
28.0639	42378576	0	200.148	0.0328891	0	0	0	0	0	0	0	0	0	0	-1340.79	4.605e+09	0	0        0   4.33818e+07      0      23.8296    32.2982    0
38.0373	76129907	0	200.199	0.024564	0	0	0	0	0	0	0	0	0	0	-1341.12	8.28422e+09	0	0        0   7.7927e+07      0      32.2982    43.7764    0
51.5551	135757108	0	200.136	0.018407	0	0	0	0	0	0	0	0	0	0	-1340.49	1.47968e+10	0	0        0   1.38964e+08      0      43.7764    59.3338    0
69.8769	240064872	0	200.17	0.0138599	0	0	0	0	0	0	0	0	0	0	-1340.53	2.62124e+10	0	0        0   2.45734e+08      0      59.3338    80.42    0
94.7099	419510337	0	200.241	0.0104992	0	0	0	0	0	0	0	0	0	0	-1340.84	4.58819e+10	0	0        0   4.29417e+08      0      80.42    109    0
