# 1bin_value	2data_points	3sqrt(data_points)	4W	5W_err	6e+	7e+_err	8eX 9eX_err	10e++ 	11e++_err		12eXX	13eXX_err		14e+X	15e+X_err 	16theta          17theta_err       17num_den	18num_err 19LS_err     20wt_num     21wt_num_err  22r_low   23r_high 24sig_crit
0.117769	863	0	202.051	7.27438	-0.388276	0.869488	0.110538	0.84517	0	0	0	0	0	0	-58783.9	17.0675	0	0        0   863      0      0.1    0.135538    0
0.159622	1495	0	193.307	5.26849	0.286799	0.618271	-1.06023	0.590847	0	0	0	0	0	0	-102415	12.1796	0	0        0   1495      0      0.135538    0.183706    0
0.216349	2716	0	193.817	3.92491	0.430051	0.452576	0.0749234	0.445953	0	0	0	0	0	0	-186805	9.15123	0	0        0   2716      0      0.183706    0.248992    0
0.293236	5080	0	199.43	2.95356	0.353261	0.343094	0.682802	0.34719	0	0	0	0	0	0	-347471	6.89734	0	0        0   5080      0      0.248992    0.33748    0
0.397447	9224	0	194.141	2.13346	-0.0793983	0.251633	0.272802	0.250867	0	0	0	0	0	0	-631498	4.97557	0	0        0   9224      0      0.33748    0.457415    0
0.538693	16713	0	195.629	1.59629	-0.124112	0.188495	0.243396	0.188177	0	0	0	0	0	0	-1.14721e+06	3.72471	0	0        0   16713      0      0.457415    0.619972    0
0.730136	31102	0	197.318	1.18077	-0.0126771	0.139387	0.171435	0.137948	0	0	0	0	0	0	-2.13412e+06	2.76782	0	0        0   31102      0      0.619972    0.8403    0
0.989614	57194	0	199.041	0.878658	0.151581	0.102923	0.0663175	0.103329	0	0	0	0	0	0	-3.9223e+06	2.06378	0	0        0   57194      0      0.8403    1.13893    0
1.34131	104843	0	199.453	0.650207	-0.0127501	0.076516	0.134982	0.0763519	0	0	0	0	0	0	-7.18699e+06	1.52451	0	0        0   104843      0      1.13893    1.54368    0
1.81798	190942	0	198.546	0.47969	-0.0758764	0.0563818	0.0166483	0.0564554	0	0	0	0	0	0	-1.31022e+07	1.12536	0	0        0   190942      0      1.54368    2.09228    0
2.46406	349006	0	198.827	0.355256	0.00810532	0.0417553	-0.0169918	0.041762	0	0	0	0	0	0	-2.39331e+07	0.832842	0	0        0   349006      0      2.09228    2.83584    0
3.33975	638124	0	198.801	0.262689	0.0355353	0.0308984	0.0144508	0.0309182	0	0	0	0	0	0	-4.37602e+07	0.615988	0	0        0   638124      0      2.83584    3.84365    0
4.52664	1170601	0	199.55	0.194732	-0.0230579	0.0229033	0.0184483	0.0228653	0	0	0	0	0	0	-8.02872e+07	0.457527	0	0        0   1.1706e+06      0      3.84365    5.20962    0
6.13533	2140507	0	199.498	0.143984	0.0168934	0.0169149	-0.0141299	0.0169128	0	0	0	0	0	0	-1.46779e+08	0.338509	0	0        0   2.14051e+06      0      5.20962    7.06103    0
8.31572	3911725	0	199.771	0.106679	0.00681768	0.0125506	0.0113479	0.0125421	0	0	0	0	0	0	-2.68263e+08	0.251216	0	0        0   3.91172e+06      0      7.06103    9.5704    0
11.271	7126739	0	199.933	0.0791131	-0.000863159	0.00930134	-0.0271798	0.00929819	0	0	0	0	0	0	-4.88722e+08	0.186555	0	0        0   7.12674e+06      0      9.5704    12.9716    0
15.2765	12969334	0	200.118	0.0587149	0.00293299	0.00689947	0.00191868	0.00689769	0	0	0	0	0	0	-8.89303e+08	0.138708	0	0        0   1.29693e+07      0      12.9716    17.5814    0
20.7055	23526884	0	200.282	0.0436457	-0.00558725	0.00512777	-0.00514818	0.00512987	0	0	0	0	0	0	-1.61314e+09	0.103392	0	0        0   2.35269e+07      0      17.5814    23.8296    0
28.0639	42499149	0	200.342	0.0325001	0.00545884	0.00382078	0.00208235	0.00382082	0	0	0	0	0	0	-2.91404e+09	0.0772658	0	0        0   4.24991e+07      0      23.8296    32.2982    0
38.0373	76356380	0	200.296	0.0242553	0.00833724	0.00285086	-0.00378747	0.0028511	0	0	0	0	0	0	-5.23504e+09	0.0578972	0	0        0   7.63564e+07      0      32.2982    43.7764    0
51.5551	136367393	0	200.361	0.0181684	0.00280587	0.00213499	0.00496879	0.00213572	0	0	0	0	0	0	-9.34855e+09	0.0435728	0	0        0   1.36367e+08      0      43.7764    59.3338    0
69.8769	241335325	0	200.355	0.0136662	0.0185082	0.00160584	0.00483387	0.00160649	0	0	0	0	0	0	-1.6543e+10	0.0329164	0	0        0   2.41335e+08      0      59.3338    80.42    0
94.7099	422348506	0	200.488	0.010343	0.0348201	0.00121485	0.00457809	0.00121626	0	0	0	0	0	0	-2.89478e+10	0.0249871	0	0        0   4.22349e+08      0      80.42    109    0
