# 1bin_value	2data_points	3sqrt(data_points)	4W	5W_err	6e+	7e+_err	8eX 9eX_err	10e++ 	11e++_err		12eXX	13eXX_err		14e+X	15e+X_err 	16theta          17theta_err       17num_den	18num_err 19LS_err     20wt_num     21wt_num_err  22r_low   23r_high 24sig_crit
0.117769	917	23.2723	1902.65	91.308	36.8435	8.4001	4.89634	8.25155	0	0	0	0	0	0	-12512	382.857	0	23.2723        0   0      0      0.1    0.135538    0
0.159622	1278	17.0322	1377.3	54.0295	40.3612	5.38405	9.12668	5.05028	0	0	0	0	0	0	-9137.41	198.242	0	17.0322        0   0      0      0.135538    0.183706    0
0.216349	1802	12.9434	1013.44	34.1279	21.6174	3.55735	-3.26235	3.36167	0	0	0	0	0	0	-6709.87	115.593	0	12.9434        0   0      0      0.183706    0.248992    0
0.293236	2764	9.16455	832.422	22.9874	16.4002	2.48899	0.303247	2.36066	0	0	0	0	0	0	-5556.54	72.2448	0	9.16455        0   0      0      0.248992    0.33748    0
0.397447	4137	6.16704	651.86	14.9512	11.58	1.61495	-0.32041	1.60388	0	0	0	0	0	0	-4250.11	40.8158	0	6.16704        0   0      0      0.33748    0.457415    0
0.538693	5516	4.71459	431.581	9.40729	8.48756	1.05716	-2.64223	1.03829	0	0	0	0	0	0	-2841.57	22.4053	0	4.71459        0   0      0      0.457415    0.619972    0
0.730136	7857	3.51223	282.783	6.01255	4.05136	0.688973	0.755493	0.690637	0	0	0	0	0	0	-1865.99	12.1998	0	3.51223        0   0      0      0.619972    0.8403    0
0.989614	11959	2.56834	204.368	4.07162	2.74329	0.475546	-0.115266	0.469147	0	0	0	0	0	0	-1338.12	7.2636	0	2.56834        0   0      0      0.8403    1.13893    0
1.34131	18449	1.92576	142.947	2.7702	1.28106	0.324633	0.248776	0.323661	0	0	0	0	0	0	-920.199	4.45489	0	1.92576        0   0      0      1.13893    1.54368    0
1.81798	30349	1.43816	109.471	1.9512	1.01152	0.228991	-0.039597	0.22783	0	0	0	0	0	0	-698.239	3.00382	0	1.43816        0   0      0      1.54368    2.09228    0
2.46406	52562	1.05502	93.7249	1.4088	0.861057	0.164355	0.0835699	0.165739	0	0	0	0	0	0	-597.196	2.05872	0	1.05502        0   0      0      2.09228    2.83584    0
3.33975	88894	0.787747	72.3476	1.0091	0.859548	0.118404	-0.0849464	0.117654	0	0	0	0	0	0	-456.275	1.43589	0	0.787747        0   0      0      2.83584    3.84365    0
4.52664	152850	0.584095	55.7637	0.728091	0.748949	0.0852675	0.00715584	0.0849624	0	0	0	0	0	0	-347.021	1.01747	0	0.584095        0   0      0      3.84365    5.20962    0
6.13533	264653	0.434193	42.6747	0.526569	0.599517	0.0613758	-0.0145693	0.0613793	0	0	0	0	0	0	-259.941	0.720548	0	0.434193        0   0      0      5.20962    7.06103    0
8.31572	461790	0.322233	32.384	0.382874	0.435434	0.0447649	0.132181	0.0446227	0	0	0	0	0	0	-189.014	0.518526	0	0.322233        0   0      0      7.06103    9.5704    0
11.271	805107	0.240467	22.7785	0.278943	0.327762	0.0325532	0.0369376	0.0325305	0	0	0	0	0	0	-124.917	0.374493	0	0.240467        0   0      0      9.5704    12.9716    0
15.2765	1422102	0.179018	16.6035	0.204649	0.219324	0.023881	0.0119484	0.023887	0	0	0	0	0	0	-82.7964	0.274165	0	0.179018        0   0      0      12.9716    17.5814    0
20.7055	2509938	0.133751	11.0669	0.150531	0.266291	0.0175471	0.0649631	0.0175535	0	0	0	0	0	0	-44.9266	0.202571	0	0.133751        0   0      0      17.5814    23.8296    0
28.0639	4444483	0.100084	7.04276	0.111237	0.189034	0.0129817	0.0236625	0.0129699	0	0	0	0	0	0	-17.5949	0.150901	0	0.100084        0   0      0      23.8296    32.2982    0
38.0373	7866049	0.075036	4.01357	0.0825574	0.131121	0.00962604	0.0162488	0.00963489	0	0	0	0	0	0	2.61299	0.112888	0	0.075036        0   0      0      32.2982    43.7764    0
51.5551	13873553	0.0564243	1.58728	0.0615729	0.0630293	0.00717441	0.00750543	0.00718492	0	0	0	0	0	0	19.7624	0.0850602	0	0.0564243        0   0      0      43.7764    59.3338    0
69.8769	24403771	0.0425137	0.330624	0.0462546	0.0384155	0.00539141	0.00534174	0.00539685	0	0	0	0	0	0	27.8789	0.0645781	0	0.0425137        0   0      0      59.3338    80.42    0
94.7099	42588808	0.0321727	-0.130985	0.0350502	0.030598	0.00408458	-0.00981757	0.00408832	0	0	0	0	0	0	30.3096	0.0496919	0	0.0321727        0   0      0      80.42    109    0
