# 1bin_value	2data_points	3sqrt(data_points)	4W	5W_err	6e+	7e+_err	8eX 9eX_err	10e++ 	11e++_err		12eXX	13eXX_err		14e+X	15e+X_err 	16theta          17theta_err       17num_den	18num_err 19LS_err     20wt_num     21wt_num_err  22r_low   23r_high 24sig_crit
0.117769	919	23.2694	1899.75	91.233	36.5818	8.39904	4.28444	8.24996	0	0	0	0	0	0	-12527.1	382.542	0	23.2694        0   0      0      0.1    0.135538    0
0.159622	1281	17.0657	1380.12	53.9904	40.8894	5.38044	9.51366	5.04504	0	0	0	0	0	0	-9154.48	197.819	0	17.0657        0   0      0      0.135538    0.183706    0
0.216349	1819	12.9536	1024.96	34.197	22.3313	3.55411	-3.12396	3.35903	0	0	0	0	0	0	-6788.05	114.999	0	12.9536        0   0      0      0.183706    0.248992    0
0.293236	2771	9.1245	833.651	22.9868	16.8588	2.48607	0.321692	2.35942	0	0	0	0	0	0	-5567.28	72.1155	0	9.1245        0   0      0      0.248992    0.33748    0
0.397447	4152	6.15774	653.734	14.9402	11.3212	1.61346	-0.280047	1.60148	0	0	0	0	0	0	-4261.19	40.6195	0	6.15774        0   0      0      0.33748    0.457415    0
0.538693	5530	4.70748	431.494	9.39061	8.3259	1.05522	-2.51972	1.03644	0	0	0	0	0	0	-2843.55	22.1781	0	4.70748        0   0      0      0.457415    0.619972    0
0.730136	7891	3.50695	283.656	6.0018	4.18761	0.687621	0.691937	0.689397	0	0	0	0	0	0	-1873.7	11.9427	0	3.50695        0   0      0      0.619972    0.8403    0
0.989614	12011	2.56215	205.146	4.06516	2.77739	0.474731	-0.255087	0.468361	0	0	0	0	0	0	-1343.56	7.05597	0	2.56215        0   0      0      0.8403    1.13893    0
1.34131	18519	1.92269	143.342	2.76659	1.26718	0.324181	0.208854	0.323208	0	0	0	0	0	0	-923.559	4.3235	0	1.92269        0   0      0      1.13893    1.54368    0
1.81798	30491	1.43445	110.092	1.94838	1.0461	0.228639	-0.0618747	0.227482	0	0	0	0	0	0	-703.013	2.88588	0	1.43445        0   0      0      1.54368    2.09228    0
2.46406	52730	1.05336	93.7409	1.40664	0.865829	0.164093	0.0830482	0.165478	0	0	0	0	0	0	-598.712	1.99303	0	1.05336        0   0      0      2.09228    2.83584    0
3.33975	89187	0.786305	72.42	1.00738	0.849174	0.118201	-0.0506716	0.11745	0	0	0	0	0	0	-457.99	1.38717	0	0.786305        0   0      0      2.83584    3.84365    0
4.52664	153577	0.582825	56.1414	0.726909	0.741757	0.0851249	-0.00155165	0.0848194	0	0	0	0	0	0	-350.687	0.967657	0	0.582825        0   0      0      3.84365    5.20962    0
6.13533	265755	0.433352	42.8017	0.525567	0.587278	0.0612564	-0.00751438	0.0612599	0	0	0	0	0	0	-261.767	0.687736	0	0.433352        0   0      0      5.20962    7.06103    0
8.31572	463685	0.321581	32.4356	0.382116	0.435663	0.0446743	0.131701	0.0445326	0	0	0	0	0	0	-190.463	0.494516	0	0.321581        0   0      0      7.06103    9.5704    0
11.271	808309	0.24	22.7394	0.278316	0.331789	0.0324789	0.0373067	0.0324562	0	0	0	0	0	0	-125.785	0.357349	0	0.24        0   0      0      9.5704    12.9716    0
15.2765	1428256	0.178637	16.5195	0.204114	0.226057	0.0238177	0.0100939	0.0238237	0	0	0	0	0	0	-83.4647	0.260474	0	0.178637        0   0      0      12.9716    17.5814    0
20.7055	2522950	0.133409	11.0204	0.150058	0.264735	0.0174913	0.0608974	0.0174977	0	0	0	0	0	0	-45.9689	0.1905	0	0.133409        0   0      0      17.5814    23.8296    0
28.0639	4472576	0.0997745	7.01848	0.110806	0.192745	0.0129309	0.0226595	0.0129191	0	0	0	0	0	0	-19.2206	0.140124	0	0.0997745        0   0      0      23.8296    32.2982    0
38.0373	7924510	0.0747629	3.95499	0.0821519	0.130722	0.00957833	0.0128765	0.00958714	0	0	0	0	0	0	1.02415	0.103474	0	0.0747629        0   0      0      32.2982    43.7764    0
51.5551	13992671	0.0561867	1.50866	0.0611764	0.0647619	0.00712792	0.00973074	0.00713836	0	0	0	0	0	0	18.2233	0.0769289	0	0.0561867        0   0      0      43.7764    59.3338    0
69.8769	24645162	0.042307	0.239415	0.0458635	0.0385095	0.00534567	0.00293805	0.00535107	0	0	0	0	0	0	26.4586	0.057479	0	0.042307        0   0      0      59.3338    80.42    0
94.7099	43071096	0.0319935	-0.216256	0.0346714	0.0324607	0.00404038	-0.00918866	0.00404408	0	0	0	0	0	0	28.9783	0.0435106	0	0.0319935        0   0      0      80.42    109    0
