# 1bin_value	2data_points	3sqrt(data_points)	4W	5W_err	6e+	7e+_err	8eX 9eX_err	10e++ 	11e++_err		12eXX	13eXX_err		14e+X	15e+X_err 	16theta          17theta_err       17num_den	18num_err 19LS_err     20wt_num     21wt_num_err  22r_low   23r_high 24sig_crit
0.117769	873	0	203.761	7.25669	-0.279861	0.866645	0.122981	0.841805	0	0	0	0	0	0	-59435.9	16.4319	0	0        0   873      0      0.1    0.135538    0
0.159622	1501	0	193.845	5.26431	0.259517	0.61777	-1.09277	0.5901	0	0	0	0	0	0	-102868	11.9726	0	0        0   1501      0      0.135538    0.183706    0
0.216349	2748	0	196.165	3.93041	0.505095	0.452684	0.0815085	0.446127	0	0	0	0	0	0	-188934	8.83263	0	0        0   2748      0      0.183706    0.248992    0
0.293236	5118	0	201.038	2.95771	0.374173	0.343321	0.732982	0.3474	0	0	0	0	0	0	-350238	6.7233	0	0        0   5118      0      0.248992    0.33748    0
0.397447	9325	0	196.501	2.13856	-0.00892066	0.251956	0.233719	0.251188	0	0	0	0	0	0	-638410	4.81938	0	0        0   9325      0      0.33748    0.457415    0
0.538693	16863	0	197.499	1.59855	-0.0885928	0.188609	0.25305	0.188293	0	0	0	0	0	0	-1.15741e+06	3.62342	0	0        0   16863      0      0.457415    0.619972    0
0.730136	31386	0	199.361	1.18332	-0.0368168	0.139563	0.180963	0.138116	0	0	0	0	0	0	-2.15352e+06	2.69553	0	0        0   31386      0      0.619972    0.8403    0
0.989614	57727	0	201.05	0.880145	0.141523	0.103002	0.0471361	0.103409	0	0	0	0	0	0	-3.95908e+06	2.00613	0	0        0   57727      0      0.8403    1.13893    0
1.34131	105732	0	201.251	0.651078	-0.0193524	0.0765557	0.13037	0.0763908	0	0	0	0	0	0	-7.24809e+06	1.48547	0	0        0   105732      0      1.13893    1.54368    0
1.81798	192685	0	200.51	0.480483	-0.0648613	0.0564246	0.0257085	0.0564979	0	0	0	0	0	0	-1.32202e+07	1.09591	0	0        0   192685      0      1.54368    2.09228    0
2.46406	352064	0	200.739	0.355871	0.00487899	0.0417912	-0.0201452	0.041798	0	0	0	0	0	0	-2.41426e+07	0.811486	0	0        0   352064      0      2.09228    2.83584    0
3.33975	643695	0	200.73	0.263175	0.0372927	0.0309284	0.0147549	0.0309482	0	0	0	0	0	0	-4.41424e+07	0.600316	0	0        0   643695      0      2.83584    3.84365    0
4.52664	1180916	0	201.492	0.195083	-0.0194973	0.0229244	0.0188815	0.0228863	0	0	0	0	0	0	-8.09936e+07	0.445881	0	0        0   1.18092e+06      0      3.84365    5.20962    0
6.13533	2159785	0	201.465	0.144236	0.0131851	0.0169294	-0.0165992	0.0169273	0	0	0	0	0	0	-1.48102e+08	0.329615	0	0        0   2.15978e+06      0      5.20962    7.06103    0
8.31572	3947426	0	201.783	0.106878	0.00583138	0.0125624	0.0128581	0.0125539	0	0	0	0	0	0	-2.7071e+08	0.244605	0	0        0   3.94743e+06      0      7.06103    9.5704    0
11.271	7192617	0	201.978	0.079265	-0.00295947	0.00931053	-0.024485	0.00930737	0	0	0	0	0	0	-4.93241e+08	0.181595	0	0        0   7.19262e+06      0      9.5704    12.9716    0
15.2765	13089583	0	202.191	0.0588339	0.00487383	0.00690693	0.00323398	0.00690515	0	0	0	0	0	0	-8.97561e+08	0.135037	0	0        0   1.30896e+07      0      12.9716    17.5814    0
20.7055	23751234	0	202.44	0.0437427	-0.00390608	0.00513412	-0.0049846	0.00513622	0	0	0	0	0	0	-1.62856e+09	0.100618	0	0        0   2.37512e+07      0      17.5814    23.8296    0
28.0639	42925372	0	202.644	0.0325814	0.00601195	0.00382634	0.00116143	0.00382638	0	0	0	0	0	0	-2.94332e+09	0.0751255	0	0        0   4.29254e+07      0      23.8296    32.2982    0
38.0373	77174255	0	202.802	0.0243264	0.0115457	0.00285595	-0.00520258	0.0028562	0	0	0	0	0	0	-5.29114e+09	0.0562287	0	0        0   7.71743e+07      0      32.2982    43.7764    0
51.5551	137922145	0	203.093	0.0182313	0.00956084	0.00213973	0.00165342	0.00214045	0	0	0	0	0	0	-9.45517e+09	0.0422761	0	0        0   1.37922e+08      0      43.7764    59.3338    0
69.8769	244231578	0	203.307	0.0137216	0.0271576	0.00161018	0.00432363	0.00161084	0	0	0	0	0	0	-1.6741e+10	0.0319257	0	0        0   2.44232e+08      0      59.3338    80.42    0
94.7099	427526021	0	203.612	0.0103918	0.0400392	0.00121884	0.0062301	0.00122026	0	0	0	0	0	0	-2.92996e+10	0.0242591	0	0        0   4.27526e+08      0      80.42    109    0
