# 1bin_value	2data_points	3sqrt(data_points)	4W	5W_err	6e+	7e+_err	8eX 9eX_err	10e++ 	11e++_err		12eXX	13eXX_err		14e+X	15e+X_err 	16theta          17theta_err       17num_den	18num_err 19LS_err     20wt_num     21wt_num_err  22r_low   23r_high 24sig_crit
0.117769	921	0	2106.88	90.916	37.3192	8.35858	4.08641	8.20956	0	0	0	0	0	0	-63034	383.276	0	0        0   952      0      0.1    0.135538    0
0.159622	1280	0	1581.48	53.6582	41.4379	5.35967	7.83007	5.02378	0	0	0	0	0	0	-87919.9	198.906	0	0        0   1323      0      0.135538    0.183706    0
0.216349	1815	0	1222.98	33.7499	22.4534	3.52823	-3.18309	3.33331	0	0	0	0	0	0	-124470	115.024	0	0        0   1875      0      0.183706    0.248992    0
0.293236	2774	0	1039.92	22.6339	16.8724	2.46671	0.740969	2.33719	0	0	0	0	0	0	-191605	71.7581	0	0        0   2864      0      0.248992    0.33748    0
0.397447	4148	0	846.341	14.6493	11.4447	1.59558	-0.133136	1.58427	0	0	0	0	0	0	-285197	40.46	0	0        0   4307      0      0.33748    0.457415    0
0.538693	5525	0	628.431	9.12845	8.43011	1.04035	-2.23005	1.02132	0	0	0	0	0	0	-379563	21.9707	0	0        0   5680      0      0.457415    0.619972    0
0.730136	7879	0	483.797	5.77005	4.15136	0.674637	0.844267	0.676715	0	0	0	0	0	0	-541375	11.7338	0	0        0   8089      0      0.619972    0.8403    0
0.989614	11994	0	406.769	3.87375	2.85059	0.46418	-0.233613	0.457586	0	0	0	0	0	0	-821148	6.86028	0	0        0   12282      0      0.8403    1.13893    0
1.34131	18498	0	343.158	2.61218	1.23523	0.315572	0.349341	0.314605	0	0	0	0	0	0	-1.26888e+06	4.11757	0	0        0   18926      0      1.13893    1.54368    0
1.81798	30447	0	309.641	1.82833	0.986504	0.221979	-0.00404081	0.220771	0	0	0	0	0	0	-2.08854e+06	2.70695	0	0        0   31156      0      1.54368    2.09228    0
2.46406	52627	0	293.649	1.31503	0.911559	0.158979	0.0862208	0.160414	0	0	0	0	0	0	-3.60938e+06	1.86021	0	0        0   53779      0      2.09228    2.83584    0
3.33975	89061	0	272.662	0.937171	0.895034	0.114307	-0.0429797	0.113524	0	0	0	0	0	0	-6.11211e+06	1.27167	0	0        0   91014      0      2.83584    3.84365    0
4.52664	153250	0	257.395	0.673248	0.726168	0.0821353	0.010846	0.0818279	0	0	0	0	0	0	-1.05109e+07	0.883804	0	0        0   156597      0      3.84365    5.20962    0
6.13533	265250	0	244.139	0.484949	0.605983	0.0589903	-0.0350173	0.0589943	0	0	0	0	0	0	-1.81999e+07	0.621138	0	0        0   271087      0      5.20962    7.06103    0
8.31572	462943	0	233.919	0.351372	0.448527	0.0429548	0.139701	0.0428096	0	0	0	0	0	0	-3.17535e+07	0.440789	0	0        0   472961      0      7.06103    9.5704    0
11.271	806661	0	224.267	0.255078	0.331278	0.0311783	0.0105997	0.0311556	0	0	0	0	0	0	-5.5343e+07	0.31732	0	0        0   823968      0      9.5704    12.9716    0
15.2765	1424828	0	218.136	0.186659	0.22942	0.0228414	0.0172877	0.0228482	0	0	0	0	0	0	-9.77239e+07	0.231325	0	0        0   1.45524e+06      0      12.9716    17.5814    0
20.7055	2516071	0	212.706	0.136946	0.260507	0.0167569	0.057109	0.016763	0	0	0	0	0	0	-1.72539e+08	0.169144	0	0        0   2.56912e+06      0      17.5814    23.8296    0
28.0639	4458216	0	208.784	0.10097	0.200393	0.0123802	0.0192804	0.0123678	0	0	0	0	0	0	-3.05694e+08	0.124756	0	0        0   4.5515e+06      0      23.8296    32.2982    0
38.0373	7891928	0	205.683	0.0747772	0.147491	0.00916607	0.00786561	0.00917525	0	0	0	0	0	0	-5.41073e+08	0.0929904	0	0        0   8.05584e+06      0      32.2982    43.7764    0
51.5551	13920565	0	203.179	0.0556417	0.0759275	0.00681916	0.0124035	0.00682991	0	0	0	0	0	0	-9.5424e+08	0.0699731	0	0        0   1.42111e+07      0      43.7764    59.3338    0
69.8769	24496065	0	201.921	0.041701	0.0629254	0.00511424	0.0134404	0.00511971	0	0	0	0	0	0	-1.67889e+09	0.0528628	0	0        0   2.50042e+07      0      59.3338    80.42    0
94.7099	42790809	0	201.647	0.031521	0.0735079	0.00386535	-0.00128288	0.0038688	0	0	0	0	0	0	-2.9332e+09	0.0401708	0	0        0   4.368e+07      0      80.42    109    0
