# 1bin_value	2data_points	3sqrt(data_points)	4W	5W_err	6e+	7e+_err	8eX 9eX_err	10e++ 	11e++_err		12eXX	13eXX_err		14e+X	15e+X_err 	16theta          17theta_err       17num_den	18num_err 19LS_err     20wt_num     21wt_num_err  22r_low   23r_high 24sig_crit
0.117769	823	0	193.188	7.25604	0	0	0	0	0	0	0	0	0	0	-1281.41	89934.3	0	0        0   850      0      0.1    0.135538    0
0.159622	1573	0	203.252	5.47796	0	0	0	0	0	0	0	0	0	0	-1359.61	171363	0	0        0   1612      0      0.135538    0.183706    0
0.216349	2853	0	203.904	4.08453	0	0	0	0	0	0	0	0	0	0	-1361.52	309433	0	0        0   2924      0      0.183706    0.248992    0
0.293236	5182	0	203.053	3.01323	0	0	0	0	0	0	0	0	0	0	-1360.72	560718	0	0        0   5301      0      0.248992    0.33748    0
0.397447	9376	0	196.5	2.16275	0	0	0	0	0	0	0	0	0	0	-1317.75	1.01492e+06	0	0        0   9580      0      0.33748    0.457415    0
0.538693	17059	0	199.389	1.62832	0	0	0	0	0	0	0	0	0	0	-1337.52	1.84932e+06	0	0        0   17463      0      0.457415    0.619972    0
0.730136	31681	0	201.051	1.20691	0	0	0	0	0	0	0	0	0	0	-1347.24	3.4377e+06	0	0        0   32475      0      0.619972    0.8403    0
0.989614	57829	0	200.883	0.891366	0	0	0	0	0	0	0	0	0	0	-1346.42	6.25747e+06	0	0        0   59178      0      0.8403    1.13893    0
1.34131	104731	0	198.927	0.655882	0	0	0	0	0	0	0	0	0	0	-1332.4	1.13261e+07	0	0        0   107229      0      1.13893    1.54368    0
1.81798	192208	0	199.368	0.485088	0	0	0	0	0	0	0	0	0	0	-1336.03	2.07789e+07	0	0        0   196677      0      1.54368    2.09228    0
2.46406	351366	0	199.786	0.359613	0	0	0	0	0	0	0	0	0	0	-1338.75	3.80007e+07	0	0        0   359667      0      2.09228    2.83584    0
3.33975	643216	0	200.009	0.266091	0	0	0	0	0	0	0	0	0	0	-1340.25	6.95572e+07	0	0        0   658507      0      2.83584    3.84365    0
4.52664	1178352	0	200.424	0.196981	0	0	0	0	0	0	0	0	0	0	-1343.06	1.27384e+08	0	0        0   1.20603e+06      0      3.84365    5.20962    0
6.13533	2155110	0	200.396	0.145636	0	0	0	0	0	0	0	0	0	0	-1342.7	2.3292e+08	0	0        0   2.20566e+06      0      5.20962    7.06103    0
8.31572	3928052	0	200.166	0.10777	0	0	0	0	0	0	0	0	0	0	-1341.04	4.24702e+08	0	0        0   4.02111e+06      0      7.06103    9.5704    0
11.271	7150881	0	200.119	0.0798596	0	0	0	0	0	0	0	0	0	0	-1340.74	7.73181e+08	0	0        0   7.32002e+06      0      9.5704    12.9716    0
15.2765	13002078	0	200.072	0.0592125	0	0	0	0	0	0	0	0	0	0	-1340.47	1.40596e+09	0	0        0   1.33095e+07      0      12.9716    17.5814    0
20.7055	23568796	0	199.974	0.043957	0	0	0	0	0	0	0	0	0	0	-1339.95	2.54867e+09	0	0        0   2.41224e+07      0      17.5814    23.8296    0
28.0639	42582138	0	199.973	0.0327064	0	0	0	0	0	0	0	0	0	0	-1339.87	4.605e+09	0	0        0   4.35828e+07      0      23.8296    32.2982    0
38.0373	76598329	0	200.024	0.0243949	0	0	0	0	0	0	0	0	0	0	-1340.21	8.28422e+09	0	0        0   7.83929e+07      0      32.2982    43.7764    0
51.5551	136828451	0	199.964	0.0182491	0	0	0	0	0	0	0	0	0	0	-1339.6	1.47968e+10	0	0        0   1.40036e+08      0      43.7764    59.3338    0
69.8769	242462500	0	200.041	0.0137155	0	0	0	0	0	0	0	0	0	0	-1339.89	2.62124e+10	0	0        0   2.48148e+08      0      59.3338    80.42    0
94.7099	424416926	0	200.127	0.010373	0	0	0	0	0	0	0	0	0	0	-1340.27	4.58819e+10	0	0        0   4.34378e+08      0      80.42    109    0
