# 1bin_value	2data_points	3sqrt(data_points)	4W	5W_err	6e+	7e+_err	8eX 9eX_err	10e++ 	11e++_err		12eXX	13eXX_err		14e+X	15e+X_err 	16theta          17theta_err       17num_den	18num_err 19LS_err     20wt_num     21wt_num_err  22r_low   23r_high 24sig_crit
0.117769	826	0	194.523	7.27589	0	0	0	0	0	0	0	0	0	0	-1290.21	89934.3	0	0        0   854      0      0.1    0.135538    0
0.159622	1573	0	203.088	5.47281	0	0	0	0	0	0	0	0	0	0	-1360.02	171363	0	0        0   1612      0      0.135538    0.183706    0
0.216349	2869	0	205.017	4.08936	0	0	0	0	0	0	0	0	0	0	-1370.14	309433	0	0        0   2938      0      0.183706    0.248992    0
0.293236	5164	0	202.414	3.01284	0	0	0	0	0	0	0	0	0	0	-1356.69	560718	0	0        0   5283      0      0.248992    0.33748    0
0.397447	9393	0	197.031	2.16546	0	0	0	0	0	0	0	0	0	0	-1321.87	1.01492e+06	0	0        0   9596      0      0.33748    0.457415    0
0.538693	17050	0	199.299	1.62938	0	0	0	0	0	0	0	0	0	0	-1337.76	1.84932e+06	0	0        0   17443      0      0.457415    0.619972    0
0.730136	31653	0	201.025	1.20784	0	0	0	0	0	0	0	0	0	0	-1346.92	3.4377e+06	0	0        0   32445      0      0.619972    0.8403    0
0.989614	57855	0	201.087	0.89204	0	0	0	0	0	0	0	0	0	0	-1348.03	6.25747e+06	0	0        0   59200      0      0.8403    1.13893    0
1.34131	104743	0	199.047	0.656295	0	0	0	0	0	0	0	0	0	0	-1333.31	1.13261e+07	0	0        0   107234      0      1.13893    1.54368    0
1.81798	192217	0	199.531	0.485513	0	0	0	0	0	0	0	0	0	0	-1337.14	2.07789e+07	0	0        0   196681      0      1.54368    2.09228    0
2.46406	351359	0	199.921	0.359909	0	0	0	0	0	0	0	0	0	0	-1339.73	3.80007e+07	0	0        0   359640      0      2.09228    2.83584    0
3.33975	642800	0	200.059	0.26634	0	0	0	0	0	0	0	0	0	0	-1340.56	6.95572e+07	0	0        0   658073      0      2.83584    3.84365    0
4.52664	1177714	0	200.501	0.197187	0	0	0	0	0	0	0	0	0	0	-1343.63	1.27384e+08	0	0        0   1.20528e+06      0      3.84365    5.20962    0
6.13533	2154041	0	200.496	0.145799	0	0	0	0	0	0	0	0	0	0	-1343.42	2.3292e+08	0	0        0   2.2044e+06      0      5.20962    7.06103    0
8.31572	3926254	0	200.286	0.107897	0	0	0	0	0	0	0	0	0	0	-1341.91	4.24702e+08	0	0        0   4.01903e+06      0      7.06103    9.5704    0
11.271	7146402	0	200.24	0.0799674	0	0	0	0	0	0	0	0	0	0	-1341.59	7.73181e+08	0	0        0   7.31499e+06      0      9.5704    12.9716    0
15.2765	12992159	0	200.208	0.0593051	0	0	0	0	0	0	0	0	0	0	-1341.41	1.40596e+09	0	0        0   1.32986e+07      0      12.9716    17.5814    0
20.7055	23540528	0	200.094	0.044042	0	0	0	0	0	0	0	0	0	0	-1340.8	2.54867e+09	0	0        0   2.40917e+07      0      17.5814    23.8296    0
28.0639	42513137	0	200.102	0.0327851	0	0	0	0	0	0	0	0	0	0	-1340.78	4.605e+09	0	0        0   4.35089e+07      0      23.8296    32.2982    0
38.0373	76422436	0	200.127	0.024467	0	0	0	0	0	0	0	0	0	0	-1340.96	8.28422e+09	0	0        0   7.82058e+07      0      32.2982    43.7764    0
51.5551	136414379	0	200.036	0.0183138	0	0	0	0	0	0	0	0	0	0	-1340.18	1.47968e+10	0	0        0   1.39596e+08      0      43.7764    59.3338    0
69.8769	241505693	0	200.086	0.0137752	0	0	0	0	0	0	0	0	0	0	-1340.32	2.62124e+10	0	0        0   2.47134e+08      0      59.3338    80.42    0
94.7099	422425672	0	200.18	0.0104266	0	0	0	0	0	0	0	0	0	0	-1340.75	4.58819e+10	0	0        0   4.32266e+08      0      80.42    109    0
