# 1bin_value	2data_points	3sqrt(data_points)	4W	5W_err	6e+	7e+_err	8eX 9eX_err	10e++ 	11e++_err		12eXX	13eXX_err		14e+X	15e+X_err 	16theta          17theta_err       17num_den	18num_err 19LS_err     20wt_num     21wt_num_err  22r_low   23r_high 24sig_crit
0.117769	819	0	193.158	7.28152	0	0	0	0	0	0	0	0	0	0	-1280.55	89934.3	0	0        0   847      0      0.1    0.135538    0
0.159622	1579	0	204.287	5.48835	0	0	0	0	0	0	0	0	0	0	-1366.9	171363	0	0        0   1618      0      0.135538    0.183706    0
0.216349	2853	0	204.194	4.09011	0	0	0	0	0	0	0	0	0	0	-1363.48	309433	0	0        0   2924      0      0.183706    0.248992    0
0.293236	5171	0	202.921	3.01544	0	0	0	0	0	0	0	0	0	0	-1359.53	560718	0	0        0   5293      0      0.248992    0.33748    0
0.397447	9364	0	196.783	2.16853	0	0	0	0	0	0	0	0	0	0	-1319.26	1.01492e+06	0	0        0   9570      0      0.33748    0.457415    0
0.538693	17025	0	199.269	1.63084	0	0	0	0	0	0	0	0	0	0	-1337.08	1.84932e+06	0	0        0   17425      0      0.457415    0.619972    0
0.730136	31645	0	201.259	1.20911	0	0	0	0	0	0	0	0	0	0	-1347.97	3.4377e+06	0	0        0   32451      0      0.619972    0.8403    0
0.989614	57785	0	201.168	0.893262	0	0	0	0	0	0	0	0	0	0	-1348.29	6.25747e+06	0	0        0   59145      0      0.8403    1.13893    0
1.34131	104578	0	198.996	0.656988	0	0	0	0	0	0	0	0	0	0	-1332.65	1.13261e+07	0	0        0   107089      0      1.13893    1.54368    0
1.81798	191960	0	199.493	0.485996	0	0	0	0	0	0	0	0	0	0	-1336.77	2.07789e+07	0	0        0   196441      0      1.54368    2.09228    0
2.46406	350929	0	199.94	0.360302	0	0	0	0	0	0	0	0	0	0	-1339.52	3.80007e+07	0	0        0   359282      0      2.09228    2.83584    0
3.33975	642086	0	200.13	0.266693	0	0	0	0	0	0	0	0	0	0	-1340.81	6.95572e+07	0	0        0   657449      0      2.83584    3.84365    0
4.52664	1176229	0	200.574	0.197471	0	0	0	0	0	0	0	0	0	0	-1343.8	1.27384e+08	0	0        0   1.20402e+06      0      3.84365    5.20962    0
6.13533	2150982	0	200.571	0.146031	0	0	0	0	0	0	0	0	0	0	-1343.63	2.3292e+08	0	0        0   2.20178e+06      0      5.20962    7.06103    0
8.31572	3919335	0	200.338	0.10809	0	0	0	0	0	0	0	0	0	0	-1341.93	4.24702e+08	0	0        0   4.01291e+06      0      7.06103    9.5704    0
11.271	7133195	0	200.311	0.0801276	0	0	0	0	0	0	0	0	0	0	-1341.79	7.73181e+08	0	0        0   7.30311e+06      0      9.5704    12.9716    0
15.2765	12962478	0	200.241	0.0594372	0	0	0	0	0	0	0	0	0	0	-1341.33	1.40596e+09	0	0        0   1.32713e+07      0      12.9716    17.5814    0
20.7055	23483486	0	200.157	0.0441524	0	0	0	0	0	0	0	0	0	0	-1340.88	2.54867e+09	0	0        0   2.40395e+07      0      17.5814    23.8296    0
28.0639	42395783	0	200.169	0.0328789	0	0	0	0	0	0	0	0	0	0	-1340.89	4.605e+09	0	0        0   4.34e+07      0      23.8296    32.2982    0
38.0373	76180477	0	200.227	0.024551	0	0	0	0	0	0	0	0	0	0	-1341.28	8.28422e+09	0	0        0   7.79798e+07      0      32.2982    43.7764    0
51.5551	135884029	0	200.165	0.0183924	0	0	0	0	0	0	0	0	0	0	-1340.66	1.47968e+10	0	0        0   1.39096e+08      0      43.7764    59.3338    0
69.8769	240338137	0	200.205	0.0138462	0	0	0	0	0	0	0	0	0	0	-1340.71	2.62124e+10	0	0        0   2.46023e+08      0      59.3338    80.42    0
94.7099	420071856	0	200.309	0.0104886	0	0	0	0	0	0	0	0	0	0	-1341.24	4.58819e+10	0	0        0   4.30014e+08      0      80.42    109    0
