# 1bin_value	2data_points	3sqrt(data_points)	4W	5W_err	6e+	7e+_err	8eX 9eX_err	10e++ 	11e++_err		12eXX	13eXX_err		14e+X	15e+X_err 	16theta          17theta_err       17num_den	18num_err 19LS_err     20wt_num     21wt_num_err  22r_low   23r_high 24sig_crit
0.117769	8570	0	200	0	0	0	0	0	0	0	0	0	0	0	0	0	0	0        0   8570      0      0.1    0.135538    0
0.159622	15516	0	200	0	0	0	0	0	0	0	0	0	0	0	0	0	0	0        0   15516      0      0.135538    0.183706    0
0.216349	28005	0	200	0	0	0	0	0	0	0	0	0	0	0	0	0	0	0        0   28005      0      0.183706    0.248992    0
0.293236	50974	0	200	0	0	0	0	0	0	0	0	0	0	0	0	0	0	0        0   50974      0      0.248992    0.33748    0
0.397447	95036	0	200	0	0	0	0	0	0	0	0	0	0	0	0	0	0	0        0   95036      0      0.33748    0.457415    0
0.538693	170863	0	200	0	0	0	0	0	0	0	0	0	0	0	0	0	0	0        0   170863      0      0.457415    0.619972    0
0.730136	315058	0	200	0	0	0	0	0	0	0	0	0	0	0	0	0	0	0        0   315058      0      0.619972    0.8403    0
0.989614	574465	0	200	0	0	0	0	0	0	0	0	0	0	0	0	0	0	0        0   574465      0      0.8403    1.13893    0
1.34131	1051469	0	200	0	0	0	0	0	0	0	0	0	0	0	0	0	0	0        0   1.05147e+06      0      1.13893    1.54368    0
1.81798	1923246	0	200	0	0	0	0	0	0	0	0	0	0	0	0	0	0	0        0   1.92325e+06      0      1.54368    2.09228    0
2.46406	3510123	0	200	0	0	0	0	0	0	0	0	0	0	0	0	0	0	0        0   3.51012e+06      0      2.09228    2.83584    0
3.33975	6418808	0	200	0	0	0	0	0	0	0	0	0	0	0	0	0	0	0        0   6.41881e+06      0      2.83584    3.84365    0
4.52664	11728286	0	200	0	0	0	0	0	0	0	0	0	0	0	0	0	0	0        0   1.17283e+07      0      3.84365    5.20962    0
6.13533	21450219	0	200	0	0	0	0	0	0	0	0	0	0	0	0	0	0	0        0   2.14502e+07      0      5.20962    7.06103    0
8.31572	39141340	0	200	0	0	0	0	0	0	0	0	0	0	0	0	0	0	0        0   3.91413e+07      0      7.06103    9.5704    0
11.271	71241388	0	200	0	0	0	0	0	0	0	0	0	0	0	0	0	0	0        0   7.12414e+07      0      9.5704    12.9716    0
15.2765	129509122	0	200	0	0	0	0	0	0	0	0	0	0	0	0	0	0	0        0   1.29509e+08      0      12.9716    17.5814    0
20.7055	234692165	0	200	0	0	0	0	0	0	0	0	0	0	0	0	0	0	0        0   2.34692e+08      0      17.5814    23.8296    0
28.0639	423678053	0	200	0	0	0	0	0	0	0	0	0	0	0	0	0	0	0        0   4.23678e+08      0      23.8296    32.2982    0
38.0373	761046167	0	200	0	0	0	0	0	0	0	0	0	0	0	0	0	0	0        0   7.61046e+08      0      32.2982    43.7764    0
51.5551	1358099001	0	200	0	0	0	0	0	0	0	0	0	0	0	0	0	0	0        0   1.3581e+09      0      43.7764    59.3338    0
69.8769	2402330586	0	200	0	0	0	0	0	0	0	0	0	0	0	0	0	0	0        0   2.40233e+09      0      59.3338    80.42    0
94.7099	4199023473	0	200	0	0	0	0	0	0	0	0	0	0	0	0	0	0	0        0   4.19902e+09      0      80.42    109    0
