# 1bin_value	2data_points	3sqrt(data_points)	4W	5W_err	6e+	7e+_err	8eX 9eX_err	10e++ 	11e++_err		12eXX	13eXX_err		14e+X	15e+X_err 	16theta          17theta_err       17num_den	18num_err 19LS_err     20wt_num     21wt_num_err  22r_low   23r_high 24sig_crit
0.117769	827	0	194.751	7.27629	0	0	0	0	0	0	0	0	0	0	-1292.19	89934.3	0	0        0   855      0      0.1    0.135538    0
0.159622	1585	0	204.711	5.48038	0	0	0	0	0	0	0	0	0	0	-1370.28	171363	0	0        0   1624      0      0.135538    0.183706    0
0.216349	2853	0	204.018	4.08864	0	0	0	0	0	0	0	0	0	0	-1362.4	309433	0	0        0   2923      0      0.183706    0.248992    0
0.293236	5180	0	203.212	3.01527	0	0	0	0	0	0	0	0	0	0	-1362.16	560718	0	0        0   5301      0      0.248992    0.33748    0
0.397447	9380	0	196.833	2.16578	0	0	0	0	0	0	0	0	0	0	-1319.99	1.01492e+06	0	0        0   9584      0      0.33748    0.457415    0
0.538693	17039	0	199.256	1.62958	0	0	0	0	0	0	0	0	0	0	-1336.89	1.84932e+06	0	0        0   17438      0      0.457415    0.619972    0
0.730136	31662	0	201.204	1.20854	0	0	0	0	0	0	0	0	0	0	-1348.05	3.4377e+06	0	0        0   32459      0      0.619972    0.8403    0
0.989614	57823	0	201.152	0.892725	0	0	0	0	0	0	0	0	0	0	-1348.32	6.25747e+06	0	0        0   59176      0      0.8403    1.13893    0
1.34131	104715	0	199.132	0.656644	0	0	0	0	0	0	0	0	0	0	-1333.63	1.13261e+07	0	0        0   107225      0      1.13893    1.54368    0
1.81798	192145	0	199.582	0.485804	0	0	0	0	0	0	0	0	0	0	-1337.36	2.07789e+07	0	0        0   196620      0      1.54368    2.09228    0
2.46406	351131	0	199.92	0.360101	0	0	0	0	0	0	0	0	0	0	-1339.54	3.80007e+07	0	0        0   359444      0      2.09228    2.83584    0
3.33975	642444	0	200.041	0.266457	0	0	0	0	0	0	0	0	0	0	-1340.4	6.95572e+07	0	0        0   657724      0      2.83584    3.84365    0
4.52664	1177190	0	200.521	0.197282	0	0	0	0	0	0	0	0	0	0	-1343.65	1.27384e+08	0	0        0   1.20484e+06      0      3.84365    5.20962    0
6.13533	2152894	0	200.503	0.145867	0	0	0	0	0	0	0	0	0	0	-1343.31	2.3292e+08	0	0        0   2.20346e+06      0      5.20962    7.06103    0
8.31572	3923896	0	200.262	0.10794	0	0	0	0	0	0	0	0	0	0	-1341.63	4.24702e+08	0	0        0   4.01691e+06      0      7.06103    9.5704    0
11.271	7142838	0	200.226	0.0799947	0	0	0	0	0	0	0	0	0	0	-1341.37	7.73181e+08	0	0        0   7.31192e+06      0      9.5704    12.9716    0
15.2765	12986477	0	200.165	0.0593133	0	0	0	0	0	0	0	0	0	0	-1341.01	1.40596e+09	0	0        0   1.32937e+07      0      12.9716    17.5814    0
20.7055	23537425	0	200.058	0.0440348	0	0	0	0	0	0	0	0	0	0	-1340.39	2.54867e+09	0	0        0   2.4091e+07      0      17.5814    23.8296    0
28.0639	42522098	0	200.05	0.0327659	0	0	0	0	0	0	0	0	0	0	-1340.24	4.605e+09	0	0        0   4.35222e+07      0      23.8296    32.2982    0
38.0373	76492766	0	200.11	0.0244393	0	0	0	0	0	0	0	0	0	0	-1340.58	8.28422e+09	0	0        0   7.82871e+07      0      32.2982    43.7764    0
51.5551	136634720	0	200.037	0.0182818	0	0	0	0	0	0	0	0	0	0	-1339.86	1.47968e+10	0	0        0   1.39842e+08      0      43.7764    59.3338    0
69.8769	242111931	0	200.1	0.0137395	0	0	0	0	0	0	0	0	0	0	-1340.06	2.62124e+10	0	0        0   2.47795e+08      0      59.3338    80.42    0
94.7099	424005636	0	200.215	0.0103879	0	0	0	0	0	0	0	0	0	0	-1340.61	4.58819e+10	0	0        0   4.33963e+08      0      80.42    109    0
