# 1bin_value	2data_points	3sqrt(data_points)	4W	5W_err	6e+	7e+_err	8eX 9eX_err	10e++ 	11e++_err		12eXX	13eXX_err		14e+X	15e+X_err 	16theta          17theta_err       17num_den	18num_err 19LS_err     20wt_num     21wt_num_err  22r_low   23r_high 24sig_crit
0.117769	861	0	201.78	7.28121	-0.331439	0.870993	0.162766	0.845466	0	0	0	0	0	0	-58669.7	17.1932	0	0        0   861      0      0.1    0.135538    0
0.159622	1494	0	193.329	5.27509	0.271056	0.618955	-0.991631	0.591736	0	0	0	0	0	0	-102406	12.2006	0	0        0   1494      0      0.135538    0.183706    0
0.216349	2714	0	193.733	3.92632	0.489906	0.452713	0.146188	0.446107	0	0	0	0	0	0	-186636	9.19424	0	0        0   2714      0      0.183706    0.248992    0
0.293236	5075	0	199.539	2.9583	0.366724	0.343524	0.706992	0.347701	0	0	0	0	0	0	-347198	6.92762	0	0        0   5075      0      0.248992    0.33748    0
0.397447	9222	0	194.336	2.13652	0.016801	0.251972	0.199678	0.25121	0	0	0	0	0	0	-631347	4.9964	0	0        0   9222      0      0.33748    0.457415    0
0.538693	16709	0	195.659	1.59697	-0.125889	0.188582	0.232479	0.188266	0	0	0	0	0	0	-1.14684e+06	3.73229	0	0        0   16709      0      0.457415    0.619972    0
0.730136	31102	0	197.515	1.18204	-0.0260376	0.139529	0.177651	0.138081	0	0	0	0	0	0	-2.13386e+06	2.77476	0	0        0   31102      0      0.619972    0.8403    0
0.989614	57234	0	199.344	0.879517	0.16914	0.10301	0.0433068	0.103417	0	0	0	0	0	0	-3.92513e+06	2.06213	0	0        0   57234      0      0.8403    1.13893    0
1.34131	104816	0	199.495	0.650532	-0.0214991	0.0765529	0.143898	0.0763876	0	0	0	0	0	0	-7.18539e+06	1.52664	0	0        0   104816      0      1.13893    1.54368    0
1.81798	191160	0	198.872	0.479998	-0.0674919	0.0564094	0.02801	0.0564831	0	0	0	0	0	0	-1.31162e+07	1.12286	0	0        0   191160      0      1.54368    2.09228    0
2.46406	349183	0	199.028	0.355469	-0.00189219	0.0417765	-0.0132225	0.0417833	0	0	0	0	0	0	-2.39446e+07	0.832428	0	0        0   349183      0      2.09228    2.83584    0
3.33975	638382	0	198.988	0.262853	0.0354644	0.0309151	0.0120755	0.0309349	0	0	0	0	0	0	-4.37786e+07	0.615759	0	0        0   638382      0      2.83584    3.84365    0
4.52664	1170982	0	199.716	0.194847	-0.016498	0.0229152	0.0124687	0.0228771	0	0	0	0	0	0	-8.03109e+07	0.457635	0	0        0   1.17098e+06      0      3.84365    5.20962    0
6.13533	2141784	0	199.695	0.144055	0.0149015	0.0169218	-0.0187676	0.0169197	0	0	0	0	0	0	-1.46865e+08	0.338191	0	0        0   2.14178e+06      0      5.20962    7.06103    0
8.31572	3914744	0	199.999	0.10673	0.00915726	0.0125553	0.0115725	0.0125468	0	0	0	0	0	0	-2.68468e+08	0.250811	0	0        0   3.91474e+06      0      7.06103    9.5704    0
11.271	7133158	0	200.157	0.0791391	0.000248558	0.00930346	-0.0229884	0.0093003	0	0	0	0	0	0	-4.89158e+08	0.18614	0	0        0   7.13316e+06      0      9.5704    12.9716    0
15.2765	12983587	0	200.344	0.0587229	0.00414166	0.00689971	0.00407049	0.00689793	0	0	0	0	0	0	-8.90282e+08	0.138258	0	0        0   1.29836e+07      0      12.9716    17.5814    0
20.7055	23562945	0	200.56	0.0436453	-0.0027053	0.00512708	-0.00442427	0.00512918	0	0	0	0	0	0	-1.61562e+09	0.102894	0	0        0   2.35629e+07      0      17.5814    23.8296    0
28.0639	42596502	0	200.71	0.032491	0.00855677	0.00381908	0.00101876	0.00381912	0	0	0	0	0	0	-2.92072e+09	0.0766815	0	0        0   4.25965e+07      0      23.8296    32.2982    0
38.0373	76603159	0	200.751	0.0242372	0.0105247	0.00284815	-0.00665995	0.00284839	0	0	0	0	0	0	-5.25183e+09	0.0572599	0	0        0   7.66032e+07      0      32.2982    43.7764    0
51.5551	136947870	0	200.874	0.018142	0.00417882	0.0021314	0.000749356	0.00213212	0	0	0	0	0	0	-9.38767e+09	0.0429252	0	0        0   1.36948e+08      0      43.7764    59.3338    0
69.8769	242606186	0	200.917	0.0136363	0.0198321	0.00160192	0.00306659	0.00160257	0	0	0	0	0	0	-1.6627e+10	0.0323161	0	0        0   2.42606e+08      0      59.3338    80.42    0
94.7099	424968816	0	201.147	0.0103162	0.0347667	0.00121133	0.00347435	0.00121274	0	0	0	0	0	0	-2.91163e+10	0.0244779	0	0        0   4.24969e+08      0      80.42    109    0
