# 1bin_value	2data_points	3sqrt(data_points)	4W	5W_err	6e+	7e+_err	8eX 9eX_err	10e++ 	11e++_err		12eXX	13eXX_err		14e+X	15e+X_err 	16theta          17theta_err       17num_den	18num_err 19LS_err     20wt_num     21wt_num_err  22r_low   23r_high 24sig_crit
0.117769	908	0	2084.57	90.8588	37.9105	8.38142	3.81157	8.23583	0	0	0	0	0	0	-62059.4	384.81	0	0        0   939      0      0.1    0.135538    0
0.159622	1266	0	1561.47	53.4276	40.8612	5.3591	9.08367	5.02093	0	0	0	0	0	0	-86969.6	198.86	0	0        0   1307      0      0.135538    0.183706    0
0.216349	1796	0	1207.61	33.5669	22.6466	3.52409	-3.72022	3.32561	0	0	0	0	0	0	-123129	114.916	0	0        0   1855      0      0.183706    0.248992    0
0.293236	2732	0	1023.36	22.5418	17.0796	2.46295	0.808043	2.33574	0	0	0	0	0	0	-188735	72.5703	0	0        0   2822      0      0.248992    0.33748    0
0.397447	4119	0	840.379	14.6242	11.2753	1.5951	-0.171115	1.58327	0	0	0	0	0	0	-283102	40.8453	0	0        0   4279      0      0.33748    0.457415    0
0.538693	5461	0	621.41	9.12309	8.26724	1.0409	-2.25205	1.02156	0	0	0	0	0	0	-375266	22.6134	0	0        0   5614      0      0.457415    0.619972    0
0.730136	7817	0	480.105	5.76668	4.05485	0.674584	0.964708	0.676644	0	0	0	0	0	0	-537091	12.1093	0	0        0   8028      0      0.619972    0.8403    0
0.989614	11892	0	403.691	3.87319	3.00754	0.464192	-0.167783	0.457614	0	0	0	0	0	0	-814571	7.16162	0	0        0   12188      0      0.8403    1.13893    0
1.34131	18381	0	341.149	2.61182	1.28541	0.315544	0.37249	0.314612	0	0	0	0	0	0	-1.26122e+06	4.29817	0	0        0   18814      0      1.13893    1.54368    0
1.81798	30192	0	307.11	1.82811	0.995491	0.222001	-2.29455e-05	0.22079	0	0	0	0	0	0	-2.07078e+06	2.92011	0	0        0   30902      0      1.54368    2.09228    0
2.46406	52234	0	291.555	1.31511	0.846486	0.159019	0.0819218	0.160449	0	0	0	0	0	0	-3.58199e+06	2.00339	0	0        0   53386      0      2.09228    2.83584    0
3.33975	88351	0	270.618	0.937325	0.872522	0.114342	-0.0402148	0.113558	0	0	0	0	0	0	-6.06303e+06	1.38465	0	0        0   90311      0      2.83584    3.84365    0
4.52664	152066	0	255.614	0.673545	0.71564	0.0821795	0.00254638	0.0818725	0	0	0	0	0	0	-1.04304e+07	0.962661	0	0        0   155432      0      3.84365    5.20962    0
6.13533	262975	0	242.285	0.485271	0.599217	0.059035	-0.0206091	0.0590398	0	0	0	0	0	0	-1.80427e+07	0.687325	0	0        0   268823      0      5.20962    7.06103    0
8.31572	459138	0	232.297	0.351727	0.43847	0.0430019	0.127078	0.0428566	0	0	0	0	0	0	-3.14922e+07	0.487754	0	0        0   469167      0      7.06103    9.5704    0
11.271	799198	0	222.562	0.255439	0.321794	0.0312254	0.0180464	0.0312023	0	0	0	0	0	0	-5.48284e+07	0.356434	0	0        0   816502      0      9.5704    12.9716    0
15.2765	1411400	0	216.574	0.187032	0.227557	0.0228889	0.0197562	0.0228956	0	0	0	0	0	0	-9.68013e+07	0.260517	0	0        0   1.44186e+06      0      12.9716    17.5814    0
20.7055	2489266	0	211.09	0.13733	0.259119	0.0168052	0.0543325	0.0168113	0	0	0	0	0	0	-1.70694e+08	0.193476	0	0        0   2.54232e+06      0      17.5814    23.8296    0
28.0639	4405086	0	207.137	0.101355	0.193057	0.0124285	0.01529	0.012416	0	0	0	0	0	0	-3.02045e+08	0.144738	0	0        0   4.49812e+06      0      23.8296    32.2982    0
38.0373	7786942	0	204.043	0.075159	0.136463	0.00921364	0.0109892	0.00922284	0	0	0	0	0	0	-5.33862e+08	0.109413	0	0        0   7.95048e+06      0      32.2982    43.7764    0
51.5551	13717589	0	201.587	0.0560052	0.0627642	0.00686425	0.0105633	0.00687506	0	0	0	0	0	0	-9.40251e+08	0.0833183	0	0        0   1.40073e+07      0      43.7764    59.3338    0
69.8769	24109321	0	200.363	0.0420291	0.0540215	0.00515487	0.0105629	0.00516038	0	0	0	0	0	0	-1.65229e+09	0.0635733	0	0        0   2.46159e+07      0      59.3338    80.42    0
94.7099	42073795	0	200.083	0.0317979	0.0658966	0.00389962	-0.00573155	0.00390309	0	0	0	0	0	0	-2.88363e+09	0.0487863	0	0        0   4.29608e+07      0      80.42    109    0
