# 1bin_value	2data_points	3sqrt(data_points)	4W	5W_err	6e+	7e+_err	8eX 9eX_err	10e++ 	11e++_err		12eXX	13eXX_err		14e+X	15e+X_err 	16theta          17theta_err       17num_den	18num_err 19LS_err     20wt_num     21wt_num_err  22r_low   23r_high 24sig_crit
0.117769	828	0	195.147	7.28523	0	0	0	0	0	0	0	0	0	0	-1294.05	89934.3	0	0        0   856      0      0.1    0.135538    0
0.159622	1568	0	202.594	5.48082	0	0	0	0	0	0	0	0	0	0	-1356.86	171363	0	0        0   1606      0      0.135538    0.183706    0
0.216349	2858	0	204.604	4.09315	0	0	0	0	0	0	0	0	0	0	-1366.12	309433	0	0        0   2929      0      0.183706    0.248992    0
0.293236	5176	0	203.347	3.01935	0	0	0	0	0	0	0	0	0	0	-1362.15	560718	0	0        0   5298      0      0.248992    0.33748    0
0.397447	9340	0	196.134	2.16655	0	0	0	0	0	0	0	0	0	0	-1315.52	1.01492e+06	0	0        0   9544      0      0.33748    0.457415    0
0.538693	17050	0	199.55	1.63069	0	0	0	0	0	0	0	0	0	0	-1338.52	1.84932e+06	0	0        0   17453      0      0.457415    0.619972    0
0.730136	31629	0	201.105	1.2091	0	0	0	0	0	0	0	0	0	0	-1347.43	3.4377e+06	0	0        0   32425      0      0.619972    0.8403    0
0.989614	57736	0	201.022	0.893398	0	0	0	0	0	0	0	0	0	0	-1347.37	6.25747e+06	0	0        0   59087      0      0.8403    1.13893    0
1.34131	104513	0	198.935	0.65712	0	0	0	0	0	0	0	0	0	0	-1332.19	1.13261e+07	0	0        0   107034      0      1.13893    1.54368    0
1.81798	191778	0	199.385	0.48615	0	0	0	0	0	0	0	0	0	0	-1335.83	2.07789e+07	0	0        0   196269      0      1.54368    2.09228    0
2.46406	350540	0	199.8	0.36043	0	0	0	0	0	0	0	0	0	0	-1338.65	3.80007e+07	0	0        0   358884      0      2.09228    2.83584    0
3.33975	641587	0	200.068	0.266796	0	0	0	0	0	0	0	0	0	0	-1340.36	6.95572e+07	0	0        0   656983      0      2.83584    3.84365    0
4.52664	1175177	0	200.459	0.197523	0	0	0	0	0	0	0	0	0	0	-1343.01	1.27384e+08	0	0        0   1.20296e+06      0      3.84365    5.20962    0
6.13533	2148734	0	200.42	0.146068	0	0	0	0	0	0	0	0	0	0	-1342.64	2.3292e+08	0	0        0   2.19944e+06      0      5.20962    7.06103    0
8.31572	3915800	0	200.206	0.108114	0	0	0	0	0	0	0	0	0	0	-1341.08	4.24702e+08	0	0        0   4.00919e+06      0      7.06103    9.5704    0
11.271	7124547	0	200.137	0.08015	0	0	0	0	0	0	0	0	0	0	-1340.63	7.73181e+08	0	0        0   7.2942e+06      0      9.5704    12.9716    0
15.2765	12947652	0	200.104	0.0594625	0	0	0	0	0	0	0	0	0	0	-1340.44	1.40596e+09	0	0        0   1.32559e+07      0      12.9716    17.5814    0
20.7055	23449084	0	199.992	0.0441785	0	0	0	0	0	0	0	0	0	0	-1339.81	2.54867e+09	0	0        0   2.40039e+07      0      17.5814    23.8296    0
28.0639	42321537	0	200.002	0.0329072	0	0	0	0	0	0	0	0	0	0	-1339.78	4.605e+09	0	0        0   4.33236e+07      0      23.8296    32.2982    0
38.0373	76022956	0	200.047	0.024578	0	0	0	0	0	0	0	0	0	0	-1340.07	8.28422e+09	0	0        0   7.7818e+07      0      32.2982    43.7764    0
51.5551	135554214	0	199.956	0.0184164	0	0	0	0	0	0	0	0	0	0	-1339.24	1.47968e+10	0	0        0   1.38758e+08      0      43.7764    59.3338    0
69.8769	239721817	0	199.991	0.0138659	0	0	0	0	0	0	0	0	0	0	-1339.24	2.62124e+10	0	0        0   2.45389e+08      0      59.3338    80.42    0
94.7099	419008022	0	200.09	0.0105029	0	0	0	0	0	0	0	0	0	0	-1339.71	4.58819e+10	0	0        0   4.2892e+08      0      80.42    109    0
