# 1bin_value	2data_points	3sqrt(data_points)	4W	5W_err	6e+	7e+_err	8eX 9eX_err	10e++ 	11e++_err		12eXX	13eXX_err		14e+X	15e+X_err 	16theta          17theta_err       17num_den	18num_err 19LS_err     20wt_num     21wt_num_err  22r_low   23r_high 24sig_crit
0.117769	801	0	187.828	6.99307	-0.25784	0.829149	0.534049	0.840836	0	0	0	0	0	0	-55435	16.1701	0	0        0   801      0      0.1    0.135538    0
0.159622	1585	0	207.268	5.49822	-0.789376	0.644689	-0.272393	0.658227	0	0	0	0	0	0	-108856	13.0016	0	0        0   1585      0      0.135538    0.183706    0
0.216349	2870	0	203.979	4.01409	0.169534	0.479503	0.929724	0.467587	0	0	0	0	0	0	-196697	9.28014	0	0        0   2870      0      0.183706    0.248992    0
0.293236	5112	0	200.274	2.95145	0.191817	0.361657	-0.492372	0.356319	0	0	0	0	0	0	-351419	6.80529	0	0        0   5112      0      0.248992    0.33748    0
0.397447	9320	0	199.949	2.18079	0.231596	0.262901	-0.0550411	0.263918	0	0	0	0	0	0	-637864	5.00883	0	0        0   9320      0      0.33748    0.457415    0
0.538693	16916	0	198.414	1.60742	0.228827	0.193445	0.350361	0.19416	0	0	0	0	0	0	-1.15914e+06	3.70882	0	0        0   16916      0      0.457415    0.619972    0
0.730136	31124	0	199.493	1.19119	-0.00243499	0.143903	-0.343989	0.14552	0	0	0	0	0	0	-2.13515e+06	2.75246	0	0        0   31124      0      0.619972    0.8403    0
0.989614	57024	0	199.883	0.882004	0.137799	0.106195	0.0769137	0.106551	0	0	0	0	0	0	-3.91097e+06	2.04106	0	0        0   57024      0      0.8403    1.13893    0
1.34131	104456	0	200.167	0.65234	-0.133653	0.0785748	-0.0601631	0.0786948	0	0	0	0	0	0	-7.16373e+06	1.50334	0	0        0   104456      0      1.13893    1.54368    0
1.81798	191131	0	200.427	0.483096	-0.00513939	0.0579652	0.0207708	0.0579864	0	0	0	0	0	0	-1.31047e+07	1.11772	0	0        0   191131      0      1.54368    2.09228    0
2.46406	349458	0	200.545	0.357431	-0.0134914	0.0430784	0.0653196	0.0430511	0	0	0	0	0	0	-2.39703e+07	0.826078	0	0        0   349458      0      2.09228    2.83584    0
3.33975	640399	0	201.328	0.265153	0.00647468	0.0318925	-0.00482353	0.0318827	0	0	0	0	0	0	-4.39294e+07	0.614723	0	0        0   640399      0      2.83584    3.84365    0
4.52664	1173251	0	201.709	0.1963	-0.0219008	0.0236233	0.0418626	0.0236395	0	0	0	0	0	0	-8.04485e+07	0.45532	0	0        0   1.17325e+06      0      3.84365    5.20962    0
6.13533	2148372	0	201.898	0.145213	-0.0117872	0.0174687	-0.00891415	0.0174862	0	0	0	0	0	0	-1.47322e+08	0.337088	0	0        0   2.14837e+06      0      5.20962    7.06103    0
8.31572	3915168	0	201.645	0.107437	0.00936902	0.0129267	-0.00848919	0.0129304	0	0	0	0	0	0	-2.68511e+08	0.249457	0	0        0   3.91517e+06      0      7.06103    9.5704    0
11.271	7138706	0	202.034	0.079736	-0.00135347	0.00959258	-0.00544348	0.00959639	0	0	0	0	0	0	-4.89552e+08	0.185457	0	0        0   7.13871e+06      0      9.5704    12.9716    0
15.2765	12999035	0	202.377	0.0592043	0.00447336	0.00712165	-0.0129707	0.0071241	0	0	0	0	0	0	-8.9141e+08	0.13796	0	0        0   1.2999e+07      0      12.9716    17.5814    0
20.7055	23558399	0	202.392	0.0439933	-0.00136432	0.00528933	-0.00102974	0.005292	0	0	0	0	0	0	-1.61553e+09	0.102722	0	0        0   2.35584e+07      0      17.5814    23.8296    0
28.0639	42575429	0	202.574	0.0327686	-0.00120082	0.00393956	0.00521416	0.00394058	0	0	0	0	0	0	-2.91936e+09	0.0767434	0	0        0   4.25754e+07      0      23.8296    32.2982    0
38.0373	76543117	0	202.725	0.0244715	-0.00131975	0.00294077	0.00362746	0.00294108	0	0	0	0	0	0	-5.24816e+09	0.0575432	0	0        0   7.65431e+07      0      32.2982    43.7764    0
51.5551	136650902	0	202.797	0.0183353	0.00157109	0.00220343	0.0183715	0.0022031	0	0	0	0	0	0	-9.36871e+09	0.0433345	0	0        0   1.36651e+08      0      43.7764    59.3338    0
69.8769	241777374	0	202.935	0.0138071	0.0109916	0.00165889	0.0109687	0.00165911	0	0	0	0	0	0	-1.65752e+10	0.032845	0	0        0   2.41777e+08      0      59.3338    80.42    0
94.7099	423208488	0	203.366	0.0104692	0.0175314	0.00125724	0.019006	0.00125785	0	0	0	0	0	0	-2.90112e+10	0.0250737	0	0        0   4.23208e+08      0      80.42    109    0
