# 1bin_value	2data_points	3sqrt(data_points)	4W	5W_err	6e+	7e+_err	8eX 9eX_err	10e++ 	11e++_err		12eXX	13eXX_err		14e+X	15e+X_err 	16theta          17theta_err       17num_den	18num_err 19LS_err     20wt_num     21wt_num_err  22r_low   23r_high 24sig_crit
0.117769	792	0	185.617	6.98369	-0.551159	0.827984	0.474637	0.840101	0	0	0	0	0	0	-54841	16.6833	0	0        0   792      0      0.1    0.135538    0
0.159622	1581	0	206.321	5.48368	-0.686713	0.643662	-0.241536	0.657108	0	0	0	0	0	0	-108548	13.056	0	0        0   1581      0      0.135538    0.183706    0
0.216349	2851	0	202.312	4.00539	0.266412	0.47897	0.861148	0.467126	0	0	0	0	0	0	-195354	9.46734	0	0        0   2851      0      0.183706    0.248992    0
0.293236	5077	0	198.782	2.94785	0.238912	0.361447	-0.550645	0.356117	0	0	0	0	0	0	-349027	6.94786	0	0        0   5077      0      0.248992    0.33748    0
0.397447	9252	0	198.23	2.17633	0.258034	0.262568	-0.0805005	0.26361	0	0	0	0	0	0	-633441	5.10147	0	0        0   9252      0      0.33748    0.457415    0
0.538693	16810	0	196.798	1.6032	0.174721	0.19308	0.340717	0.193779	0	0	0	0	0	0	-1.15196e+06	3.76728	0	0        0   16810      0      0.457415    0.619972    0
0.730136	30957	0	198.088	1.18848	0.044591	0.143666	-0.37797	0.145274	0	0	0	0	0	0	-2.12336e+06	2.79459	0	0        0   30957      0      0.619972    0.8403    0
0.989614	56746	0	198.625	0.880268	0.131358	0.106048	0.0438293	0.106402	0	0	0	0	0	0	-3.89205e+06	2.06701	0	0        0   56746      0      0.8403    1.13893    0
1.34131	103802	0	198.614	0.650894	-0.124926	0.0784559	-0.0684757	0.0785758	0	0	0	0	0	0	-7.11888e+06	1.5291	0	0        0   103802      0      1.13893    1.54368    0
1.81798	189988	0	198.877	0.481904	-0.0111221	0.0578629	0.0268683	0.0578842	0	0	0	0	0	0	-1.30275e+07	1.13445	0	0        0   189988      0      1.54368    2.09228    0
2.46406	347277	0	198.918	0.356491	-0.0103945	0.042997	0.0630538	0.0429698	0	0	0	0	0	0	-2.38212e+07	0.839291	0	0        0   347277      0      2.09228    2.83584    0
3.33975	636691	0	199.752	0.264419	-0.000673113	0.031827	-0.00847828	0.0318172	0	0	0	0	0	0	-4.36756e+07	0.623483	0	0        0   636691      0      2.83584    3.84365    0
4.52664	1165986	0	200.051	0.195752	-0.0225708	0.0235752	0.0454041	0.0235913	0	0	0	0	0	0	-7.99491e+07	0.462482	0	0        0   1.16599e+06      0      3.84365    5.20962    0
6.13533	2135417	0	200.256	0.144797	-0.0132787	0.0174317	-0.00789945	0.0174492	0	0	0	0	0	0	-1.46435e+08	0.342095	0	0        0   2.13542e+06      0      5.20962    7.06103    0
8.31572	3891074	0	199.942	0.107106	0.0120541	0.0128968	-0.00816893	0.0129005	0	0	0	0	0	0	-2.66862e+08	0.25317	0	0        0   3.89107e+06      0      7.06103    9.5704    0
11.271	7095757	0	200.297	0.0794663	-0.00119753	0.00956769	-0.00653585	0.00957149	0	0	0	0	0	0	-4.86606e+08	0.188047	0	0        0   7.09576e+06      0      9.5704    12.9716    0
15.2765	12921204	0	200.591	0.0589875	0.00577144	0.00710135	-0.0156639	0.00710379	0	0	0	0	0	0	-8.8608e+08	0.139791	0	0        0   1.29212e+07      0      12.9716    17.5814    0
20.7055	23419864	0	200.545	0.0438133	-0.00109945	0.00527211	-0.00116818	0.00527477	0	0	0	0	0	0	-1.60602e+09	0.103982	0	0        0   2.34199e+07      0      17.5814    23.8296    0
28.0639	42333951	0	200.675	0.0326185	-0.00221364	0.00392491	0.00563607	0.00392593	0	0	0	0	0	0	-2.90281e+09	0.0775581	0	0        0   4.2334e+07      0      23.8296    32.2982    0
38.0373	76143178	0	200.791	0.0243441	-0.0045237	0.00292803	0.00493491	0.00292834	0	0	0	0	0	0	-5.22058e+09	0.058018	0	0        0   7.61432e+07      0      32.2982    43.7764    0
51.5551	136044855	0	200.863	0.0182254	-0.00199672	0.00219215	0.019313	0.00219183	0	0	0	0	0	0	-9.32666e+09	0.0435308	0	0        0   1.36045e+08      0      43.7764    59.3338    0
69.8769	240891883	0	200.966	0.0137112	0.00637666	0.00164885	0.0149992	0.00164906	0	0	0	0	0	0	-1.65128e+10	0.0328698	0	0        0   2.40892e+08      0      59.3338    80.42    0
94.7099	421499872	0	201.228	0.010391	0.0173388	0.00124906	0.026625	0.00124966	0	0	0	0	0	0	-2.88899e+10	0.0251029	0	0        0   4.215e+08      0      80.42    109    0
