# 1bin_value	2data_points	3sqrt(data_points)	4W	5W_err	6e+	7e+_err	8eX 9eX_err	10e++ 	11e++_err		12eXX	13eXX_err		14e+X	15e+X_err 	16theta          17theta_err       17num_den	18num_err 19LS_err     20wt_num     21wt_num_err  22r_low   23r_high 24sig_crit
0.117769	668	0	1514.55	73.4255	21.3582	6.85499	3.42317	6.54219	0	0	0	0	0	0	-45783.3	290.153	0	0        0   688      0      0.1    0.135538    0
0.159622	932	0	1205.33	46.9767	14.0906	4.62896	2.24374	4.63887	0	0	0	0	0	0	-63936.2	166.28	0	0        0   962      0      0.135538    0.183706    0
0.216349	1281	0	854.596	27.09	10.1397	2.89224	-1.96498	2.8414	0	0	0	0	0	0	-87852.1	84.1796	0	0        0   1312      0      0.183706    0.248992    0
0.293236	2188	0	826.821	19.8149	8.33131	2.23694	2.26325	2.12551	0	0	0	0	0	0	-150297	57.8496	0	0        0   2253      0      0.248992    0.33748    0
0.397447	3370	0	699.071	13.1498	6.57799	1.51725	1.65648	1.51641	0	0	0	0	0	0	-231856	34.1126	0	0        0   3463      0      0.33748    0.457415    0
0.538693	4589	0	516.772	8.12982	3.819	0.987042	-1.45755	0.96587	0	0	0	0	0	0	-313230	17.1908	0	0        0   4725      0      0.457415    0.619972    0
0.730136	6684	0	415.594	5.33155	1.80255	0.6412	-0.417396	0.648504	0	0	0	0	0	0	-458929	10.2234	0	0        0   6846      0      0.619972    0.8403    0
0.989614	10539	0	360.314	3.6521	1.04794	0.446549	0.114846	0.449012	0	0	0	0	0	0	-721800	6.17055	0	0        0   10793      0      0.8403    1.13893    0
1.34131	17131	0	319.111	2.51923	0.81137	0.315033	0.199979	0.31275	0	0	0	0	0	0	-1.17461e+06	4.05344	0	0        0   17484      0      1.13893    1.54368    0
1.81798	28822	0	294.782	1.78731	0.27023	0.223763	-0.212884	0.222138	0	0	0	0	0	0	-1.9808e+06	2.69667	0	0        0   29401      0      1.54368    2.09228    0
2.46406	49727	0	279.78	1.29271	0.366953	0.161592	-0.0472933	0.16093	0	0	0	0	0	0	-3.40925e+06	1.89322	0	0        0   50897      0      2.09228    2.83584    0
3.33975	85417	0	263.561	0.926576	0.453318	0.115962	-0.0565666	0.116106	0	0	0	0	0	0	-5.85756e+06	1.31157	0	0        0   87292      0      2.83584    3.84365    0
4.52664	146863	0	248.462	0.665835	0.401072	0.0833723	-0.0817318	0.0831836	0	0	0	0	0	0	-1.00681e+07	0.927833	0	0        0   150154      0      3.84365    5.20962    0
6.13533	256637	0	237.831	0.481366	0.32123	0.060481	-0.0213129	0.0605469	0	0	0	0	0	0	-1.76007e+07	0.654832	0	0        0   262234      0      5.20962    7.06103    0
8.31572	449026	0	228.314	0.349076	0.239661	0.0438992	0.0850431	0.0438893	0	0	0	0	0	0	-3.08024e+07	0.469826	0	0        0   458548      0      7.06103    9.5704    0
11.271	789877	0	221.199	0.254984	0.185825	0.0320667	-0.0210598	0.03208	0	0	0	0	0	0	-5.41843e+07	0.342159	0	0        0   806955      0      9.5704    12.9716    0
15.2765	1392200	0	214.727	0.186416	0.182576	0.0234415	-0.00162251	0.0234534	0	0	0	0	0	0	-9.54679e+07	0.249472	0	0        0   1.42202e+06      0      12.9716    17.5814    0
20.7055	2466782	0	210.128	0.137021	0.127415	0.0172259	0.00949296	0.0172374	0	0	0	0	0	0	-1.69153e+08	0.18374	0	0        0   2.51862e+06      0      17.5814    23.8296    0
28.0639	4385212	0	207.07	0.101295	0.10185	0.0127329	-0.0120718	0.0127224	0	0	0	0	0	0	-3.00725e+08	0.13622	0	0        0   4.47744e+06      0      23.8296    32.2982    0
38.0373	7774751	0	204.521	0.0751744	0.0809445	0.00944321	-0.0264745	0.0094479	0	0	0	0	0	0	-5.3302e+08	0.102367	0	0        0   7.93775e+06      0      32.2982    43.7764    0
51.5551	13744772	0	202.717	0.0560809	0.05696	0.00704336	0.0233411	0.00704749	0	0	0	0	0	0	-9.42147e+08	0.0775356	0	0        0   1.40339e+07      0      43.7764    59.3338    0
69.8769	24185077	0	201.784	0.0421261	0.0572083	0.00529089	0.0113475	0.00529052	0	0	0	0	0	0	-1.65769e+09	0.0594983	0	0        0   2.46946e+07      0      59.3338    80.42    0
94.7099	42221446	0	201.603	0.0318837	0.0330995	0.00400272	0.0410717	0.0040031	0	0	0	0	0	0	-2.89414e+09	0.0458755	0	0        0   4.31101e+07      0      80.42    109    0
