# 1bin_value	2data_points	3sqrt(data_points)	4W	5W_err	6e+	7e+_err	8eX 9eX_err	10e++ 	11e++_err		12eXX	13eXX_err		14e+X	15e+X_err 	16theta          17theta_err       17num_den	18num_err 19LS_err     20wt_num     21wt_num_err  22r_low   23r_high 24sig_crit
0.117769	660	0	1496.2	73.1993	20.0355	6.85763	2.32977	6.54786	0	0	0	0	0	0	-45205.8	290.382	0	0        0   679      0      0.1    0.135538    0
0.159622	928	0	1196.04	46.6669	14.8504	4.61068	2.39173	4.62432	0	0	0	0	0	0	-63655.5	164.789	0	0        0   958      0      0.135538    0.183706    0
0.216349	1289	0	857.702	27.0586	10.444	2.88705	-2.39889	2.83416	0	0	0	0	0	0	-88387.3	83.406	0	0        0   1319      0      0.183706    0.248992    0
0.293236	2170	0	819.562	19.7742	8.43981	2.23452	2.2818	2.12405	0	0	0	0	0	0	-148962	58.5098	0	0        0   2235      0      0.248992    0.33748    0
0.397447	3372	0	699.069	13.1403	6.5298	1.51601	1.57154	1.51537	0	0	0	0	0	0	-231955	34.0748	0	0        0   3466      0      0.33748    0.457415    0
0.538693	4576	0	515.666	8.12764	3.91635	0.987193	-1.20934	0.966201	0	0	0	0	0	0	-312371	17.3041	0	0        0   4714      0      0.457415    0.619972    0
0.730136	6658	0	414.215	5.33318	1.70743	0.641653	-0.464433	0.648865	0	0	0	0	0	0	-457062	10.435	0	0        0   6819      0      0.619972    0.8403    0
0.989614	10528	0	360.292	3.65224	0.974606	0.446611	0.116569	0.449043	0	0	0	0	0	0	-721202	6.18748	0	0        0   10791      0      0.8403    1.13893    0
1.34131	17131	0	319.107	2.51941	0.795389	0.315009	0.223604	0.312778	0	0	0	0	0	0	-1.17472e+06	4.06328	0	0        0   17486      0      1.13893    1.54368    0
1.81798	28758	0	294.231	1.78775	0.299058	0.223838	-0.239579	0.222215	0	0	0	0	0	0	-1.97699e+06	2.73593	0	0        0   29337      0      1.54368    2.09228    0
2.46406	49709	0	279.856	1.29325	0.442493	0.161656	-0.0177418	0.160998	0	0	0	0	0	0	-3.40757e+06	1.90614	0	0        0   50892      0      2.09228    2.83584    0
3.33975	85441	0	263.725	0.926852	0.474906	0.115993	-0.0348268	0.116138	0	0	0	0	0	0	-5.85899e+06	1.3104	0	0        0   87324      0      2.83584    3.84365    0
4.52664	146761	0	248.419	0.666085	0.396644	0.0834033	-0.0925296	0.0832146	0	0	0	0	0	0	-1.00611e+07	0.935347	0	0        0   150074      0      3.84365    5.20962    0
6.13533	256273	0	237.58	0.481516	0.316242	0.0605009	-0.0149661	0.0605667	0	0	0	0	0	0	-1.75767e+07	0.665269	0	0        0   261881      0      5.20962    7.06103    0
8.31572	448174	0	227.99	0.349211	0.237881	0.0439168	0.0888615	0.0439071	0	0	0	0	0	0	-3.07452e+07	0.479856	0	0        0   457715      0      7.06103    9.5704    0
11.271	788336	0	220.856	0.255072	0.184928	0.0320784	-0.0205138	0.0320917	0	0	0	0	0	0	-5.40823e+07	0.349693	0	0        0   805439      0      9.5704    12.9716    0
15.2765	1389385	0	214.386	0.186485	0.180963	0.0234505	-0.00876946	0.0234623	0	0	0	0	0	0	-9.52708e+07	0.255765	0	0        0   1.41924e+06      0      12.9716    17.5814    0
20.7055	2461030	0	209.735	0.137071	0.13391	0.0172325	0.0101746	0.017244	0	0	0	0	0	0	-1.68752e+08	0.188991	0	0        0   2.51297e+06      0      17.5814    23.8296    0
28.0639	4373831	0	206.636	0.101334	0.097908	0.0127381	-0.0055504	0.0127276	0	0	0	0	0	0	-2.99921e+08	0.140575	0	0        0   4.46624e+06      0      23.8296    32.2982    0
38.0373	7753681	0	204.042	0.0751948	0.0778636	0.00944599	-0.0192085	0.00945068	0	0	0	0	0	0	-5.31538e+08	0.105704	0	0        0   7.91695e+06      0      32.2982    43.7764    0
51.5551	13716558	0	202.286	0.0560702	0.0597784	0.00704215	0.0268271	0.00704628	0	0	0	0	0	0	-9.40162e+08	0.0793474	0	0        0   1.40066e+07      0      43.7764    59.3338    0
69.8769	24159058	0	201.342	0.0420742	0.0545615	0.00528449	0.0195849	0.00528412	0	0	0	0	0	0	-1.65585e+09	0.0601129	0	0        0   2.46702e+07      0      59.3338    80.42    0
94.7099	42267040	0	201.277	0.0317944	0.0332657	0.00399158	0.0408164	0.00399196	0	0	0	0	0	0	-2.89731e+09	0.045194	0	0        0   4.316e+07      0      80.42    109    0
