# 1bin_value	2data_points	3sqrt(data_points)	4W	5W_err	6e+	7e+_err	8eX 9eX_err	10e++ 	11e++_err		12eXX	13eXX_err		14e+X	15e+X_err 	16theta          17theta_err       17num_den	18num_err 19LS_err     20wt_num     21wt_num_err  22r_low   23r_high 24sig_crit
0.117769	671	0	1519.33	73.3246	21.2718	6.84604	2.87482	6.5336	0	0	0	0	0	0	-45983.1	288.578	0	0        0   691      0      0.1    0.135538    0
0.159622	936	0	1207.24	46.8444	14.6385	4.61759	3.29044	4.62832	0	0	0	0	0	0	-64153.3	165.152	0	0        0   966      0      0.135538    0.183706    0
0.216349	1300	0	864.331	27.0753	10.625	2.88443	-1.71612	2.83505	0	0	0	0	0	0	-89112.4	82.6215	0	0        0   1330      0      0.183706    0.248992    0
0.293236	2197	0	832.893	19.9116	8.61601	2.2445	2.28455	2.13257	0	0	0	0	0	0	-150926	58.0044	0	0        0   2262      0      0.248992    0.33748    0
0.397447	3387	0	703.131	13.1693	6.41649	1.51845	1.75164	1.51753	0	0	0	0	0	0	-233070	33.8158	0	0        0   3481      0      0.33748    0.457415    0
0.538693	4605	0	518.879	8.13475	3.81824	0.987652	-1.41923	0.966224	0	0	0	0	0	0	-314304	16.956	0	0        0   4742      0      0.457415    0.619972    0
0.730136	6732	0	418.763	5.3372	1.82765	0.641545	-0.483496	0.649011	0	0	0	0	0	0	-462169	9.88821	0	0        0   6894      0      0.619972    0.8403    0
0.989614	10603	0	362.711	3.65348	1.08876	0.446605	0.13649	0.449096	0	0	0	0	0	0	-726247	5.91216	0	0        0   10864      0      0.8403    1.13893    0
1.34131	17240	0	321.276	2.52099	0.884482	0.315159	0.142256	0.312901	0	0	0	0	0	0	-1.18211e+06	3.86062	0	0        0   17596      0      1.13893    1.54368    0
1.81798	28931	0	296.104	1.78917	0.308804	0.223976	-0.213548	0.222346	0	0	0	0	0	0	-1.98833e+06	2.60465	0	0        0   29504      0      1.54368    2.09228    0
2.46406	50060	0	281.864	1.29396	0.431851	0.161721	-0.0443758	0.161065	0	0	0	0	0	0	-3.43153e+06	1.77823	0	0        0   51235      0      2.09228    2.83584    0
3.33975	85879	0	265.161	0.927313	0.453082	0.116043	-0.0602342	0.116184	0	0	0	0	0	0	-5.88923e+06	1.23829	0	0        0   87762      0      2.83584    3.84365    0
4.52664	147791	0	250.21	0.666394	0.416322	0.0834326	-0.0998291	0.0832443	0	0	0	0	0	0	-1.01317e+07	0.864036	0	0        0   151100      0      3.84365    5.20962    0
6.13533	258199	0	239.417	0.481728	0.312942	0.0605215	-0.0298129	0.0605874	0	0	0	0	0	0	-1.77081e+07	0.608215	0	0        0   263803      0      5.20962    7.06103    0
8.31572	451553	0	229.734	0.349323	0.234536	0.043927	0.0851254	0.0439171	0	0	0	0	0	0	-3.09756e+07	0.438206	0	0        0   461096      0      7.06103    9.5704    0
11.271	794865	0	222.706	0.255159	0.183995	0.0320863	-0.0182002	0.0320995	0	0	0	0	0	0	-5.45278e+07	0.316003	0	0        0   811964      0      9.5704    12.9716    0
15.2765	1401212	0	216.207	0.186531	0.188261	0.0234542	-0.00424311	0.0234661	0	0	0	0	0	0	-9.60825e+07	0.229983	0	0        0   1.43103e+06      0      12.9716    17.5814    0
20.7055	2483327	0	211.635	0.137115	0.127739	0.0172364	0.00737611	0.0172479	0	0	0	0	0	0	-1.70283e+08	0.168946	0	0        0   2.53515e+06      0      17.5814    23.8296    0
28.0639	4414880	0	208.59	0.10137	0.0938707	0.0127414	-0.00434047	0.0127308	0	0	0	0	0	0	-3.02744e+08	0.125244	0	0        0   4.50725e+06      0      23.8296    32.2982    0
38.0373	7831535	0	206.116	0.0752276	0.077653	0.00944917	-0.0199498	0.00945386	0	0	0	0	0	0	-5.36882e+08	0.0937198	0	0        0   7.99462e+06      0      32.2982    43.7764    0
51.5551	13854762	0	204.405	0.0561115	0.0579608	0.00704662	0.0270301	0.00705075	0	0	0	0	0	0	-9.49619e+08	0.0705534	0	0        0   1.41442e+07      0      43.7764    59.3338    0
69.8769	24410173	0	203.714	0.0421481	0.0564667	0.00529316	0.0179011	0.00529279	0	0	0	0	0	0	-1.673e+09	0.0534762	0	0        0   2.49199e+07      0      59.3338    80.42    0
94.7099	42654538	0	203.825	0.0319171	0.0335496	0.00400649	0.0384045	0.00400687	0	0	0	0	0	0	-2.92347e+09	0.0410143	0	0        0   4.35438e+07      0      80.42    109    0
