# 1bin_value	2data_points	3sqrt(data_points)	4W	5W_err	6e+	7e+_err	8eX 9eX_err	10e++ 	11e++_err		12eXX	13eXX_err		14e+X	15e+X_err 	16theta          17theta_err       17num_den	18num_err 19LS_err     20wt_num     21wt_num_err  22r_low   23r_high 24sig_crit
0.117769	826	0	194.836	7.24931	0	0	0	0	0	0	0	0	0	0	-1302.03	90457.5	0	0        0   850      0      0.1    0.135538    0
0.159622	1508	0	198.007	5.44972	0	0	0	0	0	0	0	0	0	0	-1314.18	163445	0	0        0   1553      0      0.135538    0.183706    0
0.216349	2835	0	202.053	4.05285	0	0	0	0	0	0	0	0	0	0	-1351.22	307802	0	0        0   2912      0      0.183706    0.248992    0
0.293236	4998	0	195.719	2.95501	0	0	0	0	0	0	0	0	0	0	-1314.42	544175	0	0        0   5118      0      0.248992    0.33748    0
0.397447	9305	0	199.481	2.20891	0	0	0	0	0	0	0	0	0	0	-1332.76	1.00553e+06	0	0        0   9533      0      0.33748    0.457415    0
0.538693	17056	0	199.117	1.62632	0	0	0	0	0	0	0	0	0	0	-1334.69	1.84252e+06	0	0        0   17421      0      0.457415    0.619972    0
0.730136	31521	0	201.768	1.21335	0	0	0	0	0	0	0	0	0	0	-1351.56	3.41655e+06	0	0        0   32290      0      0.619972    0.8403    0
0.989614	56658	0	198.22	0.888874	0	0	0	0	0	0	0	0	0	0	-1327.79	6.13381e+06	0	0        0   57989      0      0.8403    1.13893    0
1.34131	104725	0	200.111	0.659529	0	0	0	0	0	0	0	0	0	0	-1342.16	1.13308e+07	0	0        0   107094      0      1.13893    1.54368    0
1.81798	190974	0	199.829	0.487984	0	0	0	0	0	0	0	0	0	0	-1339.31	2.069e+07	0	0        0   195497      0      1.54368    2.09228    0
2.46406	348636	0	199.81	0.361284	0	0	0	0	0	0	0	0	0	0	-1338.09	3.77326e+07	0	0        0   357068      0      2.09228    2.83584    0
3.33975	636496	0	199.647	0.26707	0	0	0	0	0	0	0	0	0	0	-1337.72	6.88965e+07	0	0        0   651489      0      2.83584    3.84365    0
4.52664	1168189	0	200.422	0.198008	0	0	0	0	0	0	0	0	0	0	-1342.29	1.26423e+08	0	0        0   1.19596e+06      0      3.84365    5.20962    0
6.13533	2135499	0	200.27	0.14633	0	0	0	0	0	0	0	0	0	0	-1341.74	2.31255e+08	0	0        0   2.18595e+06      0      5.20962    7.06103    0
8.31572	3898794	0	200.44	0.108424	0	0	0	0	0	0	0	0	0	0	-1342.61	4.22386e+08	0	0        0   3.99183e+06      0      7.06103    9.5704    0
11.271	7081239	0	200.045	0.0803091	0	0	0	0	0	0	0	0	0	0	-1339.91	7.67416e+08	0	0        0   7.25015e+06      0      9.5704    12.9716    0
15.2765	12878526	0	200.13	0.0595875	0	0	0	0	0	0	0	0	0	0	-1340.63	1.39633e+09	0	0        0   1.31838e+07      0      12.9716    17.5814    0
20.7055	23320738	0	200.013	0.0442735	0	0	0	0	0	0	0	0	0	0	-1339.99	2.53112e+09	0	0        0   2.38734e+07      0      17.5814    23.8296    0
28.0639	42104762	0	200.061	0.0329767	0	0	0	0	0	0	0	0	0	0	-1340.2	4.57422e+09	0	0        0   4.3101e+07      0      23.8296    32.2982    0
38.0373	75651484	0	200.163	0.0246325	0	0	0	0	0	0	0	0	0	0	-1340.8	8.22862e+09	0	0        0   7.74378e+07      0      32.2982    43.7764    0
51.5551	134964571	0	200.182	0.0184615	0	0	0	0	0	0	0	0	0	0	-1340.79	1.47048e+10	0	0        0   1.38155e+08      0      43.7764    59.3338    0
69.8769	238546397	0	200.14	0.013899	0	0	0	0	0	0	0	0	0	0	-1340.33	2.60371e+10	0	0        0   2.44183e+08      0      59.3338    80.42    0
94.7099	416834641	0	200.184	0.0105275	0	0	0	0	0	0	0	0	0	0	-1340.5	4.55738e+10	0	0        0   4.26679e+08      0      80.42    109    0
