# 1bin_value	2data_points	3sqrt(data_points)	4W	5W_err	6e+	7e+_err	8eX 9eX_err	10e++ 	11e++_err		12eXX	13eXX_err		14e+X	15e+X_err 	16theta          17theta_err       17num_den	18num_err 19LS_err     20wt_num     21wt_num_err  22r_low   23r_high 24sig_crit
0.117769	666	inf	1329.98	74.2665	21.707	6.91367	1.74219	6.6072	0	0	0	0	0	0	-8843.64	291.739	0	inf        0   0      0      0.1    0.135538    0
0.159622	927	19.726	989.856	47.2448	14.8212	4.65477	3.4937	4.66846	0	0	0	0	0	0	-6508.2	165.15	0	19.726        0   0      0      0.135538    0.183706    0
0.216349	1288	13.1681	655.125	27.7244	9.64563	2.93286	-2.69709	2.88068	0	0	0	0	0	0	-4362.55	84.6899	0	13.1681        0   0      0      0.183706    0.248992    0
0.293236	2176	9.04855	625.2	20.1833	8.01112	2.26231	2.83463	2.15138	0	0	0	0	0	0	-4108.64	58.3294	0	9.04855        0   0      0      0.248992    0.33748    0
0.397447	3383	6.2667	502.378	13.4927	6.11103	1.53756	1.72666	1.5367	0	0	0	0	0	0	-3331.86	34.0945	0	6.2667        0   0      0      0.33748    0.457415    0
0.538693	4605	4.71797	321.883	8.44381	3.71086	1.00557	-1.65806	0.985039	0	0	0	0	0	0	-2085.63	17.3161	0	4.71797        0   0      0      0.457415    0.619972    0
0.730136	6701	3.56796	216.218	5.59491	1.78187	0.656947	-0.0440346	0.66455	0	0	0	0	0	0	-1430.65	10.4816	0	3.56796        0   0      0      0.619972    0.8403    0
0.989614	10562	2.59392	163.495	3.85963	0.897421	0.458843	0.0763758	0.461324	0	0	0	0	0	0	-1048.43	6.42323	0	2.59392        0   0      0      0.8403    1.13893    0
1.34131	17205	1.93731	121.017	2.68338	0.954064	0.324489	0.201226	0.322332	0	0	0	0	0	0	-787.069	4.20888	0	1.93731        0   0      0      1.13893    1.54368    0
1.81798	28864	1.43849	95.6815	1.91431	0.25238	0.231122	-0.291867	0.229546	0	0	0	0	0	0	-621.306	2.88164	0	1.43849        0   0      0      1.54368    2.09228    0
2.46406	49878	1.06461	81.2461	1.38846	0.404384	0.167173	-0.0981631	0.166531	0	0	0	0	0	0	-511.394	2.01694	0	1.06461        0   0      0      2.09228    2.83584    0
3.33975	85569	0.791207	63.9794	0.999513	0.452683	0.120203	-0.0367183	0.120342	0	0	0	0	0	0	-397.509	1.43013	0	0.791207        0   0      0      2.83584    3.84365    0
4.52664	147319	0.588641	47.8894	0.7214	0.458282	0.0866029	-0.133198	0.0864274	0	0	0	0	0	0	-294.957	1.00487	0	0.588641        0   0      0      3.84365    5.20962    0
6.13533	257293	0.435808	37.0245	0.523265	0.321041	0.0629114	-0.0234362	0.0629794	0	0	0	0	0	0	-222.482	0.7193	0	0.435808        0   0      0      5.20962    7.06103    0
8.31572	450170	0.32439	27.5716	0.380627	0.226021	0.0457237	0.0987341	0.0457152	0	0	0	0	0	0	-161.185	0.519255	0	0.32439        0   0      0      7.06103    9.5704    0
11.271	792361	0.241456	20.5492	0.278629	0.197242	0.0334332	-0.0180856	0.0334471	0	0	0	0	0	0	-110.948	0.377443	0	0.241456        0   0      0      9.5704    12.9716    0
15.2765	1396910	0.180175	13.6917	0.20415	0.176887	0.0244644	0.00950616	0.0244764	0	0	0	0	0	0	-64.9885	0.275976	0	0.180175        0   0      0      12.9716    17.5814    0
20.7055	2476074	0.134491	9.24779	0.150268	0.13213	0.0179866	0.0043239	0.0179983	0	0	0	0	0	0	-34.8333	0.203	0	0.134491        0   0      0      17.5814    23.8296    0
28.0639	4402658	0.100498	5.93183	0.111162	0.098395	0.0132962	-0.014552	0.0132864	0	0	0	0	0	0	-12.9239	0.150332	0	0.100498        0   0      0      23.8296    32.2982    0
38.0373	7814967	0.0752591	3.21439	0.0825115	0.0816112	0.00985761	-0.0294195	0.00986216	0	0	0	0	0	0	4.85004	0.111543	0	0.0752591        0   0      0      32.2982    43.7764    0
51.5551	13829951	0.0565097	1.26578	0.061519	0.0577884	0.00734561	0.00932481	0.00734943	0	0	0	0	0	0	18.0895	0.0834426	0	0.0565097        0   0      0      43.7764    59.3338    0
69.8769	24373451	0.0425407	0.265573	0.0461521	0.0510209	0.00550985	0.00318991	0.00550956	0	0	0	0	0	0	25.0882	0.0627959	0	0.0425407        0   0      0      59.3338    80.42    0
94.7099	42615229	0.0321641	-0.297441	0.0348793	0.019417	0.00416207	0.0143053	0.00416261	0	0	0	0	0	0	28.4296	0.0475772	0	0.0321641        0   0      0      80.42    109    0
