# 1bin_value	2data_points	3sqrt(data_points)	4W	5W_err	6e+	7e+_err	8eX 9eX_err	10e++ 	11e++_err		12eXX	13eXX_err		14e+X	15e+X_err 	16theta          17theta_err       17num_den	18num_err 19LS_err     20wt_num     21wt_num_err  22r_low   23r_high 24sig_crit
0.117769	8563	0	200	0	0	0	0	0	0	0	0	0	0	0	0	0	0	0        0   8563      0      0.1    0.135538    0
0.159622	15315	0	200	0	0	0	0	0	0	0	0	0	0	0	0	0	0	0        0   15315      0      0.135538    0.183706    0
0.216349	28167	0	200	0	0	0	0	0	0	0	0	0	0	0	0	0	0	0        0   28167      0      0.183706    0.248992    0
0.293236	51110	0	200	0	0	0	0	0	0	0	0	0	0	0	0	0	0	0        0   51110      0      0.248992    0.33748    0
0.397447	93238	0	200	0	0	0	0	0	0	0	0	0	0	0	0	0	0	0        0   93238      0      0.33748    0.457415    0
0.538693	170606	0	200	0	0	0	0	0	0	0	0	0	0	0	0	0	0	0        0   170606      0      0.457415    0.619972    0
0.730136	312001	0	200	0	0	0	0	0	0	0	0	0	0	0	0	0	0	0        0   312001      0      0.619972    0.8403    0
0.989614	570758	0	200	0	0	0	0	0	0	0	0	0	0	0	0	0	0	0        0   570758      0      0.8403    1.13893    0
1.34131	1044162	0	200	0	0	0	0	0	0	0	0	0	0	0	0	0	0	0        0   1.04416e+06      0      1.13893    1.54368    0
1.81798	1908017	0	200	0	0	0	0	0	0	0	0	0	0	0	0	0	0	0        0   1.90802e+06      0      1.54368    2.09228    0
2.46406	3486981	0	200	0	0	0	0	0	0	0	0	0	0	0	0	0	0	0        0   3.48698e+06      0      2.09228    2.83584    0
3.33975	6365777	0	200	0	0	0	0	0	0	0	0	0	0	0	0	0	0	0        0   6.36578e+06      0      2.83584    3.84365    0
4.52664	11641498	0	200	0	0	0	0	0	0	0	0	0	0	0	0	0	0	0        0   1.16415e+07      0      3.84365    5.20962    0
6.13533	21294903	0	200	0	0	0	0	0	0	0	0	0	0	0	0	0	0	0        0   2.12949e+07      0      5.20962    7.06103    0
8.31572	38855806	0	200	0	0	0	0	0	0	0	0	0	0	0	0	0	0	0        0   3.88558e+07      0      7.06103    9.5704    0
11.271	70712540	0	200	0	0	0	0	0	0	0	0	0	0	0	0	0	0	0        0   7.07125e+07      0      9.5704    12.9716    0
15.2765	128542942	0	200	0	0	0	0	0	0	0	0	0	0	0	0	0	0	0        0   1.28543e+08      0      12.9716    17.5814    0
20.7055	232934232	0	200	0	0	0	0	0	0	0	0	0	0	0	0	0	0	0        0   2.32934e+08      0      17.5814    23.8296    0
28.0639	420543696	0	200	0	0	0	0	0	0	0	0	0	0	0	0	0	0	0        0   4.20544e+08      0      23.8296    32.2982    0
38.0373	755354143	0	200	0	0	0	0	0	0	0	0	0	0	0	0	0	0	0        0   7.55354e+08      0      32.2982    43.7764    0
51.5551	1347662405	0	200	0	0	0	0	0	0	0	0	0	0	0	0	0	0	0        0   1.34766e+09      0      43.7764    59.3338    0
69.8769	2382052827	0	200	0	0	0	0	0	0	0	0	0	0	0	0	0	0	0        0   2.38205e+09      0      59.3338    80.42    0
94.7099	4158353338	0	200	0	0	0	0	0	0	0	0	0	0	0	0	0	0	0        0   4.15835e+09      0      80.42    109    0
