# 1bin_value	2data_points	3sqrt(data_points)	4W	5W_err	6e+	7e+_err	8eX 9eX_err	10e++ 	11e++_err		12eXX	13eXX_err		14e+X	15e+X_err 	16theta          17theta_err       17num_den	18num_err 19LS_err     20wt_num     21wt_num_err  22r_low   23r_high 24sig_crit
0.117769	670	29.9741	1331.22	73.7813	21.136	6.8803	2.36201	6.57187	0	0	0	0	0	0	-8770.57	288.26	0	29.9741        0   0      0      0.1    0.135538    0
0.159622	920	19.7913	980.151	47.1438	14.0169	4.65515	4.30288	4.66446	0	0	0	0	0	0	-6451.46	165.67	0	19.7913        0   0      0      0.135538    0.183706    0
0.216349	1288	13.2234	656.424	27.7137	10.4604	2.93022	-2.98889	2.88006	0	0	0	0	0	0	-4362.27	84.5667	0	13.2234        0   0      0      0.183706    0.248992    0
0.293236	2172	9.0522	625.664	20.2144	8.01334	2.26582	3.14586	2.15421	0	0	0	0	0	0	-4107.94	58.5426	0	9.0522        0   0      0      0.248992    0.33748    0
0.397447	3358	6.28109	498.601	13.5068	6.26466	1.53985	1.77976	1.53922	0	0	0	0	0	0	-3308.11	34.7477	0	6.28109        0   0      0      0.33748    0.457415    0
0.538693	4575	4.7308	319.039	8.44841	3.71219	1.00656	-1.68132	0.986029	0	0	0	0	0	0	-2065.08	17.8005	0	4.7308        0   0      0      0.457415    0.619972    0
0.730136	6672	3.57776	214.719	5.59675	1.66337	0.65733	-0.0992038	0.664804	0	0	0	0	0	0	-1420.31	10.7293	0	3.57776        0   0      0      0.619972    0.8403    0
0.989614	10494	2.60153	161.952	3.86017	0.87662	0.459005	0.103533	0.461495	0	0	0	0	0	0	-1036.3	6.68301	0	2.60153        0   0      0      0.8403    1.13893    0
1.34131	17157	1.93987	120.779	2.68537	1.0195	0.324762	0.295474	0.322587	0	0	0	0	0	0	-784.857	4.28551	0	1.93987        0   0      0      1.13893    1.54368    0
1.81798	28766	1.43933	95.2556	1.9153	0.268787	0.231259	-0.235256	0.229695	0	0	0	0	0	0	-617.355	2.95684	0	1.43933        0   0      0      1.54368    2.09228    0
2.46406	49749	1.06553	81.0408	1.38972	0.419922	0.167334	-0.0577224	0.166688	0	0	0	0	0	0	-508.966	2.06598	0	1.06553        0   0      0      2.09228    2.83584    0
3.33975	85333	0.792206	63.7016	1.00052	0.43546	0.120329	-0.0506229	0.120468	0	0	0	0	0	0	-395.441	1.46366	0	0.792206        0   0      0      2.83584    3.84365    0
4.52664	146801	0.589675	47.5634	0.722161	0.430988	0.0866993	-0.150886	0.0865213	0	0	0	0	0	0	-291.59	1.0416	0	0.589675        0   0      0      3.84365    5.20962    0
6.13533	256463	0.436423	36.8429	0.523878	0.322414	0.0629871	-0.0387474	0.0630551	0	0	0	0	0	0	-220.303	0.743261	0	0.436423        0   0      0      5.20962    7.06103    0
8.31572	448770	0.324866	27.4969	0.381138	0.225778	0.0457862	0.0862038	0.0457782	0	0	0	0	0	0	-159.715	0.536046	0	0.324866        0   0      0      7.06103    9.5704    0
11.271	789587	0.24187	20.4445	0.279054	0.195935	0.0334853	-0.0179443	0.0334992	0	0	0	0	0	0	-109.174	0.391816	0	0.24187        0   0      0      9.5704    12.9716    0
15.2765	1391905	0.180482	13.6382	0.204519	0.179757	0.0245093	0.00456167	0.0245214	0	0	0	0	0	0	-63.63	0.286601	0	0.180482        0   0      0      12.9716    17.5814    0
20.7055	2466027	0.13476	9.15447	0.150599	0.125306	0.0180267	0.011782	0.0180384	0	0	0	0	0	0	-33.3417	0.211877	0	0.13476        0   0      0      17.5814    23.8296    0
28.0639	4383535	0.100714	5.85314	0.111466	0.0954904	0.0133328	-0.0103345	0.013323	0	0	0	0	0	0	-11.6844	0.157578	0	0.100714        0   0      0      23.8296    32.2982    0
38.0373	7772936	0.0754599	3.10694	0.0828058	0.0808052	0.00989302	-0.0276866	0.00989759	0	0	0	0	0	0	6.16827	0.118112	0	0.0754599        0   0      0      32.2982    43.7764    0
51.5551	13735799	0.0567012	1.18136	0.0618133	0.0578305	0.00738096	0.00650097	0.00738481	0	0	0	0	0	0	19.2308	0.0896672	0	0.0567012        0   0      0      43.7764    59.3338    0
69.8769	24165928	0.0427212	0.188053	0.046445	0.0511106	0.00554499	0.00522087	0.00554471	0	0	0	0	0	0	25.9948	0.0686009	0	0.0427212        0   0      0      59.3338    80.42    0
94.7099	42205032	0.0323195	-0.347012	0.0351539	0.0192658	0.00419496	0.0155388	0.00419551	0	0	0	0	0	0	28.825	0.052584	0	0.0323195        0   0      0      80.42    109    0
