# 1bin_value	2data_points	3sqrt(data_points)	4W	5W_err	6e+	7e+_err	8eX 9eX_err	10e++ 	11e++_err		12eXX	13eXX_err		14e+X	15e+X_err 	16theta          17theta_err       17num_den	18num_err 19LS_err     20wt_num     21wt_num_err  22r_low   23r_high 24sig_crit
0.117769	799	0	187.08	6.97997	-0.235825	0.82671	0.517818	0.838464	0	0	0	0	0	0	-55257.8	16.3196	0	0        0   799      0      0.1    0.135538    0
0.159622	1584	0	206.429	5.47759	-0.739977	0.642638	-0.289365	0.656274	0	0	0	0	0	0	-108827	12.9062	0	0        0   1584      0      0.135538    0.183706    0
0.216349	2845	0	201.853	4.00333	0.194419	0.478722	0.891678	0.466978	0	0	0	0	0	0	-194983	9.50243	0	0        0   2845      0      0.183706    0.248992    0
0.293236	5075	0	198.347	2.94177	0.289001	0.360775	-0.502398	0.355458	0	0	0	0	0	0	-348840	6.9401	0	0        0   5075      0      0.248992    0.33748    0
0.397447	9280	0	198.63	2.17448	0.270475	0.262318	-0.117628	0.263343	0	0	0	0	0	0	-635225	5.05269	0	0        0   9280      0      0.33748    0.457415    0
0.538693	16843	0	197.021	1.6021	0.208273	0.192918	0.356727	0.193633	0	0	0	0	0	0	-1.15442e+06	3.73578	0	0        0   16843      0      0.457415    0.619972    0
0.730136	31013	0	198.279	1.18761	0.0132175	0.143547	-0.381477	0.145158	0	0	0	0	0	0	-2.1271e+06	2.77721	0	0        0   31013      0      0.619972    0.8403    0
0.989614	56876	0	198.925	0.879666	0.123085	0.105961	0.0630065	0.106315	0	0	0	0	0	0	-3.90118e+06	2.04804	0	0        0   56876      0      0.8403    1.13893    0
1.34131	103988	0	198.766	0.650292	-0.121493	0.0783783	-0.0754383	0.0784976	0	0	0	0	0	0	-7.13161e+06	1.51831	0	0        0   103988      0      1.13893    1.54368    0
1.81798	190551	0	199.25	0.481456	0.00564302	0.0577991	0.0127233	0.0578208	0	0	0	0	0	0	-1.30645e+07	1.12281	0	0        0   190551      0      1.54368    2.09228    0
2.46406	348236	0	199.282	0.356224	-0.00821846	0.0429577	0.0688968	0.0429306	0	0	0	0	0	0	-2.38867e+07	0.831018	0	0        0   348236      0      2.09228    2.83584    0
3.33975	638253	0	200.061	0.264215	0.00415938	0.0317979	-0.00789885	0.0317882	0	0	0	0	0	0	-4.37818e+07	0.617868	0	0        0   638253      0      2.83584    3.84365    0
4.52664	1169719	0	200.474	0.195578	-0.02216	0.0235497	0.0450442	0.0235658	0	0	0	0	0	0	-8.02077e+07	0.457008	0	0        0   1.16972e+06      0      3.84365    5.20962    0
6.13533	2141629	0	200.612	0.144658	-0.00905062	0.0174122	-0.00692837	0.0174296	0	0	0	0	0	0	-1.46858e+08	0.338456	0	0        0   2.14163e+06      0      5.20962    7.06103    0
8.31572	3903223	0	200.314	0.106991	0.0123031	0.0128807	-0.00905877	0.0128844	0	0	0	0	0	0	-2.67687e+08	0.250283	0	0        0   3.90322e+06      0      7.06103    9.5704    0
11.271	7118714	0	200.663	0.0793682	-0.0038864	0.0095543	-0.00821524	0.00955809	0	0	0	0	0	0	-4.88178e+08	0.185754	0	0        0   7.11871e+06      0      9.5704    12.9716    0
15.2765	12966310	0	200.966	0.0589026	0.00451945	0.00708992	-0.0147926	0.00709236	0	0	0	0	0	0	-8.89162e+08	0.137943	0	0        0   1.29663e+07      0      12.9716    17.5814    0
20.7055	23507621	0	200.912	0.043737	-0.00104826	0.00526206	-0.00207715	0.00526471	0	0	0	0	0	0	-1.61203e+09	0.10247	0	0        0   2.35076e+07      0      17.5814    23.8296    0
28.0639	42512072	0	201.066	0.0325512	-0.000710443	0.00391612	0.00410501	0.00391713	0	0	0	0	0	0	-2.91496e+09	0.0762912	0	0        0   4.25121e+07      0      23.8296    32.2982    0
38.0373	76488459	0	201.168	0.0242839	-0.000552755	0.0029203	0.00354991	0.00292061	0	0	0	0	0	0	-5.24405e+09	0.0569846	0	0        0   7.64885e+07      0      32.2982    43.7764    0
51.5551	136707343	0	201.213	0.0181716	0.000471812	0.00218534	0.0157067	0.00218501	0	0	0	0	0	0	-9.37125e+09	0.0426943	0	0        0   1.36707e+08      0      43.7764    59.3338    0
69.8769	242287273	0	201.352	0.0136609	0.00755758	0.00164251	0.00972437	0.00164272	0	0	0	0	0	0	-1.66062e+10	0.0321229	0	0        0   2.42287e+08      0      59.3338    80.42    0
94.7099	424964088	0	201.768	0.0103365	0.016778	0.00124222	0.0201905	0.00124281	0	0	0	0	0	0	-2.91202e+10	0.0243109	0	0        0   4.24964e+08      0      80.42    109    0
