# 1bin_value	2data_points	3sqrt(data_points)	4W	5W_err	6e+	7e+_err	8eX 9eX_err	10e++ 	11e++_err		12eXX	13eXX_err		14e+X	15e+X_err 	16theta          17theta_err       17num_den	18num_err 19LS_err     20wt_num     21wt_num_err  22r_low   23r_high 24sig_crit
0.117769	8570	0	200	0	0	0	0	0	0	0	0	0	0	0	0	0	0	0        0   8570      0      0.1    0.135538    0
0.159622	15352	0	200	0	0	0	0	0	0	0	0	0	0	0	0	0	0	0        0   15352      0      0.135538    0.183706    0
0.216349	28156	0	200	0	0	0	0	0	0	0	0	0	0	0	0	0	0	0        0   28156      0      0.183706    0.248992    0
0.293236	51183	0	200	0	0	0	0	0	0	0	0	0	0	0	0	0	0	0        0   51183      0      0.248992    0.33748    0
0.397447	93312	0	200	0	0	0	0	0	0	0	0	0	0	0	0	0	0	0        0   93312      0      0.33748    0.457415    0
0.538693	170864	0	200	0	0	0	0	0	0	0	0	0	0	0	0	0	0	0        0   170864      0      0.457415    0.619972    0
0.730136	312309	0	200	0	0	0	0	0	0	0	0	0	0	0	0	0	0	0        0   312309      0      0.619972    0.8403    0
0.989614	571309	0	200	0	0	0	0	0	0	0	0	0	0	0	0	0	0	0        0   571309      0      0.8403    1.13893    0
1.34131	1044778	0	200	0	0	0	0	0	0	0	0	0	0	0	0	0	0	0        0   1.04478e+06      0      1.13893    1.54368    0
1.81798	1909544	0	200	0	0	0	0	0	0	0	0	0	0	0	0	0	0	0        0   1.90954e+06      0      1.54368    2.09228    0
2.46406	3489954	0	200	0	0	0	0	0	0	0	0	0	0	0	0	0	0	0        0   3.48995e+06      0      2.09228    2.83584    0
3.33975	6371264	0	200	0	0	0	0	0	0	0	0	0	0	0	0	0	0	0        0   6.37126e+06      0      2.83584    3.84365    0
4.52664	11651941	0	200	0	0	0	0	0	0	0	0	0	0	0	0	0	0	0        0   1.16519e+07      0      3.84365    5.20962    0
6.13533	21314753	0	200	0	0	0	0	0	0	0	0	0	0	0	0	0	0	0        0   2.13148e+07      0      5.20962    7.06103    0
8.31572	38894972	0	200	0	0	0	0	0	0	0	0	0	0	0	0	0	0	0        0   3.8895e+07      0      7.06103    9.5704    0
11.271	70792227	0	200	0	0	0	0	0	0	0	0	0	0	0	0	0	0	0        0   7.07922e+07      0      9.5704    12.9716    0
15.2765	128705693	0	200	0	0	0	0	0	0	0	0	0	0	0	0	0	0	0        0   1.28706e+08      0      12.9716    17.5814    0
20.7055	233282233	0	200	0	0	0	0	0	0	0	0	0	0	0	0	0	0	0        0   2.33282e+08      0      17.5814    23.8296    0
28.0639	421313805	0	200	0	0	0	0	0	0	0	0	0	0	0	0	0	0	0        0   4.21314e+08      0      23.8296    32.2982    0
38.0373	757106897	0	200	0	0	0	0	0	0	0	0	0	0	0	0	0	0	0        0   7.57107e+08      0      32.2982    43.7764    0
51.5551	1351565835	0	200	0	0	0	0	0	0	0	0	0	0	0	0	0	0	0        0   1.35157e+09      0      43.7764    59.3338    0
69.8769	2390358760	0	200	0	0	0	0	0	0	0	0	0	0	0	0	0	0	0        0   2.39036e+09      0      59.3338    80.42    0
94.7099	4175028527	0	200	0	0	0	0	0	0	0	0	0	0	0	0	0	0	0        0   4.17503e+09      0      80.42    109    0
