# 1bin_value	2data_points	3sqrt(data_points)	4W	5W_err	6e+	7e+_err	8eX 9eX_err	10e++ 	11e++_err		12eXX	13eXX_err		14e+X	15e+X_err 	16theta          17theta_err       17num_den	18num_err 19LS_err     20wt_num     21wt_num_err  22r_low   23r_high 24sig_crit
0.117769	820	0	193.301	7.23616	0	0	0	0	0	0	0	0	0	0	-1289.9	90457.5	0	0        0   844      0      0.1    0.135538    0
0.159622	1503	0	197.4	5.44974	0	0	0	0	0	0	0	0	0	0	-1309.65	163445	0	0        0   1548      0      0.135538    0.183706    0
0.216349	2833	0	201.518	4.04755	0	0	0	0	0	0	0	0	0	0	-1348.63	307802	0	0        0   2908      0      0.183706    0.248992    0
0.293236	5003	0	196.04	2.9558	0	0	0	0	0	0	0	0	0	0	-1315.93	544175	0	0        0   5126      0      0.248992    0.33748    0
0.397447	9303	0	199.382	2.20862	0	0	0	0	0	0	0	0	0	0	-1332.29	1.00553e+06	0	0        0   9530      0      0.33748    0.457415    0
0.538693	17106	0	199.538	1.62531	0	0	0	0	0	0	0	0	0	0	-1337.54	1.84252e+06	0	0        0   17470      0      0.457415    0.619972    0
0.730136	31576	0	202.158	1.21374	0	0	0	0	0	0	0	0	0	0	-1354.23	3.41655e+06	0	0        0   32346      0      0.619972    0.8403    0
0.989614	56684	0	198.254	0.88855	0	0	0	0	0	0	0	0	0	0	-1327.97	6.13381e+06	0	0        0   58021      0      0.8403    1.13893    0
1.34131	104719	0	200.034	0.659239	0	0	0	0	0	0	0	0	0	0	-1341.48	1.13308e+07	0	0        0   107096      0      1.13893    1.54368    0
1.81798	191144	0	199.926	0.487794	0	0	0	0	0	0	0	0	0	0	-1339.92	2.069e+07	0	0        0   195673      0      1.54368    2.09228    0
2.46406	348740	0	199.763	0.361072	0	0	0	0	0	0	0	0	0	0	-1337.68	3.77326e+07	0	0        0   357190      0      2.09228    2.83584    0
3.33975	636763	0	199.646	0.266954	0	0	0	0	0	0	0	0	0	0	-1337.67	6.88965e+07	0	0        0   651766      0      2.83584    3.84365    0
4.52664	1169239	0	200.47	0.197881	0	0	0	0	0	0	0	0	0	0	-1342.6	1.26423e+08	0	0        0   1.19704e+06      0      3.84365    5.20962    0
6.13533	2137651	0	200.301	0.146205	0	0	0	0	0	0	0	0	0	0	-1341.93	2.31255e+08	0	0        0   2.18817e+06      0      5.20962    7.06103    0
8.31572	3903838	0	200.471	0.108302	0	0	0	0	0	0	0	0	0	0	-1342.81	4.22386e+08	0	0        0   3.997e+06      0      7.06103    9.5704    0
11.271	7092403	0	200.076	0.0801958	0	0	0	0	0	0	0	0	0	0	-1340.09	7.67416e+08	0	0        0   7.26163e+06      0      9.5704    12.9716    0
15.2765	12902248	0	200.13	0.0594774	0	0	0	0	0	0	0	0	0	0	-1340.59	1.39633e+09	0	0        0   1.32083e+07      0      12.9716    17.5814    0
20.7055	23378810	0	200.024	0.0441666	0	0	0	0	0	0	0	0	0	0	-1340.04	2.53112e+09	0	0        0   2.39327e+07      0      17.5814    23.8296    0
28.0639	42242653	0	200.058	0.0328695	0	0	0	0	0	0	0	0	0	0	-1340.17	4.57422e+09	0	0        0   4.32412e+07      0      23.8296    32.2982    0
38.0373	75979278	0	200.14	0.0245239	0	0	0	0	0	0	0	0	0	0	-1340.64	8.22862e+09	0	0        0   7.7771e+07      0      32.2982    43.7764    0
51.5551	135731667	0	200.13	0.0183528	0	0	0	0	0	0	0	0	0	0	-1340.42	1.47048e+10	0	0        0   1.38935e+08      0      43.7764    59.3338    0
69.8769	240298458	0	200.083	0.0137941	0	0	0	0	0	0	0	0	0	0	-1339.85	2.60371e+10	0	0        0   2.45966e+08      0      59.3338    80.42    0
94.7099	420643279	0	200.163	0.0104313	0	0	0	0	0	0	0	0	0	0	-1340.11	4.55738e+10	0	0        0   4.30562e+08      0      80.42    109    0
