# 1bin_value	2data_points	3sqrt(data_points)	4W	5W_err	6e+	7e+_err	8eX 9eX_err	10e++ 	11e++_err		12eXX	13eXX_err		14e+X	15e+X_err 	16theta          17theta_err       17num_den	18num_err 19LS_err     20wt_num     21wt_num_err  22r_low   23r_high 24sig_crit
0.117769	665	0	1507.5	73.286	21.2475	6.85031	2.47135	6.54141	0	0	0	0	0	0	-45625.9	289.588	0	0        0   685      0      0.1    0.135538    0
0.159622	927	0	1194.86	46.6337	13.7713	4.6121	3.4776	4.62368	0	0	0	0	0	0	-63581.3	164.712	0	0        0   957      0      0.135538    0.183706    0
0.216349	1285	0	856.744	27.0706	10.8978	2.88833	-1.519	2.84136	0	0	0	0	0	0	-87979.4	83.9358	0	0        0   1316      0      0.183706    0.248992    0
0.293236	2169	0	819.433	19.7683	8.44992	2.23594	2.05944	2.12501	0	0	0	0	0	0	-149000	58.262	0	0        0   2234      0      0.248992    0.33748    0
0.397447	3365	0	698.269	13.1565	6.32502	1.51746	1.57429	1.5165	0	0	0	0	0	0	-231487	34.3807	0	0        0   3459      0      0.33748    0.457415    0
0.538693	4556	0	513.738	8.12446	3.83485	0.987367	-1.2081	0.966319	0	0	0	0	0	0	-310849	17.5863	0	0        0   4695      0      0.457415    0.619972    0
0.730136	6691	0	416.263	5.33356	1.73428	0.641356	-0.510747	0.648804	0	0	0	0	0	0	-459250	10.2081	0	0        0   6855      0      0.619972    0.8403    0
0.989614	10505	0	359.619	3.65317	1.07666	0.446686	0.203016	0.449179	0	0	0	0	0	0	-719410	6.31564	0	0        0   10769      0      0.8403    1.13893    0
1.34131	17113	0	318.866	2.52002	0.860591	0.315119	0.134158	0.312868	0	0	0	0	0	0	-1.17342e+06	4.08931	0	0        0   17465      0      1.13893    1.54368    0
1.81798	28689	0	293.624	1.78855	0.298531	0.223937	-0.233324	0.22231	0	0	0	0	0	0	-1.97188e+06	2.80369	0	0        0   29263      0      1.54368    2.09228    0
2.46406	49610	0	279.441	1.29396	0.376324	0.161752	-0.00563416	0.161089	0	0	0	0	0	0	-3.40111e+06	1.93971	0	0        0   50788      0      2.09228    2.83584    0
3.33975	85117	0	262.943	0.927454	0.469035	0.116076	-0.0407327	0.116219	0	0	0	0	0	0	-5.83654e+06	1.36204	0	0        0   87001      0      2.83584    3.84365    0
4.52664	146661	0	248.425	0.666501	0.408774	0.0834548	-0.11267	0.0832669	0	0	0	0	0	0	-1.00546e+07	0.941894	0	0        0   149983      0      3.84365    5.20962    0
6.13533	255977	0	237.493	0.481883	0.312013	0.060547	-0.0341959	0.060613	0	0	0	0	0	0	-1.75546e+07	0.675566	0	0        0   261583      0      5.20962    7.06103    0
8.31572	447913	0	228.029	0.349459	0.227424	0.0439481	0.0759101	0.0439383	0	0	0	0	0	0	-3.07268e+07	0.483349	0	0        0   457459      0      7.06103    9.5704    0
11.271	787804	0	220.901	0.255279	0.173542	0.0321045	-0.0165463	0.0321177	0	0	0	0	0	0	-5.40461e+07	0.352342	0	0        0   804919      0      9.5704    12.9716    0
15.2765	1387911	0	214.363	0.186651	0.181167	0.0234716	-0.00864884	0.0234834	0	0	0	0	0	0	-9.5167e+07	0.258956	0	0        0   1.41776e+06      0      12.9716    17.5814    0
20.7055	2458108	0	209.723	0.137222	0.125298	0.0172515	0.0044849	0.017263	0	0	0	0	0	0	-1.68547e+08	0.191709	0	0        0   2.51e+06      0      17.5814    23.8296    0
28.0639	4367340	0	206.611	0.101468	0.0985311	0.0127549	-0.0119781	0.0127444	0	0	0	0	0	0	-2.9947e+08	0.143071	0	0        0   4.45972e+06      0      23.8296    32.2982    0
38.0373	7740780	0	204.052	0.0753201	0.0804741	0.00946173	-0.0206598	0.00946644	0	0	0	0	0	0	-5.30647e+08	0.107775	0	0        0   7.90404e+06      0      32.2982    43.7764    0
51.5551	13673396	0	202.16	0.0562087	0.0542608	0.00705959	0.025365	0.00706373	0	0	0	0	0	0	-9.37171e+08	0.0822101	0	0        0   1.39631e+07      0      43.7764    59.3338    0
69.8769	24045841	0	201.239	0.0422482	0.0556784	0.00530638	0.0197104	0.00530601	0	0	0	0	0	0	-1.648e+09	0.0633168	0	0        0   2.45559e+07      0      59.3338    80.42    0
94.7099	41927994	0	201.035	0.0320104	0.0295503	0.00401874	0.041891	0.00401912	0	0	0	0	0	0	-2.87366e+09	0.0493353	0	0        0   4.28171e+07      0      80.42    109    0
