# 1bin_value	2data_points	3sqrt(data_points)	4W	5W_err	6e+	7e+_err	8eX 9eX_err	10e++ 	11e++_err		12eXX	13eXX_err		14e+X	15e+X_err 	16theta          17theta_err       17num_den	18num_err 19LS_err     20wt_num     21wt_num_err  22r_low   23r_high 24sig_crit
0.117769	824	0	194.96	7.26951	0	0	0	0	0	0	0	0	0	0	-1302.53	90457.5	0	0        0   848      0      0.1    0.135538    0
0.159622	1515	0	198.802	5.4497	0	0	0	0	0	0	0	0	0	0	-1320.5	163445	0	0        0   1560      0      0.135538    0.183706    0
0.216349	2828	0	201.678	4.05468	0	0	0	0	0	0	0	0	0	0	-1348.92	307802	0	0        0   2905      0      0.183706    0.248992    0
0.293236	4997	0	195.859	2.95648	0	0	0	0	0	0	0	0	0	0	-1314.45	544175	0	0        0   5120      0      0.248992    0.33748    0
0.397447	9294	0	199.302	2.20902	0	0	0	0	0	0	0	0	0	0	-1331.54	1.00553e+06	0	0        0   9524      0      0.33748    0.457415    0
0.538693	17049	0	199.018	1.62626	0	0	0	0	0	0	0	0	0	0	-1334.02	1.84252e+06	0	0        0   17412      0      0.457415    0.619972    0
0.730136	31510	0	201.742	1.21341	0	0	0	0	0	0	0	0	0	0	-1351.1	3.41655e+06	0	0        0   32284      0      0.619972    0.8403    0
0.989614	56659	0	198.287	0.889065	0	0	0	0	0	0	0	0	0	0	-1328.09	6.13381e+06	0	0        0   58000      0      0.8403    1.13893    0
1.34131	104623	0	199.954	0.659571	0	0	0	0	0	0	0	0	0	0	-1341.1	1.13308e+07	0	0        0   106996      0      1.13893    1.54368    0
1.81798	190780	0	199.669	0.488026	0	0	0	0	0	0	0	0	0	0	-1338.09	2.069e+07	0	0        0   195312      0      1.54368    2.09228    0
2.46406	348266	0	199.608	0.361258	0	0	0	0	0	0	0	0	0	0	-1336.64	3.77326e+07	0	0        0   356702      0      2.09228    2.83584    0
3.33975	635582	0	199.398	0.267083	0	0	0	0	0	0	0	0	0	0	-1336.02	6.88965e+07	0	0        0   650571      0      2.83584    3.84365    0
4.52664	1167109	0	200.27	0.198014	0	0	0	0	0	0	0	0	0	0	-1341.17	1.26423e+08	0	0        0   1.19493e+06      0      3.84365    5.20962    0
6.13533	2133001	0	200.054	0.146325	0	0	0	0	0	0	0	0	0	0	-1340.25	2.31255e+08	0	0        0   2.18346e+06      0      5.20962    7.06103    0
8.31572	3894353	0	200.222	0.108413	0	0	0	0	0	0	0	0	0	0	-1341.09	4.22386e+08	0	0        0   3.9875e+06      0      7.06103    9.5704    0
11.271	7073909	0	199.857	0.0803038	0	0	0	0	0	0	0	0	0	0	-1338.53	7.67416e+08	0	0        0   7.24318e+06      0      9.5704    12.9716    0
15.2765	12862179	0	199.877	0.0595765	0	0	0	0	0	0	0	0	0	0	-1338.83	1.39633e+09	0	0        0   1.31681e+07      0      12.9716    17.5814    0
20.7055	23294081	0	199.772	0.0442623	0	0	0	0	0	0	0	0	0	0	-1338.26	2.53112e+09	0	0        0   2.38482e+07      0      17.5814    23.8296    0
28.0639	42057989	0	199.786	0.0329614	0	0	0	0	0	0	0	0	0	0	-1338.24	4.57422e+09	0	0        0   4.30566e+07      0      23.8296    32.2982    0
38.0373	75559827	0	199.847	0.0246175	0	0	0	0	0	0	0	0	0	0	-1338.56	8.22862e+09	0	0        0   7.73514e+07      0      32.2982    43.7764    0
51.5551	134786830	0	199.84	0.0184495	0	0	0	0	0	0	0	0	0	0	-1338.38	1.47048e+10	0	0        0   1.37988e+08      0      43.7764    59.3338    0
69.8769	238240644	0	199.829	0.0138915	0	0	0	0	0	0	0	0	0	0	-1338.09	2.60371e+10	0	0        0   2.43902e+08      0      59.3338    80.42    0
94.7099	416354104	0	199.932	0.0105237	0	0	0	0	0	0	0	0	0	0	-1338.66	4.55738e+10	0	0        0   4.26245e+08      0      80.42    109    0
