# 1bin_value	2data_points	3sqrt(data_points)	4W	5W_err	6e+	7e+_err	8eX 9eX_err	10e++ 	11e++_err		12eXX	13eXX_err		14e+X	15e+X_err 	16theta          17theta_err       17num_den	18num_err 19LS_err     20wt_num     21wt_num_err  22r_low   23r_high 24sig_crit
0.117769	794	0	186.009	6.97843	-0.229535	0.827014	0.56659	0.839226	0	0	0	0	0	0	-54890.3	16.6727	0	0        0   794      0      0.1    0.135538    0
0.159622	1573	0	205.012	5.47567	-0.694352	0.642813	-0.36387	0.6566	0	0	0	0	0	0	-107946	13.3076	0	0        0   1573      0      0.135538    0.183706    0
0.216349	2851	0	202.325	4.00475	0.296376	0.478801	0.883439	0.466962	0	0	0	0	0	0	-195353	9.45057	0	0        0   2851      0      0.183706    0.248992    0
0.293236	5068	0	198.56	2.94908	0.228696	0.361646	-0.505748	0.356293	0	0	0	0	0	0	-348419	6.98418	0	0        0   5068      0      0.248992    0.33748    0
0.397447	9242	0	198.155	2.17778	0.30886	0.262748	-0.107791	0.263764	0	0	0	0	0	0	-632623	5.13079	0	0        0   9242      0      0.33748    0.457415    0
0.538693	16824	0	197.122	1.60473	0.1922	0.19323	0.367782	0.193942	0	0	0	0	0	0	-1.15312e+06	3.75865	0	0        0   16824      0      0.457415    0.619972    0
0.730136	30969	0	198.315	1.18945	0.0272337	0.143768	-0.326744	0.145383	0	0	0	0	0	0	-2.12423e+06	2.79425	0	0        0   30969      0      0.619972    0.8403    0
0.989614	56691	0	198.564	0.880806	0.14705	0.106113	0.0641866	0.106468	0	0	0	0	0	0	-3.88819e+06	2.0756	0	0        0   56691      0      0.8403    1.13893    0
1.34131	103710	0	198.534	0.651193	-0.125968	0.078495	-0.0744301	0.0786147	0	0	0	0	0	0	-7.11243e+06	1.53486	0	0        0   103710      0      1.13893    1.54368    0
1.81798	189865	0	198.877	0.482227	-0.000590534	0.0579019	0.0304825	0.0579231	0	0	0	0	0	0	-1.30186e+07	1.13844	0	0        0   189865      0      1.54368    2.09228    0
2.46406	347023	0	198.928	0.356776	-0.00465097	0.043031	0.0662518	0.0430039	0	0	0	0	0	0	-2.38042e+07	0.84229	0	0        0   347023      0      2.09228    2.83584    0
3.33975	635997	0	199.727	0.264673	-0.00047028	0.031858	-0.00481127	0.0318482	0	0	0	0	0	0	-4.36272e+07	0.6267	0	0        0   635997      0      2.83584    3.84365    0
4.52664	1165012	0	200.069	0.195935	-0.0209144	0.023597	0.0381959	0.0236132	0	0	0	0	0	0	-7.98833e+07	0.464347	0	0        0   1.16501e+06      0      3.84365    5.20962    0
6.13533	2132049	0	200.161	0.144953	-0.0140055	0.0174512	-0.00858078	0.0174687	0	0	0	0	0	0	-1.46201e+08	0.344468	0	0        0   2.13205e+06      0      5.20962    7.06103    0
8.31572	3884521	0	199.893	0.107259	0.0122175	0.0129155	-0.00678024	0.0129192	0	0	0	0	0	0	-2.66408e+08	0.255133	0	0        0   3.88452e+06      0      7.06103    9.5704    0
11.271	7080593	0	200.222	0.0796044	0.0010445	0.00958465	-0.0108949	0.00958846	0	0	0	0	0	0	-4.85562e+08	0.189852	0	0        0   7.08059e+06      0      9.5704    12.9716    0
15.2765	12885554	0	200.474	0.0591132	0.00660825	0.00711686	-0.017049	0.00711931	0	0	0	0	0	0	-8.83619e+08	0.141499	0	0        0   1.28856e+07      0      12.9716    17.5814    0
20.7055	23336598	0	200.383	0.043931	0.00172615	0.00528667	-0.00251157	0.00528933	0	0	0	0	0	0	-1.60029e+09	0.105596	0	0        0   2.33366e+07      0      17.5814    23.8296    0
28.0639	42141684	0	200.473	0.0327316	0.000806771	0.00393888	0.00169753	0.0039399	0	0	0	0	0	0	-2.88955e+09	0.0790983	0	0        0   4.21417e+07      0      23.8296    32.2982    0
38.0373	75714461	0	200.566	0.0244521	-0.00215158	0.00294133	0.00340337	0.00294165	0	0	0	0	0	0	-5.1911e+09	0.0594457	0	0        0   7.57145e+07      0      32.2982    43.7764    0
51.5551	135100903	0	200.57	0.0183237	-0.000360166	0.00220427	0.0169371	0.00220395	0	0	0	0	0	0	-9.26179e+09	0.0448365	0	0        0   1.35101e+08      0      43.7764    59.3338    0
69.8769	239016207	0	200.62	0.013793	0.00691985	0.00165895	0.0139291	0.00165916	0	0	0	0	0	0	-1.63842e+10	0.03396	0	0        0   2.39016e+08      0      59.3338    80.42    0
94.7099	418476427	0	200.93	0.0104493	0.015136	0.00125624	0.024933	0.00125684	0	0	0	0	0	0	-2.86823e+10	0.0258654	0	0        0   4.18476e+08      0      80.42    109    0
