# 1bin_value	2data_points	3sqrt(data_points)	4W	5W_err	6e+	7e+_err	8eX 9eX_err	10e++ 	11e++_err		12eXX	13eXX_err		14e+X	15e+X_err 	16theta          17theta_err       17num_den	18num_err 19LS_err     20wt_num     21wt_num_err  22r_low   23r_high 24sig_crit
0.117769	8574	0	200	0	0	0	0	0	0	0	0	0	0	0	0	0	0	0        0   8574      0      0.1    0.135538    0
0.159622	15338	0	200	0	0	0	0	0	0	0	0	0	0	0	0	0	0	0        0   15338      0      0.135538    0.183706    0
0.216349	28164	0	200	0	0	0	0	0	0	0	0	0	0	0	0	0	0	0        0   28164      0      0.183706    0.248992    0
0.293236	51147	0	200	0	0	0	0	0	0	0	0	0	0	0	0	0	0	0        0   51147      0      0.248992    0.33748    0
0.397447	93423	0	200	0	0	0	0	0	0	0	0	0	0	0	0	0	0	0        0   93423      0      0.33748    0.457415    0
0.538693	170938	0	200	0	0	0	0	0	0	0	0	0	0	0	0	0	0	0        0   170938      0      0.457415    0.619972    0
0.730136	312411	0	200	0	0	0	0	0	0	0	0	0	0	0	0	0	0	0        0   312411      0      0.619972    0.8403    0
0.989614	571059	0	200	0	0	0	0	0	0	0	0	0	0	0	0	0	0	0        0   571059      0      0.8403    1.13893    0
1.34131	1044935	0	200	0	0	0	0	0	0	0	0	0	0	0	0	0	0	0        0   1.04494e+06      0      1.13893    1.54368    0
1.81798	1909679	0	200	0	0	0	0	0	0	0	0	0	0	0	0	0	0	0        0   1.90968e+06      0      1.54368    2.09228    0
2.46406	3489716	0	200	0	0	0	0	0	0	0	0	0	0	0	0	0	0	0        0   3.48972e+06      0      2.09228    2.83584    0
3.33975	6370831	0	200	0	0	0	0	0	0	0	0	0	0	0	0	0	0	0        0   6.37083e+06      0      2.83584    3.84365    0
4.52664	11650606	0	200	0	0	0	0	0	0	0	0	0	0	0	0	0	0	0        0   1.16506e+07      0      3.84365    5.20962    0
6.13533	21310853	0	200	0	0	0	0	0	0	0	0	0	0	0	0	0	0	0        0   2.13109e+07      0      5.20962    7.06103    0
8.31572	38884601	0	200	0	0	0	0	0	0	0	0	0	0	0	0	0	0	0        0   3.88846e+07      0      7.06103    9.5704    0
11.271	70771238	0	200	0	0	0	0	0	0	0	0	0	0	0	0	0	0	0        0   7.07712e+07      0      9.5704    12.9716    0
15.2765	128643222	0	200	0	0	0	0	0	0	0	0	0	0	0	0	0	0	0        0   1.28643e+08      0      12.9716    17.5814    0
20.7055	233125888	0	200	0	0	0	0	0	0	0	0	0	0	0	0	0	0	0        0   2.33126e+08      0      17.5814    23.8296    0
28.0639	420873893	0	200	0	0	0	0	0	0	0	0	0	0	0	0	0	0	0        0   4.20874e+08      0      23.8296    32.2982    0
38.0373	755961678	0	200	0	0	0	0	0	0	0	0	0	0	0	0	0	0	0        0   7.55962e+08      0      32.2982    43.7764    0
51.5551	1348894599	0	200	0	0	0	0	0	0	0	0	0	0	0	0	0	0	0        0   1.34889e+09      0      43.7764    59.3338    0
69.8769	2385414939	0	200	0	0	0	0	0	0	0	0	0	0	0	0	0	0	0        0   2.38541e+09      0      59.3338    80.42    0
94.7099	4169607194	0	200	0	0	0	0	0	0	0	0	0	0	0	0	0	0	0        0   4.16961e+09      0      80.42    109    0
