# 1bin_value	2data_points	3sqrt(data_points)	4W	5W_err	6e+	7e+_err	8eX 9eX_err	10e++ 	11e++_err		12eXX	13eXX_err		14e+X	15e+X_err 	16theta          17theta_err       17num_den	18num_err 19LS_err     20wt_num     21wt_num_err  22r_low   23r_high 24sig_crit
0.117769	796	0	186.506	6.98344	-0.39686	0.828352	0.412408	0.838118	0	0	0	0	0	0	-55130.7	16.3846	0	0        0   796      0      0.1    0.135538    0
0.159622	1585	0	206.613	5.47951	-0.706806	0.642848	-0.132879	0.656411	0	0	0	0	0	0	-108854	12.9252	0	0        0   1585      0      0.135538    0.183706    0
0.216349	2841	0	201.933	4.0104	0.243351	0.479693	0.940838	0.467554	0	0	0	0	0	0	-194701	9.57297	0	0        0   2841      0      0.183706    0.248992    0
0.293236	5071	0	198.508	2.94644	0.155609	0.361291	-0.516885	0.35597	0	0	0	0	0	0	-348645	6.96084	0	0        0   5071      0      0.248992    0.33748    0
0.397447	9258	0	198.44	2.17737	0.244613	0.26266	-0.0880227	0.263708	0	0	0	0	0	0	-633740	5.09999	0	0        0   9258      0      0.33748    0.457415    0
0.538693	16817	0	197.064	1.60483	0.224056	0.193246	0.352425	0.193966	0	0	0	0	0	0	-1.15247e+06	3.7667	0	0        0   16817      0      0.457415    0.619972    0
0.730136	30949	0	198.118	1.18894	0.00915646	0.143718	-0.356336	0.145332	0	0	0	0	0	0	-2.12301e+06	2.79606	0	0        0   30949      0      0.619972    0.8403    0
0.989614	56704	0	198.556	0.880572	0.138121	0.106085	0.0724718	0.106443	0	0	0	0	0	0	-3.88942e+06	2.0718	0	0        0   56704      0      0.8403    1.13893    0
1.34131	103823	0	198.71	0.651124	-0.13982	0.0784804	-0.0700698	0.0785998	0	0	0	0	0	0	-7.12035e+06	1.52913	0	0        0   103823      0      1.13893    1.54368    0
1.81798	190129	0	199.143	0.482242	-0.00116848	0.0578964	0.0177886	0.0579175	0	0	0	0	0	0	-1.30359e+07	1.13364	0	0        0   190129      0      1.54368    2.09228    0
2.46406	347460	0	199.153	0.356764	-0.00495272	0.0430253	0.0791501	0.042998	0	0	0	0	0	0	-2.38335e+07	0.839028	0	0        0   347460      0      2.09228    2.83584    0
3.33975	636914	0	199.978	0.264653	0.00862143	0.031852	-0.00733333	0.0318421	0	0	0	0	0	0	-4.369e+07	0.623761	0	0        0   636914      0      2.83584    3.84365    0
4.52664	1166517	0	200.322	0.195952	-0.0192055	0.0235964	0.0424073	0.0236125	0	0	0	0	0	0	-7.99887e+07	0.462427	0	0        0   1.16652e+06      0      3.84365    5.20962    0
6.13533	2135706	0	200.492	0.144963	-0.00965415	0.0174498	-0.00639041	0.0174673	0	0	0	0	0	0	-1.46452e+08	0.342623	0	0        0   2.13571e+06      0      5.20962    7.06103    0
8.31572	3891218	0	200.192	0.107248	0.0123697	0.0129125	-0.0115848	0.0129162	0	0	0	0	0	0	-2.66869e+08	0.253699	0	0        0   3.89122e+06      0      7.06103    9.5704    0
11.271	7093970	0	200.554	0.0795975	-0.000118385	0.00958237	-0.0106013	0.00958618	0	0	0	0	0	0	-4.86482e+08	0.188697	0	0        0   7.09397e+06      0      9.5704    12.9716    0
15.2765	12915002	0	200.862	0.0591028	0.00429797	0.00711435	-0.0174747	0.0071168	0	0	0	0	0	0	-8.85644e+08	0.14045	0	0        0   1.2915e+07      0      12.9716    17.5814    0
20.7055	23399422	0	200.821	0.0439172	-0.00169977	0.00528395	-0.00350117	0.00528661	0	0	0	0	0	0	-1.60461e+09	0.10466	0	0        0   2.33994e+07      0      17.5814    23.8296    0
28.0639	42276347	0	200.957	0.032713	-0.00288256	0.00393577	0.00277953	0.00393679	0	0	0	0	0	0	-2.89887e+09	0.0782436	0	0        0   4.22763e+07      0      23.8296    32.2982    0
38.0373	75987518	0	201.063	0.02443	-0.0027623	0.002938	0.00105645	0.00293831	0	0	0	0	0	0	-5.21007e+09	0.0587001	0	0        0   7.59875e+07      0      32.2982    43.7764    0
51.5551	135626962	0	201.092	0.0183043	0.00163065	0.00220141	0.0153936	0.00220109	0	0	0	0	0	0	-9.29853e+09	0.0442274	0	0        0   1.35627e+08      0      43.7764    59.3338    0
69.8769	239932824	0	201.159	0.0137805	0.00842599	0.00165703	0.0122661	0.00165724	0	0	0	0	0	0	-1.64487e+10	0.033512	0	0        0   2.39933e+08      0      59.3338    80.42    0
94.7099	420068678	0	201.529	0.0104435	0.0137569	0.0012552	0.0221626	0.00125581	0	0	0	0	0	0	-2.87972e+10	0.0255298	0	0        0   4.20069e+08      0      80.42    109    0
