# 1bin_value	2data_points	3sqrt(data_points)	4W	5W_err	6e+	7e+_err	8eX 9eX_err	10e++ 	11e++_err		12eXX	13eXX_err		14e+X	15e+X_err 	16theta          17theta_err       17num_den	18num_err 19LS_err     20wt_num     21wt_num_err  22r_low   23r_high 24sig_crit
0.117769	663	0	1501.3	73.0614	21.1814	6.84493	2.93313	6.53547	0	0	0	0	0	0	-45424	288.738	0	0        0   683      0      0.1    0.135538    0
0.159622	929	0	1196.28	46.6324	14.0224	4.61125	2.674	4.62032	0	0	0	0	0	0	-63705.3	164.603	0	0        0   959      0      0.135538    0.183706    0
0.216349	1294	0	861.032	27.0826	10.7092	2.88644	-1.44453	2.83818	0	0	0	0	0	0	-88584.2	83.4218	0	0        0   1324      0      0.183706    0.248992    0
0.293236	2187	0	825.506	19.7893	8.41425	2.23451	2.29043	2.12358	0	0	0	0	0	0	-150251	57.7727	0	0        0   2252      0      0.248992    0.33748    0
0.397447	3377	0	699.249	13.1334	6.58819	1.51475	1.72853	1.5138	0	0	0	0	0	0	-232342	33.9599	0	0        0   3470      0      0.33748    0.457415    0
0.538693	4600	0	517.467	8.1176	4.18407	0.985628	-1.45773	0.964514	0	0	0	0	0	0	-313899	17.0042	0	0        0   4738      0      0.457415    0.619972    0
0.730136	6683	0	415.478	5.33066	1.74611	0.641092	-0.576689	0.648456	0	0	0	0	0	0	-458800	10.2446	0	0        0   6845      0      0.619972    0.8403    0
0.989614	10555	0	360.698	3.64841	1.05561	0.446088	0.207326	0.448571	0	0	0	0	0	0	-722831	6.11372	0	0        0   10817      0      0.8403    1.13893    0
1.34131	17170	0	319.56	2.51706	0.849821	0.314692	0.162729	0.312455	0	0	0	0	0	0	-1.17735e+06	3.98481	0	0        0   17527      0      1.13893    1.54368    0
1.81798	28826	0	294.626	1.78583	0.266058	0.223585	-0.264319	0.221957	0	0	0	0	0	0	-1.98104e+06	2.68825	0	0        0   29408      0      1.54368    2.09228    0
2.46406	49787	0	279.945	1.29181	0.427186	0.161471	-0.0450991	0.160815	0	0	0	0	0	0	-3.41352e+06	1.87075	0	0        0   50968      0      2.09228    2.83584    0
3.33975	85499	0	263.63	0.925824	0.461346	0.115865	-0.0597316	0.11601	0	0	0	0	0	0	-5.86276e+06	1.30087	0	0        0   87392      0      2.83584    3.84365    0
4.52664	147077	0	248.606	0.665157	0.41548	0.0832854	-0.106861	0.0830975	0	0	0	0	0	0	-1.0083e+07	0.912182	0	0        0   150400      0      3.84365    5.20962    0
6.13533	256847	0	237.756	0.480782	0.323281	0.0604074	-0.0167688	0.0604734	0	0	0	0	0	0	-1.76149e+07	0.648492	0	0        0   262480      0      5.20962    7.06103    0
8.31572	449490	0	228.243	0.348565	0.222251	0.0438351	0.0829094	0.0438251	0	0	0	0	0	0	-3.08343e+07	0.463142	0	0        0   459074      0      7.06103    9.5704    0
11.271	790663	0	221.024	0.254515	0.183642	0.0320082	-0.0253315	0.0320213	0	0	0	0	0	0	-5.42383e+07	0.337428	0	0        0   807806      0      9.5704    12.9716    0
15.2765	1394578	0	214.618	0.18599	0.185171	0.0233882	-0.00764332	0.0234	0	0	0	0	0	0	-9.56275e+07	0.243887	0	0        0   1.42455e+06      0      12.9716    17.5814    0
20.7055	2472218	0	210.001	0.136627	0.124853	0.0171765	0.00742278	0.0171879	0	0	0	0	0	0	-1.69521e+08	0.178378	0	0        0   2.52435e+06      0      17.5814    23.8296    0
28.0639	4396998	0	206.892	0.100927	0.0924436	0.0126868	-0.00608932	0.0126763	0	0	0	0	0	0	-3.01512e+08	0.131443	0	0        0   4.4898e+06      0      23.8296    32.2982    0
38.0373	7802617	0	204.315	0.0748243	0.0768655	0.00939933	-0.0185165	0.00940399	0	0	0	0	0	0	-5.34886e+08	0.0977409	0	0        0   7.9668e+06      0      32.2982    43.7764    0
51.5551	13809698	0	202.47	0.0557455	0.0582017	0.00700131	0.0244909	0.00700542	0	0	0	0	0	0	-9.46467e+08	0.0730798	0	0        0   1.41009e+07      0      43.7764    59.3338    0
69.8769	24347326	0	201.621	0.0418101	0.0592419	0.00525124	0.0142409	0.00525088	0	0	0	0	0	0	-1.66857e+09	0.054813	0	0        0   2.48609e+07      0      59.3338    80.42    0
94.7099	42597269	0	201.547	0.0315929	0.0349912	0.00396623	0.0380803	0.00396661	0	0	0	0	0	0	-2.91915e+09	0.0413279	0	0        0   4.34943e+07      0      80.42    109    0
