# 1bin_value	2data_points	3sqrt(data_points)	4W	5W_err	6e+	7e+_err	8eX 9eX_err	10e++ 	11e++_err		12eXX	13eXX_err		14e+X	15e+X_err 	16theta          17theta_err       17num_den	18num_err 19LS_err     20wt_num     21wt_num_err  22r_low   23r_high 24sig_crit
0.117769	795	0	186.392	6.98492	-0.480315	0.82844	0.655111	0.839838	0	0	0	0	0	0	-55022.2	16.507	0	0        0   795      0      0.1    0.135538    0
0.159622	1582	0	205.975	5.4713	-0.709316	0.641853	-0.256821	0.65587	0	0	0	0	0	0	-108720	12.9137	0	0        0   1582      0      0.135538    0.183706    0
0.216349	2847	0	202.159	4.00669	0.157821	0.479097	0.81002	0.467293	0	0	0	0	0	0	-195062	9.50836	0	0        0   2847      0      0.183706    0.248992    0
0.293236	5086	0	199.064	2.94658	0.225825	0.361239	-0.498672	0.355931	0	0	0	0	0	0	-349591	6.90262	0	0        0   5086      0      0.248992    0.33748    0
0.397447	9270	0	198.719	2.17791	0.199999	0.262705	-0.0741	0.263734	0	0	0	0	0	0	-634489	5.08502	0	0        0   9270      0      0.33748    0.457415    0
0.538693	16845	0	197.253	1.6039	0.23469	0.193131	0.339351	0.193837	0	0	0	0	0	0	-1.15438e+06	3.7449	0	0        0   16845      0      0.457415    0.619972    0
0.730136	30999	0	198.407	1.18893	0.00243894	0.1437	-0.357546	0.145313	0	0	0	0	0	0	-2.12625e+06	2.78408	0	0        0   30999      0      0.619972    0.8403    0
0.989614	56791	0	198.778	0.880303	0.135695	0.106045	0.0567032	0.106399	0	0	0	0	0	0	-3.89508e+06	2.06184	0	0        0   56791      0      0.8403    1.13893    0
1.34131	103930	0	198.875	0.651037	-0.133201	0.0784638	-0.0777273	0.0785839	0	0	0	0	0	0	-7.12711e+06	1.52459	0	0        0   103930      0      1.13893    1.54368    0
1.81798	190309	0	199.226	0.482026	0.00373112	0.0578689	0.0294208	0.0578898	0	0	0	0	0	0	-1.30482e+07	1.12982	0	0        0   190309      0      1.54368    2.09228    0
2.46406	347882	0	199.305	0.356629	-0.00666973	0.0430061	0.0662303	0.042979	0	0	0	0	0	0	-2.38611e+07	0.835619	0	0        0   347882      0      2.09228    2.83584    0
3.33975	637441	0	200.066	0.264561	0.00665642	0.0318396	-0.0109402	0.0318298	0	0	0	0	0	0	-4.37267e+07	0.621727	0	0        0   637441      0      2.83584    3.84365    0
4.52664	1167936	0	200.46	0.195862	-0.0180233	0.0235842	0.0427844	0.0236003	0	0	0	0	0	0	-8.00849e+07	0.460385	0	0        0   1.16794e+06      0      3.84365    5.20962    0
6.13533	2137962	0	200.6	0.144897	-0.00973944	0.017441	-0.00461519	0.0174585	0	0	0	0	0	0	-1.46609e+08	0.341207	0	0        0   2.13796e+06      0      5.20962    7.06103    0
8.31572	3895278	0	200.295	0.107198	0.0121651	0.0129058	-0.00818902	0.0129095	0	0	0	0	0	0	-2.67149e+08	0.252677	0	0        0   3.89528e+06      0      7.06103    9.5704    0
11.271	7102417	0	200.664	0.0795508	0.000298127	0.00957628	-0.00890255	0.00958008	0	0	0	0	0	0	-4.87057e+08	0.187833	0	0        0   7.10242e+06      0      9.5704    12.9716    0
15.2765	12929857	0	200.95	0.0590633	0.00594649	0.00710932	-0.0151129	0.00711177	0	0	0	0	0	0	-8.86667e+08	0.139797	0	0        0   1.29299e+07      0      12.9716    17.5814    0
20.7055	23425011	0	200.883	0.0438844	0.0018368	0.00527986	-0.00189546	0.00528251	0	0	0	0	0	0	-1.60636e+09	0.104188	0	0        0   2.3425e+07      0      17.5814    23.8296    0
28.0639	42323578	0	201.017	0.0326874	0.00113151	0.00393259	0.00533813	0.00393361	0	0	0	0	0	0	-2.90206e+09	0.0778901	0	0        0   4.23236e+07      0      23.8296    32.2982    0
38.0373	76058288	0	201.095	0.0244117	0.00026724	0.00293576	0.00455242	0.00293607	0	0	0	0	0	0	-5.21471e+09	0.0584828	0	0        0   7.60583e+07      0      32.2982    43.7764    0
51.5551	135722548	0	201.106	0.0182929	0.000812615	0.00220003	0.0166883	0.00219971	0	0	0	0	0	0	-9.30442e+09	0.0441116	0	0        0   1.35723e+08      0      43.7764    59.3338    0
69.8769	240007162	0	201.162	0.0137765	0.00691849	0.00165655	0.0102078	0.00165677	0	0	0	0	0	0	-1.64517e+10	0.033494	0	0        0   2.40007e+08      0      59.3338    80.42    0
94.7099	419717031	0	201.411	0.0104456	0.0143091	0.00125552	0.0196351	0.00125613	0	0	0	0	0	0	-2.87658e+10	0.0256413	0	0        0   4.19717e+08      0      80.42    109    0
