# 1bin_value	2data_points	3sqrt(data_points)	4W	5W_err	6e+	7e+_err	8eX 9eX_err	10e++ 	11e++_err		12eXX	13eXX_err		14e+X	15e+X_err 	16theta          17theta_err       17num_den	18num_err 19LS_err     20wt_num     21wt_num_err  22r_low   23r_high 24sig_crit
0.117769	666	29.9711	1326.34	73.8287	21.7963	6.895	3.14457	6.58852	0	0	0	0	0	0	-8741	288.785	0	29.9711        0   0      0      0.1    0.135538    0
0.159622	929	20.1479	993.325	47.4211	15.3073	4.6634	2.80842	4.67668	0	0	0	0	0	0	-6558.2	166.317	0	20.1479        0   0      0      0.135538    0.183706    0
0.216349	1288	13.2456	654.102	27.6923	10.7706	2.92673	-2.98805	2.87714	0	0	0	0	0	0	-4356.73	84.4751	0	13.2456        0   0      0      0.183706    0.248992    0
0.293236	2174	9.06515	626.622	20.2326	8.47949	2.26634	3.09157	2.1561	0	0	0	0	0	0	-4114.35	58.6466	0	9.06515        0   0      0      0.248992    0.33748    0
0.397447	3377	6.27213	501.898	13.5095	6.18572	1.53922	1.83905	1.5381	0	0	0	0	0	0	-3330.6	34.3423	0	6.27213        0   0      0      0.33748    0.457415    0
0.538693	4591	4.73019	321.007	8.45116	3.68048	1.00651	-1.93307	0.985944	0	0	0	0	0	0	-2077.41	17.6582	0	4.73019        0   0      0      0.457415    0.619972    0
0.730136	6678	3.57019	215.644	5.5987	1.70708	0.6576	-0.0179699	0.665105	0	0	0	0	0	0	-1425.41	10.6804	0	3.57019        0   0      0      0.619972    0.8403    0
0.989614	10527	2.59816	162.945	3.86129	0.895771	0.459063	0.0796601	0.461603	0	0	0	0	0	0	-1045.6	6.53619	0	2.59816        0   0      0      0.8403    1.13893    0
1.34131	17156	1.94035	120.774	2.6859	0.897407	0.324815	0.199292	0.322654	0	0	0	0	0	0	-785.165	4.31969	0	1.94035        0   0      0      1.13893    1.54368    0
1.81798	28767	1.44149	95.396	1.9163	0.265904	0.231372	-0.240392	0.229799	0	0	0	0	0	0	-619.525	2.97836	0	1.44149        0   0      0      1.54368    2.09228    0
2.46406	49734	1.06618	81.0674	1.39026	0.432057	0.167396	-0.0466397	0.16675	0	0	0	0	0	0	-510.623	2.07362	0	1.06618        0   0      0      2.09228    2.83584    0
3.33975	85349	0.792287	63.9244	1.00096	0.452411	0.120383	-0.0346274	0.12052	0	0	0	0	0	0	-397.584	1.46631	0	0.792287        0   0      0      2.83584    3.84365    0
4.52664	146877	0.589652	47.8804	0.722441	0.433481	0.0867313	-0.137489	0.0865543	0	0	0	0	0	0	-294.975	1.03615	0	0.589652        0   0      0      3.84365    5.20962    0
6.13533	256427	0.436518	36.9983	0.524086	0.339045	0.0630117	-0.0267956	0.0630804	0	0	0	0	0	0	-222.351	0.745412	0	0.436518        0   0      0      5.20962    7.06103    0
8.31572	448682	0.324957	27.6192	0.381313	0.22738	0.0458077	0.0914771	0.045799	0	0	0	0	0	0	-161.568	0.538186	0	0.324957        0   0      0      7.06103    9.5704    0
11.271	789539	0.241903	20.6284	0.279204	0.18774	0.0335033	-0.0174726	0.0335171	0	0	0	0	0	0	-111.392	0.39308	0	0.241903        0   0      0      9.5704    12.9716    0
15.2765	1391050	0.180552	13.7128	0.20463	0.178999	0.0245227	0.0154581	0.0245347	0	0	0	0	0	0	-65.2369	0.288856	0	0.180552        0   0      0      12.9716    17.5814    0
20.7055	2464175	0.134817	9.28227	0.150687	0.127029	0.0180374	0.00709474	0.0180491	0	0	0	0	0	0	-35.1361	0.213825	0	0.134817        0   0      0      17.5814    23.8296    0
28.0639	4377302	0.100789	5.92352	0.111546	0.0984307	0.0133425	-0.00991901	0.0133328	0	0	0	0	0	0	-13.0805	0.160007	0	0.100789        0   0      0      23.8296    32.2982    0
38.0373	7758522	0.0755321	3.19173	0.082878	0.0795693	0.00990181	-0.02347	0.00990639	0	0	0	0	0	0	4.91187	0.120483	0	0.0755321        0   0      0      32.2982    43.7764    0
51.5551	13709082	0.0567591	1.29017	0.0618809	0.0605885	0.00738916	0.00744917	0.00739301	0	0	0	0	0	0	17.6957	0.0915081	0	0.0567591        0   0      0      43.7764    59.3338    0
69.8769	24120803	0.042764	0.310323	0.0465121	0.0509239	0.00555307	0.00496807	0.00555278	0	0	0	0	0	0	24.1616	0.0700034	0	0.042764        0   0      0      59.3338    80.42    0
94.7099	42090579	0.0323653	-0.256721	0.0352263	0.0192668	0.00420365	0.0133035	0.0042042	0	0	0	0	0	0	27.2144	0.0540136	0	0.0323653        0   0      0      80.42    109    0
