# 1bin_value	2data_points	3sqrt(data_points)	4W	5W_err	6e+	7e+_err	8eX 9eX_err	10e++ 	11e++_err		12eXX	13eXX_err		14e+X	15e+X_err 	16theta          17theta_err       17num_den	18num_err 19LS_err     20wt_num     21wt_num_err  22r_low   23r_high 24sig_crit
0.117769	823	0	194.1	7.24259	0	0	0	0	0	0	0	0	0	0	-1297.47	90457.5	0	0        0   847      0      0.1    0.135538    0
0.159622	1499	0	196.597	5.44	0	0	0	0	0	0	0	0	0	0	-1305.47	163445	0	0        0   1544      0      0.135538    0.183706    0
0.216349	2835	0	201.999	4.05263	0	0	0	0	0	0	0	0	0	0	-1351.43	307802	0	0        0   2912      0      0.183706    0.248992    0
0.293236	5002	0	195.826	2.95252	0	0	0	0	0	0	0	0	0	0	-1314.25	544175	0	0        0   5126      0      0.248992    0.33748    0
0.397447	9325	0	199.802	2.20804	0	0	0	0	0	0	0	0	0	0	-1335.15	1.00553e+06	0	0        0   9554      0      0.33748    0.457415    0
0.538693	17099	0	199.509	1.62553	0	0	0	0	0	0	0	0	0	0	-1337.33	1.84252e+06	0	0        0   17464      0      0.457415    0.619972    0
0.730136	31559	0	202.076	1.21377	0	0	0	0	0	0	0	0	0	0	-1353.6	3.41655e+06	0	0        0   32331      0      0.619972    0.8403    0
0.989614	56788	0	198.595	0.888576	0	0	0	0	0	0	0	0	0	0	-1330.32	6.13381e+06	0	0        0   58129      0      0.8403    1.13893    0
1.34131	104812	0	200.193	0.659243	0	0	0	0	0	0	0	0	0	0	-1342.52	1.13308e+07	0	0        0   107191      0      1.13893    1.54368    0
1.81798	191210	0	200.04	0.487927	0	0	0	0	0	0	0	0	0	0	-1340.66	2.069e+07	0	0        0   195745      0      1.54368    2.09228    0
2.46406	349110	0	199.986	0.361142	0	0	0	0	0	0	0	0	0	0	-1339.23	3.77326e+07	0	0        0   357557      0      2.09228    2.83584    0
3.33975	637362	0	199.822	0.266971	0	0	0	0	0	0	0	0	0	0	-1338.94	6.88965e+07	0	0        0   652359      0      2.83584    3.84365    0
4.52664	1169907	0	200.61	0.197915	0	0	0	0	0	0	0	0	0	0	-1343.53	1.26423e+08	0	0        0   1.19775e+06      0      3.84365    5.20962    0
6.13533	2139019	0	200.466	0.146246	0	0	0	0	0	0	0	0	0	0	-1343.08	2.31255e+08	0	0        0   2.18954e+06      0      5.20962    7.06103    0
8.31572	3905399	0	200.602	0.108337	0	0	0	0	0	0	0	0	0	0	-1343.72	4.22386e+08	0	0        0   3.99855e+06      0      7.06103    9.5704    0
11.271	7095399	0	200.227	0.0802277	0	0	0	0	0	0	0	0	0	0	-1341.11	7.67416e+08	0	0        0   7.26471e+06      0      9.5704    12.9716    0
15.2765	12907000	0	200.295	0.0595092	0	0	0	0	0	0	0	0	0	0	-1341.72	1.39633e+09	0	0        0   1.3213e+07      0      12.9716    17.5814    0
20.7055	23381948	0	200.175	0.0441966	0	0	0	0	0	0	0	0	0	0	-1341.07	2.53112e+09	0	0        0   2.39362e+07      0      17.5814    23.8296    0
28.0639	42243822	0	200.224	0.0328981	0	0	0	0	0	0	0	0	0	0	-1341.32	4.57422e+09	0	0        0   4.32428e+07      0      23.8296    32.2982    0
38.0373	75950920	0	200.314	0.0245561	0	0	0	0	0	0	0	0	0	0	-1341.85	8.22862e+09	0	0        0   7.77431e+07      0      32.2982    43.7764    0
51.5551	135610946	0	200.341	0.0183897	0	0	0	0	0	0	0	0	0	0	-1341.91	1.47048e+10	0	0        0   1.38815e+08      0      43.7764    59.3338    0
69.8769	239898755	0	200.329	0.013835	0	0	0	0	0	0	0	0	0	0	-1341.67	2.60371e+10	0	0        0   2.45566e+08      0      59.3338    80.42    0
94.7099	419537175	0	200.429	0.0104735	0	0	0	0	0	0	0	0	0	0	-1342.26	4.55738e+10	0	0        0   4.29449e+08      0      80.42    109    0
