# 1bin_value	2data_points	3sqrt(data_points)	4W	5W_err	6e+	7e+_err	8eX 9eX_err	10e++ 	11e++_err		12eXX	13eXX_err		14e+X	15e+X_err 	16theta          17theta_err       17num_den	18num_err 19LS_err     20wt_num     21wt_num_err  22r_low   23r_high 24sig_crit
0.117769	666	29.9714	1327.09	73.8826	21.1216	6.89878	1.49642	6.59119	0	0	0	0	0	0	-8735.67	289.579	0	29.9714        0   0      0      0.1    0.135538    0
0.159622	934	19.7289	999.567	47.2802	15.3029	4.64663	3.38333	4.66163	0	0	0	0	0	0	-6571.12	164.589	0	19.7289        0   0      0      0.135538    0.183706    0
0.216349	1298	13.2513	659.886	27.7175	10.4502	2.9275	-2.91708	2.87665	0	0	0	0	0	0	-4397.84	83.7636	0	13.2513        0   0      0      0.183706    0.248992    0
0.293236	2172	9.0843	625.684	20.2203	8.32745	2.26389	3.15865	2.1541	0	0	0	0	0	0	-4104.04	58.8326	0	9.0843        0   0      0      0.248992    0.33748    0
0.397447	3371	6.27592	500.253	13.4922	6.18843	1.53818	1.6883	1.53746	0	0	0	0	0	0	-3319.6	34.2989	0	6.27592        0   0      0      0.33748    0.457415    0
0.538693	4589	4.72223	320.151	8.4463	3.51991	1.00619	-1.97508	0.985497	0	0	0	0	0	0	-2074.8	17.5779	0	4.72223        0   0      0      0.457415    0.619972    0
0.730136	6687	3.57433	215.568	5.59876	1.79267	0.657361	-0.0443493	0.66498	0	0	0	0	0	0	-1427.4	10.5978	0	3.57433        0   0      0      0.619972    0.8403    0
0.989614	10549	2.59327	163.233	3.85965	0.887245	0.458862	0.0977898	0.461363	0	0	0	0	0	0	-1047.47	6.43826	0	2.59327        0   0      0      0.8403    1.13893    0
1.34131	17191	1.9375	120.944	2.68389	0.986179	0.324568	0.199145	0.322403	0	0	0	0	0	0	-786.253	4.22433	0	1.9375        0   0      0      1.13893    1.54368    0
1.81798	28864	1.43899	95.9144	1.91527	0.238634	0.231232	-0.290602	0.229657	0	0	0	0	0	0	-622.675	2.89068	0	1.43899        0   0      0      1.54368    2.09228    0
2.46406	49817	1.06505	81.0819	1.38945	0.410513	0.167293	-0.116994	0.166649	0	0	0	0	0	0	-510.74	2.03968	0	1.06505        0   0      0      2.09228    2.83584    0
3.33975	85483	0.791593	63.8598	1.00016	0.452926	0.120289	-0.0318388	0.120419	0	0	0	0	0	0	-397.162	1.44453	0	0.791593        0   0      0      2.83584    3.84365    0
4.52664	147075	0.589184	47.8364	0.721854	0.425092	0.0866613	-0.147774	0.0864831	0	0	0	0	0	0	-294.263	1.02272	0	0.589184        0   0      0      3.84365    5.20962    0
6.13533	256981	0.436132	37.0851	0.523628	0.326854	0.0629552	-0.0363352	0.0630237	0	0	0	0	0	0	-222.935	0.729	0	0.436132        0   0      0      5.20962    7.06103    0
8.31572	449645	0.324559	27.7203	0.380935	0.218721	0.0457615	0.104131	0.0457528	0	0	0	0	0	0	-162.019	0.526156	0	0.324559        0   0      0      7.06103    9.5704    0
11.271	791222	0.241638	20.6442	0.278881	0.190269	0.0334639	-0.0102187	0.0334777	0	0	0	0	0	0	-111.393	0.383864	0	0.241638        0   0      0      9.5704    12.9716    0
15.2765	1394448	0.180343	13.7395	0.204365	0.179249	0.0244906	0.015089	0.0245026	0	0	0	0	0	0	-65.274	0.281438	0	0.180343        0   0      0      12.9716    17.5814    0
20.7055	2470862	0.134639	9.27797	0.150463	0.126723	0.0180102	0.0107484	0.018022	0	0	0	0	0	0	-35.0211	0.207819	0	0.134639        0   0      0      17.5814    23.8296    0
28.0639	4392341	0.100618	6.00511	0.111343	0.0982078	0.013318	-0.0105255	0.0133083	0	0	0	0	0	0	-13.4235	0.154401	0	0.100618        0   0      0      23.8296    32.2982    0
38.0373	7788848	0.0753845	3.23314	0.0826936	0.0775821	0.00987954	-0.0272805	0.00988411	0	0	0	0	0	0	4.75422	0.115736	0	0.0753845        0   0      0      32.2982    43.7764    0
51.5551	13770195	0.0566332	1.29434	0.061709	0.0606557	0.00736845	0.00928227	0.00737229	0	0	0	0	0	0	17.8059	0.0875276	0	0.0566332        0   0      0      43.7764    59.3338    0
69.8769	24243575	0.0426555	0.324117	0.0463508	0.0514467	0.00553368	0.000261423	0.00553339	0	0	0	0	0	0	24.3527	0.06662	0	0.0426555        0   0      0      59.3338    80.42    0
94.7099	42350032	0.0322661	-0.224925	0.0350782	0.0190016	0.00418586	0.0145849	0.0041864	0	0	0	0	0	0	27.1222	0.0509551	0	0.0322661        0   0      0      80.42    109    0
