# 1bin_value	2data_points	3sqrt(data_points)	4W	5W_err	6e+	7e+_err	8eX 9eX_err	10e++ 	11e++_err		12eXX	13eXX_err		14e+X	15e+X_err 	16theta          17theta_err       17num_den	18num_err 19LS_err     20wt_num     21wt_num_err  22r_low   23r_high 24sig_crit
0.117769	661	0	1504.21	73.5064	21.957	6.87588	3.13219	6.56475	0	0	0	0	0	0	-45270.7	292.154	0	0        0   681      0      0.1    0.135538    0
0.159622	932	0	1202.57	46.8294	14.0498	4.61811	3.0109	4.62541	0	0	0	0	0	0	-63918.7	165.698	0	0        0   962      0      0.135538    0.183706    0
0.216349	1288	0	856.995	27.0509	10.5206	2.88595	-1.88665	2.83727	0	0	0	0	0	0	-88337	83.3329	0	0        0   1318      0      0.183706    0.248992    0
0.293236	2178	0	822.919	19.8108	8.44709	2.23807	2.70277	2.12604	0	0	0	0	0	0	-149624	58.1906	0	0        0   2241      0      0.248992    0.33748    0
0.397447	3381	0	700.654	13.1401	6.45	1.51567	1.49741	1.51466	0	0	0	0	0	0	-232572	33.8887	0	0        0   3475      0      0.33748    0.457415    0
0.538693	4580	0	516.057	8.12901	3.85572	0.987542	-1.42996	0.966346	0	0	0	0	0	0	-312365	17.3731	0	0        0   4717      0      0.457415    0.619972    0
0.730136	6704	0	416.973	5.33496	1.79956	0.641369	-0.44308	0.648885	0	0	0	0	0	0	-460213	10.0917	0	0        0   6865      0      0.619972    0.8403    0
0.989614	10539	0	360.274	3.64958	1.02729	0.446308	0.0744112	0.448747	0	0	0	0	0	0	-721726	6.15864	0	0        0   10798      0      0.8403    1.13893    0
1.34131	17164	0	319.71	2.51935	0.790665	0.314992	0.183077	0.312733	0	0	0	0	0	0	-1.17691e+06	4.00033	0	0        0   17519      0      1.13893    1.54368    0
1.81798	28797	0	294.662	1.78784	0.287559	0.223842	-0.253634	0.22221	0	0	0	0	0	0	-1.97907e+06	2.71721	0	0        0   29379      0      1.54368    2.09228    0
2.46406	49733	0	279.814	1.29266	0.409437	0.161582	-0.0508454	0.160924	0	0	0	0	0	0	-3.40921e+06	1.89917	0	0        0   50910      0      2.09228    2.83584    0
3.33975	85349	0	263.401	0.926701	0.448848	0.115978	-0.0452869	0.116123	0	0	0	0	0	0	-5.85234e+06	1.32568	0	0        0   87227      0      2.83584    3.84365    0
4.52664	146978	0	248.691	0.665868	0.419078	0.0833735	-0.100024	0.0831868	0	0	0	0	0	0	-1.00768e+07	0.918274	0	0        0   150287      0      3.84365    5.20962    0
6.13533	256694	0	237.868	0.481321	0.327991	0.0604751	-0.0243716	0.0605409	0	0	0	0	0	0	-1.7605e+07	0.653188	0	0        0   262306      0      5.20962    7.06103    0
8.31572	448933	0	228.271	0.349053	0.238509	0.0438968	0.0801467	0.0438866	0	0	0	0	0	0	-3.07944e+07	0.471222	0	0        0   458481      0      7.06103    9.5704    0
11.271	790141	0	221.238	0.254933	0.1864	0.0320602	-0.0239609	0.0320736	0	0	0	0	0	0	-5.42024e+07	0.340643	0	0        0   807254      0      9.5704    12.9716    0
15.2765	1392513	0	214.719	0.186362	0.184483	0.0234348	-0.00509051	0.0234466	0	0	0	0	0	0	-9.54839e+07	0.248918	0	0        0   1.42235e+06      0      12.9716    17.5814    0
20.7055	2466346	0	210.023	0.136968	0.127979	0.0172194	0.00381276	0.0172308	0	0	0	0	0	0	-1.69111e+08	0.184246	0	0        0   2.51828e+06      0      17.5814    23.8296    0
28.0639	4383031	0	206.87	0.10124	0.0945748	0.0127262	-0.00755392	0.0127157	0	0	0	0	0	0	-3.00539e+08	0.137222	0	0        0   4.47538e+06      0      23.8296    32.2982    0
38.0373	7770331	0	204.241	0.0751101	0.0770182	0.00943526	-0.0175478	0.00943995	0	0	0	0	0	0	-5.32685e+08	0.103031	0	0        0   7.93345e+06      0      32.2982    43.7764    0
51.5551	13739313	0	202.367	0.0560032	0.0589063	0.00703371	0.0304781	0.00703783	0	0	0	0	0	0	-9.41728e+08	0.0777899	0	0        0   1.40287e+07      0      43.7764    59.3338    0
69.8769	24188879	0	201.407	0.0420391	0.0629126	0.00528006	0.0184942	0.00527969	0	0	0	0	0	0	-1.65794e+09	0.0592344	0	0        0   2.46986e+07      0      59.3338    80.42    0
94.7099	42250768	0	201.166	0.0317913	0.0393126	0.00399121	0.0371051	0.00399159	0	0	0	0	0	0	-2.89624e+09	0.045359	0	0        0   4.31403e+07      0      80.42    109    0
