# 1bin_value	2data_points	3sqrt(data_points)	4W	5W_err	6e+	7e+_err	8eX 9eX_err	10e++ 	11e++_err		12eXX	13eXX_err		14e+X	15e+X_err 	16theta          17theta_err       17num_den	18num_err 19LS_err     20wt_num     21wt_num_err  22r_low   23r_high 24sig_crit
0.117769	774	0	189.48	7.15497	0.63585	0.88729	0.0589261	0.813945	0	0	0	0	0	0	-52777.1	15.824	0	0        0   774      0      0.1    0.135538    0
0.159622	1478	0	197.82	5.41021	-0.570422	0.666018	-0.649093	0.671639	0	0	0	0	0	0	-100928	12.1595	0	0        0   1478      0      0.135538    0.183706    0
0.216349	2804	0	205.409	4.08425	0.399022	0.499512	-0.783415	0.521609	0	0	0	0	0	0	-193225	9.3807	0	0        0   2804      0      0.183706    0.248992    0
0.293236	5003	0	200.489	2.9813	-0.054277	0.366323	-0.129805	0.371277	0	0	0	0	0	0	-343937	6.78575	0	0        0   5003      0      0.248992    0.33748    0
0.397447	9398	0	205.839	2.2352	0.492071	0.275132	0.558978	0.280658	0	0	0	0	0	0	-643233	5.10239	0	0        0   9398      0      0.33748    0.457415    0
0.538693	16940	0	202.86	1.63934	-0.214253	0.201956	0.132339	0.204655	0	0	0	0	0	0	-1.15979e+06	3.73123	0	0        0   16940      0      0.457415    0.619972    0
0.730136	31208	0	204.029	1.21488	-0.0542191	0.150561	0.095142	0.151103	0	0	0	0	0	0	-2.14405e+06	2.7726	0	0        0   31208      0      0.619972    0.8403    0
0.989614	56635	0	202.393	0.894354	-0.101256	0.111524	-0.0160862	0.111167	0	0	0	0	0	0	-3.88337e+06	2.03423	0	0        0   56635      0      0.8403    1.13893    0
1.34131	103676	0	202.578	0.661703	0.0295898	0.0825757	-0.0512585	0.0823397	0	0	0	0	0	0	-7.11052e+06	1.50677	0	0        0   103676      0      1.13893    1.54368    0
1.81798	189747	0	202.862	0.48981	0.0798782	0.0607948	0.0598907	0.0611003	0	0	0	0	0	0	-1.30169e+07	1.11601	0	0        0   189747      0      1.54368    2.09228    0
2.46406	346902	0	202.781	0.362072	0.0451261	0.0450469	0.111674	0.0449303	0	0	0	0	0	0	-2.38014e+07	0.824393	0	0        0   346902      0      2.09228    2.83584    0
3.33975	636052	0	203.827	0.26886	-0.00612471	0.033442	-0.0189122	0.0334089	0	0	0	0	0	0	-4.36215e+07	0.613603	0	0        0   636052      0      2.83584    3.84365    0
4.52664	1163771	0	203.677	0.198602	0.00590082	0.0246917	-0.0286083	0.0246906	0	0	0	0	0	0	-7.98099e+07	0.452924	0	0        0   1.16377e+06      0      3.84365    5.20962    0
6.13533	2127643	0	203.677	0.146886	0.00719427	0.0182662	0.00720997	0.0182618	0	0	0	0	0	0	-1.4591e+08	0.33509	0	0        0   2.12764e+06      0      5.20962    7.06103    0
8.31572	3892656	0	204.23	0.1089	0.00348705	0.0135387	-0.000145491	0.0135324	0	0	0	0	0	0	-2.66965e+08	0.248643	0	0        0   3.89266e+06      0      7.06103    9.5704    0
11.271	7091929	0	204.34	0.0807273	-0.0165621	0.0100338	-0.000183065	0.0100325	0	0	0	0	0	0	-4.86365e+08	0.184362	0	0        0   7.09193e+06      0      9.5704    12.9716    0
15.2765	12908791	0	204.587	0.0599122	-0.00157	0.00744571	-0.00719281	0.00744699	0	0	0	0	0	0	-8.85252e+08	0.136883	0	0        0   1.29088e+07      0      12.9716    17.5814    0
20.7055	23422623	0	204.753	0.044516	0.00186084	0.00553163	-0.00133019	0.00552946	0	0	0	0	0	0	-1.60629e+09	0.10174	0	0        0   2.34226e+07      0      17.5814    23.8296    0
28.0639	42361008	0	205.03	0.0331491	0.0116827	0.00411944	-0.00569109	0.00411966	0	0	0	0	0	0	-2.90466e+09	0.0757859	0	0        0   4.2361e+07      0      23.8296    32.2982    0
38.0373	76209198	0	205.188	0.0247353	0.0123084	0.0030729	-0.0113145	0.00307304	0	0	0	0	0	0	-5.22528e+09	0.0565725	0	0        0   7.62092e+07      0      32.2982    43.7764    0
51.5551	136179117	0	205.253	0.0185118	0.00617713	0.00229898	0.0108735	0.00229923	0	0	0	0	0	0	-9.33574e+09	0.0423582	0	0        0   1.36179e+08      0      43.7764    59.3338    0
69.8769	241335615	0	205.517	0.0139267	0.00284628	0.0017289	0.0120462	0.00172914	0	0	0	0	0	0	-1.65416e+10	0.0319027	0	0        0   2.41336e+08      0      59.3338    80.42    0
94.7099	422856635	0	205.953	0.0105476	-0.00829559	0.00130975	0.00643954	0.00130924	0	0	0	0	0	0	-2.89801e+10	0.0242238	0	0        0   4.22857e+08      0      80.42    109    0
