# 1bin_value	2data_points	3sqrt(data_points)	4W	5W_err	6e+	7e+_err	8eX 9eX_err	10e++ 	11e++_err		12eXX	13eXX_err		14e+X	15e+X_err 	16theta          17theta_err       17num_den	18num_err 19LS_err     20wt_num     21wt_num_err  22r_low   23r_high 24sig_crit
0.117769	826	0	202.042	7.49569	0	0	0	0	0	0	0	0	0	0	-1343.56	88167.6	0	0        0   845      0      0.1    0.135538    0
0.159622	1537	0	205.148	5.57561	0	0	0	0	0	0	0	0	0	0	-1375.42	165434	0	0        0   1566      0      0.135538    0.183706    0
0.216349	2811	0	206.242	4.15145	0	0	0	0	0	0	0	0	0	0	-1378.84	303058	0	0        0   2881      0      0.183706    0.248992    0
0.293236	5042	0	202.138	3.03633	0	0	0	0	0	0	0	0	0	0	-1352.12	543446	0	0        0   5162      0      0.248992    0.33748    0
0.397447	9301	0	203.281	2.24677	0	0	0	0	0	0	0	0	0	0	-1363.78	1.00432e+06	0	0        0   9508      0      0.33748    0.457415    0
0.538693	16711	0	199.689	1.64523	0	0	0	0	0	0	0	0	0	0	-1340.87	1.80754e+06	0	0        0   17087      0      0.457415    0.619972    0
0.730136	30681	0	200.335	1.21831	0	0	0	0	0	0	0	0	0	0	-1343.2	3.30764e+06	0	0        0   31374      0      0.619972    0.8403    0
0.989614	56366	0	201.212	0.903713	0	0	0	0	0	0	0	0	0	0	-1347.99	6.07914e+06	0	0        0   57697      0      0.8403    1.13893    0
1.34131	102096	0	199.37	0.665001	0	0	0	0	0	0	0	0	0	0	-1334.63	1.09997e+07	0	0        0   104527      0      1.13893    1.54368    0
1.81798	187681	0	200.468	0.493341	0	0	0	0	0	0	0	0	0	0	-1343.63	2.02634e+07	0	0        0   192109      0      1.54368    2.09228    0
2.46406	343357	0	200.474	0.364658	0	0	0	0	0	0	0	0	0	0	-1343.77	3.7027e+07	0	0        0   351285      0      2.09228    2.83584    0
3.33975	626508	0	200.603	0.270158	0	0	0	0	0	0	0	0	0	0	-1343.54	6.7525e+07	0	0        0   641292      0      2.83584    3.84365    0
4.52664	1147275	0	200.583	0.199584	0	0	0	0	0	0	0	0	0	0	-1344.07	1.23705e+08	0	0        0   1.17417e+06      0      3.84365    5.20962    0
6.13533	2095499	0	200.417	0.147573	0	0	0	0	0	0	0	0	0	0	-1342.77	2.25985e+08	0	0        0   2.14482e+06      0      5.20962    7.06103    0
8.31572	3825820	0	200.537	0.109287	0	0	0	0	0	0	0	0	0	0	-1343.65	4.12694e+08	0	0        0   3.91618e+06      0      7.06103    9.5704    0
11.271	6971638	0	200.682	0.0810247	0	0	0	0	0	0	0	0	0	0	-1344.33	7.51845e+08	0	0        0   7.13694e+06      0      9.5704    12.9716    0
15.2765	12664225	0	200.466	0.0600503	0	0	0	0	0	0	0	0	0	0	-1343.22	1.36615e+09	0	0        0   1.29626e+07      0      12.9716    17.5814    0
20.7055	22960241	0	200.404	0.0445846	0	0	0	0	0	0	0	0	0	0	-1342.71	2.47628e+09	0	0        0   2.35006e+07      0      17.5814    23.8296    0
28.0639	41486303	0	200.385	0.0331638	0	0	0	0	0	0	0	0	0	0	-1342.69	4.47433e+09	0	0        0   4.24582e+07      0      23.8296    32.2982    0
38.0373	74619309	0	200.391	0.0247294	0	0	0	0	0	0	0	0	0	0	-1342.68	8.04633e+09	0	0        0   7.63663e+07      0      32.2982    43.7764    0
51.5551	133357402	0	200.33	0.0184938	0	0	0	0	0	0	0	0	0	0	-1342.08	1.43775e+10	0	0        0   1.36482e+08      0      43.7764    59.3338    0
69.8769	236233200	0	200.308	0.0138944	0	0	0	0	0	0	0	0	0	0	-1341.79	2.54618e+10	0	0        0   2.4176e+08      0      59.3338    80.42    0
94.7099	413558330	0	200.317	0.0105015	0	0	0	0	0	0	0	0	0	0	-1341.64	4.45518e+10	0	0        0   4.23235e+08      0      80.42    109    0
