# 1bin_value	2data_points	3sqrt(data_points)	4W	5W_err	6e+	7e+_err	8eX 9eX_err	10e++ 	11e++_err		12eXX	13eXX_err		14e+X	15e+X_err 	16theta          17theta_err       17num_den	18num_err 19LS_err     20wt_num     21wt_num_err  22r_low   23r_high 24sig_crit
0.117769	590	0	1341.87	67.5595	24.1055	6.69615	4.02615	6.44935	0	0	0	0	0	0	-40096.3	256.124	0	0        0   606      0      0.1    0.135538    0
0.159622	812	0	1015.18	41.1567	1.98719	4.60776	7.46945	4.22447	0	0	0	0	0	0	-55649.1	136.031	0	0        0   835      0      0.135538    0.183706    0
0.216349	1314	0	913.964	28.8612	9.96339	3.1126	7.67029	3.29044	0	0	0	0	0	0	-90405.8	88.5488	0	0        0   1364      0      0.183706    0.248992    0
0.293236	2154	0	819.76	19.8004	3.73272	2.34376	-0.302849	2.29181	0	0	0	0	0	0	-148359	57.2057	0	0        0   2223      0      0.248992    0.33748    0
0.397447	3293	0	697.194	13.3678	2.16835	1.61187	1.29966	1.63467	0	0	0	0	0	0	-225924	34.6073	0	0        0   3405      0      0.33748    0.457415    0
0.538693	4392	0	511.786	8.22224	1.87137	1.03443	-1.03186	1.01468	0	0	0	0	0	0	-300434	17.2163	0	0        0   4535      0      0.457415    0.619972    0
0.730136	6677	0	427.032	5.48909	2.33069	0.699015	0.231729	0.674285	0	0	0	0	0	0	-456166	10.1467	0	0        0   6867      0      0.619972    0.8403    0
0.989614	10352	0	361.418	3.68798	0.115501	0.466847	0.0594715	0.468285	0	0	0	0	0	0	-710069	6.21745	0	0        0   10601      0      0.8403    1.13893    0
1.34131	16716	0	320.681	2.57061	0.798982	0.32689	-0.0338934	0.326142	0	0	0	0	0	0	-1.1462e+06	4.07309	0	0        0   17148      0      1.13893    1.54368    0
1.81798	28110	0	294.436	1.8093	0.867007	0.232922	0.459211	0.230742	0	0	0	0	0	0	-1.92656e+06	2.71411	0	0        0   28731      0      1.54368    2.09228    0
2.46406	48454	0	278.393	1.29992	0.459963	0.167207	-0.221536	0.168244	0	0	0	0	0	0	-3.32303e+06	1.88838	0	0        0   49487      0      2.09228    2.83584    0
3.33975	83269	0	262.858	0.934935	0.272155	0.120605	-0.189904	0.120339	0	0	0	0	0	0	-5.70311e+06	1.31172	0	0        0   85033      0      2.83584    3.84365    0
4.52664	143947	0	248.859	0.672977	0.208164	0.0870837	0.0944499	0.0867144	0	0	0	0	0	0	-9.87213e+06	0.925365	0	0        0   147124      0      3.84365    5.20962    0
6.13533	251564	0	238.506	0.487283	0.105724	0.0629359	-0.186027	0.063281	0	0	0	0	0	0	-1.72524e+07	0.656467	0	0        0   257014      0      5.20962    7.06103    0
8.31572	440010	0	228.971	0.353445	0.153427	0.0457849	-0.0181773	0.0457936	0	0	0	0	0	0	-3.01527e+07	0.471805	0	0        0   449362      0      7.06103    9.5704    0
11.271	776677	0	222.429	0.258444	0.0994613	0.0335781	0.0403656	0.0335554	0	0	0	0	0	0	-5.32744e+07	0.343822	0	0        0   793313      0      9.5704    12.9716    0
15.2765	1373450	0	216.773	0.189393	0.183524	0.0245895	0.0658421	0.0245733	0	0	0	0	0	0	-9.4183e+07	0.25216	0	0        0   1.40286e+06      0      12.9716    17.5814    0
20.7055	2441271	0	212.837	0.139487	0.148338	0.0181046	0.0268035	0.0181295	0	0	0	0	0	0	-1.67441e+08	0.186347	0	0        0   2.49278e+06      0      17.5814    23.8296    0
28.0639	4336218	0	209.65	0.103137	0.0942684	0.0133848	0.0672411	0.0134043	0	0	0	0	0	0	-2.97345e+08	0.139151	0	0        0   4.42753e+06      0      23.8296    32.2982    0
38.0373	7678989	0	206.828	0.0765177	0.0962198	0.00994186	-0.00610337	0.00994591	0	0	0	0	0	0	-5.26486e+08	0.105148	0	0        0   7.84014e+06      0      32.2982    43.7764    0
51.5551	13573762	0	204.977	0.0570908	0.0730841	0.00741391	0.0115389	0.00741683	0	0	0	0	0	0	-9.30425e+08	0.0799738	0	0        0   1.38599e+07      0      43.7764    59.3338    0
69.8769	23881637	0	203.963	0.0428712	0.0263959	0.00556781	-0.000896311	0.00556448	0	0	0	0	0	0	-1.63692e+09	0.0611945	0	0        0   2.43855e+07      0      59.3338    80.42    0
94.7099	41698311	0	203.679	0.0324142	0.0058574	0.00421045	0.0127414	0.00420823	0	0	0	0	0	0	-2.85798e+09	0.0465705	0	0        0   4.2578e+07      0      80.42    109    0
