# 1bin_value	2data_points	3sqrt(data_points)	4W	5W_err	6e+	7e+_err	8eX 9eX_err	10e++ 	11e++_err		12eXX	13eXX_err		14e+X	15e+X_err 	16theta          17theta_err       17num_den	18num_err 19LS_err     20wt_num     21wt_num_err  22r_low   23r_high 24sig_crit
0.117769	826	0	201.843	7.48057	0	0	0	0	0	0	0	0	0	0	-1340.79	88167.6	0	0        0   846      0      0.1    0.135538    0
0.159622	1536	0	204.895	5.57156	0	0	0	0	0	0	0	0	0	0	-1373.6	165434	0	0        0   1565      0      0.135538    0.183706    0
0.216349	2804	0	205.903	4.15398	0	0	0	0	0	0	0	0	0	0	-1376.22	303058	0	0        0   2874      0      0.183706    0.248992    0
0.293236	5034	0	201.871	3.03601	0	0	0	0	0	0	0	0	0	0	-1349.84	543446	0	0        0   5155      0      0.248992    0.33748    0
0.397447	9311	0	203.583	2.24804	0	0	0	0	0	0	0	0	0	0	-1365.32	1.00432e+06	0	0        0   9518      0      0.33748    0.457415    0
0.538693	16699	0	199.638	1.64612	0	0	0	0	0	0	0	0	0	0	-1340.53	1.80754e+06	0	0        0   17073      0      0.457415    0.619972    0
0.730136	30614	0	200.006	1.21882	0	0	0	0	0	0	0	0	0	0	-1341.1	3.30764e+06	0	0        0   31306      0      0.619972    0.8403    0
0.989614	56277	0	200.981	0.903827	0	0	0	0	0	0	0	0	0	0	-1346.23	6.07914e+06	0	0        0   57618      0      0.8403    1.13893    0
1.34131	101880	0	199.021	0.665058	0	0	0	0	0	0	0	0	0	0	-1332.14	1.09997e+07	0	0        0   104319      0      1.13893    1.54368    0
1.81798	187419	0	200.306	0.493481	0	0	0	0	0	0	0	0	0	0	-1342.14	2.02634e+07	0	0        0   191887      0      1.54368    2.09228    0
2.46406	342757	0	200.261	0.364794	0	0	0	0	0	0	0	0	0	0	-1341.98	3.7027e+07	0	0        0   350743      0      2.09228    2.83584    0
3.33975	625594	0	200.424	0.270262	0	0	0	0	0	0	0	0	0	0	-1342.13	6.7525e+07	0	0        0   640430      0      2.83584    3.84365    0
4.52664	1145015	0	200.308	0.199646	0	0	0	0	0	0	0	0	0	0	-1342.01	1.23705e+08	0	0        0   1.17206e+06      0      3.84365    5.20962    0
6.13533	2091642	0	200.189	0.147635	0	0	0	0	0	0	0	0	0	0	-1341.01	2.25985e+08	0	0        0   2.14124e+06      0      5.20962    7.06103    0
8.31572	3818510	0	200.335	0.109357	0	0	0	0	0	0	0	0	0	0	-1342.08	4.12694e+08	0	0        0   3.90936e+06      0      7.06103    9.5704    0
11.271	6956492	0	200.459	0.0810891	0	0	0	0	0	0	0	0	0	0	-1342.59	7.51845e+08	0	0        0   7.12266e+06      0      9.5704    12.9716    0
15.2765	12634870	0	200.268	0.0601143	0	0	0	0	0	0	0	0	0	0	-1341.66	1.36615e+09	0	0        0   1.29349e+07      0      12.9716    17.5814    0
20.7055	22897068	0	200.217	0.0446544	0	0	0	0	0	0	0	0	0	0	-1341.23	2.47628e+09	0	0        0   2.34401e+07      0      17.5814    23.8296    0
28.0639	41347013	0	200.216	0.0332388	0	0	0	0	0	0	0	0	0	0	-1341.32	4.47433e+09	0	0        0   4.23236e+07      0      23.8296    32.2982    0
38.0373	74302909	0	200.23	0.0248079	0	0	0	0	0	0	0	0	0	0	-1341.32	8.04633e+09	0	0        0   7.60579e+07      0      32.2982    43.7764    0
51.5551	132655916	0	200.215	0.018576	0	0	0	0	0	0	0	0	0	0	-1341.01	1.43775e+10	0	0        0   1.35792e+08      0      43.7764    59.3338    0
69.8769	234721068	0	200.249	0.0139765	0	0	0	0	0	0	0	0	0	0	-1341.05	2.54618e+10	0	0        0   2.40263e+08      0      59.3338    80.42    0
94.7099	410401879	0	200.296	0.0105788	0	0	0	0	0	0	0	0	0	0	-1341.05	4.45518e+10	0	0        0   4.20095e+08      0      80.42    109    0
