# 1bin_value	2data_points	3sqrt(data_points)	4W	5W_err	6e+	7e+_err	8eX 9eX_err	10e++ 	11e++_err		12eXX	13eXX_err		14e+X	15e+X_err 	16theta          17theta_err       17num_den	18num_err 19LS_err     20wt_num     21wt_num_err  22r_low   23r_high 24sig_crit
0.117769	770	0	188.841	7.16672	0.667501	0.88931	0.028509	0.814991	0	0	0	0	0	0	-52495.6	16.2026	0	0        0   770      0      0.1    0.135538    0
0.159622	1456	0	194.584	5.39533	-0.670316	0.665382	-0.721367	0.670595	0	0	0	0	0	0	-99390.3	12.7728	0	0        0   1456      0      0.135538    0.183706    0
0.216349	2766	0	203.211	4.09135	0.4705	0.50088	-0.68039	0.522997	0	0	0	0	0	0	-190618	9.819	0	0        0   2766      0      0.183706    0.248992    0
0.293236	4949	0	198.632	2.98326	-0.0851195	0.366867	-0.0594971	0.371825	0	0	0	0	0	0	-340156	7.04719	0	0        0   4949      0      0.248992    0.33748    0
0.397447	9277	0	203.581	2.23717	0.518139	0.275676	0.617291	0.281193	0	0	0	0	0	0	-634796	5.337	0	0        0   9277      0      0.33748    0.457415    0
0.538693	16746	0	200.996	1.64174	-0.232087	0.202421	0.130988	0.205135	0	0	0	0	0	0	-1.14673e+06	3.87959	0	0        0   16746      0      0.457415    0.619972    0
0.730136	30846	0	202.093	1.21647	-0.0588443	0.15089	0.11462	0.151433	0	0	0	0	0	0	-2.11931e+06	2.88612	0	0        0   30846      0      0.619972    0.8403    0
0.989614	55918	0	200.242	0.89532	-0.102331	0.111755	-0.00716392	0.111394	0	0	0	0	0	0	-3.83414e+06	2.12489	0	0        0   55918      0      0.8403    1.13893    0
1.34131	102541	0	200.816	0.662676	0.0292535	0.0827642	-0.0589355	0.0825269	0	0	0	0	0	0	-7.03237e+06	1.56658	0	0        0   102541      0      1.13893    1.54368    0
1.81798	187509	0	200.935	0.49051	0.0785065	0.0609347	0.0592254	0.0612413	0	0	0	0	0	0	-1.28631e+07	1.1629	0	0        0   187509      0      1.54368    2.09228    0
2.46406	342709	0	200.805	0.362601	0.0410098	0.0451531	0.109816	0.0450363	0	0	0	0	0	0	-2.35136e+07	0.859901	0	0        0   342709      0      2.09228    2.83584    0
3.33975	628292	0	201.837	0.269281	-0.00512687	0.0335246	-0.0199999	0.0334915	0	0	0	0	0	0	-4.30896e+07	0.640249	0	0        0   628292      0      2.83584    3.84365    0
4.52664	1149863	0	201.757	0.198935	0.0111702	0.0247546	-0.0272763	0.0247535	0	0	0	0	0	0	-7.88565e+07	0.472316	0	0        0   1.14986e+06      0      3.84365    5.20962    0
6.13533	2101645	0	201.721	0.147144	0.00717202	0.0183146	0.00497423	0.0183102	0	0	0	0	0	0	-1.44127e+08	0.349785	0	0        0   2.10164e+06      0      5.20962    7.06103    0
8.31572	3843536	0	202.209	0.109099	0.0008913	0.013576	-0.0018653	0.0135697	0	0	0	0	0	0	-2.63587e+08	0.259936	0	0        0   3.84354e+06      0      7.06103    9.5704    0
11.271	7000371	0	202.301	0.0808919	-0.0191632	0.0100635	0.000296812	0.0100623	0	0	0	0	0	0	-4.80077e+08	0.192949	0	0        0   7.00037e+06      0      9.5704    12.9716    0
15.2765	12736031	0	202.483	0.0600425	-0.0017596	0.00746904	-0.00701604	0.00747032	0	0	0	0	0	0	-8.73396e+08	0.143484	0	0        0   1.2736e+07      0      12.9716    17.5814    0
20.7055	23094517	0	202.571	0.044623	0.000980216	0.00555043	-0.00337432	0.00554825	0	0	0	0	0	0	-1.58378e+09	0.106884	0	0        0   2.30945e+07      0      17.5814    23.8296    0
28.0639	41730838	0	202.733	0.0332378	0.0102217	0.00413478	-0.00690827	0.004135	0	0	0	0	0	0	-2.86147e+09	0.0798579	0	0        0   4.17308e+07      0      23.8296    32.2982    0
38.0373	74995872	0	202.757	0.0248102	0.00910074	0.00308561	-0.0108212	0.00308575	0	0	0	0	0	0	-5.14214e+09	0.0598321	0	0        0   7.49959e+07      0      32.2982    43.7764    0
51.5551	133831225	0	202.663	0.018577	0.00311169	0.00230979	0.0180064	0.00231004	0	0	0	0	0	0	-9.17492e+09	0.0450092	0	0        0   1.33831e+08      0      43.7764    59.3338    0
69.8769	236719733	0	202.684	0.0139844	0.00188488	0.00173831	0.0216297	0.00173854	0	0	0	0	0	0	-1.62257e+10	0.0341164	0	0        0   2.3672e+08      0      59.3338    80.42    0
94.7099	413850241	0	202.866	0.0106007	-0.00912024	0.00131819	0.0172784	0.00131767	0	0	0	0	0	0	-2.83645e+10	0.0260925	0	0        0   4.1385e+08      0      80.42    109    0
