# 1bin_value	2data_points	3sqrt(data_points)	4W	5W_err	6e+	7e+_err	8eX 9eX_err	10e++ 	11e++_err		12eXX	13eXX_err		14e+X	15e+X_err 	16theta          17theta_err       17num_den	18num_err 19LS_err     20wt_num     21wt_num_err  22r_low   23r_high 24sig_crit
0.117769	826	0	203.04	7.5276	0	0	0	0	0	0	0	0	0	0	-1347.51	88167.6	0	0        0   846      0      0.1    0.135538    0
0.159622	1535	0	205.455	5.59187	0	0	0	0	0	0	0	0	0	0	-1377.5	165434	0	0        0   1564      0      0.135538    0.183706    0
0.216349	2791	0	205.208	4.15792	0	0	0	0	0	0	0	0	0	0	-1371.93	303058	0	0        0   2861      0      0.183706    0.248992    0
0.293236	5008	0	201.147	3.04133	0	0	0	0	0	0	0	0	0	0	-1345.93	543446	0	0        0   5127      0      0.248992    0.33748    0
0.397447	9272	0	203.099	2.25131	0	0	0	0	0	0	0	0	0	0	-1362.01	1.00432e+06	0	0        0   9479      0      0.33748    0.457415    0
0.538693	16660	0	199.544	1.64894	0	0	0	0	0	0	0	0	0	0	-1339.64	1.80754e+06	0	0        0   17035      0      0.457415    0.619972    0
0.730136	30606	0	200.319	1.22139	0	0	0	0	0	0	0	0	0	0	-1343.34	3.30764e+06	0	0        0   31292      0      0.619972    0.8403    0
0.989614	56180	0	201.097	0.905946	0	0	0	0	0	0	0	0	0	0	-1346.93	6.07914e+06	0	0        0   57519      0      0.8403    1.13893    0
1.34131	101743	0	199.147	0.666398	0	0	0	0	0	0	0	0	0	0	-1333.01	1.09997e+07	0	0        0   104178      0      1.13893    1.54368    0
1.81798	187118	0	200.443	0.494618	0	0	0	0	0	0	0	0	0	0	-1342.98	2.02634e+07	0	0        0   191590      0      1.54368    2.09228    0
2.46406	342303	0	200.457	0.36567	0	0	0	0	0	0	0	0	0	0	-1343.36	3.7027e+07	0	0        0   350282      0      2.09228    2.83584    0
3.33975	624381	0	200.521	0.270926	0	0	0	0	0	0	0	0	0	0	-1342.81	6.7525e+07	0	0        0   639194      0      2.83584    3.84365    0
4.52664	1142946	0	200.458	0.200168	0	0	0	0	0	0	0	0	0	0	-1342.97	1.23705e+08	0	0        0   1.16996e+06      0      3.84365    5.20962    0
6.13533	2088080	0	200.357	0.148019	0	0	0	0	0	0	0	0	0	0	-1342.07	2.25985e+08	0	0        0   2.13764e+06      0      5.20962    7.06103    0
8.31572	3810891	0	200.471	0.109654	0	0	0	0	0	0	0	0	0	0	-1342.95	4.12694e+08	0	0        0   3.90165e+06      0      7.06103    9.5704    0
11.271	6941338	0	200.61	0.0813319	0	0	0	0	0	0	0	0	0	0	-1343.59	7.51845e+08	0	0        0   7.10717e+06      0      9.5704    12.9716    0
15.2765	12603912	0	200.401	0.0603045	0	0	0	0	0	0	0	0	0	0	-1342.54	1.36615e+09	0	0        0   1.29034e+07      0      12.9716    17.5814    0
20.7055	22836654	0	200.366	0.0448078	0	0	0	0	0	0	0	0	0	0	-1342.21	2.47628e+09	0	0        0   2.33787e+07      0      17.5814    23.8296    0
28.0639	41227782	0	200.378	0.0333635	0	0	0	0	0	0	0	0	0	0	-1342.38	4.47433e+09	0	0        0   4.22024e+07      0      23.8296    32.2982    0
38.0373	74055907	0	200.391	0.0249119	0	0	0	0	0	0	0	0	0	0	-1342.39	8.04633e+09	0	0        0   7.58067e+07      0      32.2982    43.7764    0
51.5551	132146861	0	200.403	0.0186664	0	0	0	0	0	0	0	0	0	0	-1342.27	1.43775e+10	0	0        0   1.35274e+08      0      43.7764    59.3338    0
69.8769	233602543	0	200.442	0.0140577	0	0	0	0	0	0	0	0	0	0	-1342.37	2.54618e+10	0	0        0   2.39125e+08      0      59.3338    80.42    0
94.7099	407936639	0	200.497	0.010654	0	0	0	0	0	0	0	0	0	0	-1342.52	4.45518e+10	0	0        0   4.17588e+08      0      80.42    109    0
