# 1bin_value	2data_points	3sqrt(data_points)	4W	5W_err	6e+	7e+_err	8eX 9eX_err	10e++ 	11e++_err		12eXX	13eXX_err		14e+X	15e+X_err 	16theta          17theta_err       17num_den	18num_err 19LS_err     20wt_num     21wt_num_err  22r_low   23r_high 24sig_crit
0.117769	8159	0	200	0	0	0	0	0	0	0	0	0	0	0	0	0	0	0        0   8159      0      0.1    0.135538    0
0.159622	14935	0	200	0	0	0	0	0	0	0	0	0	0	0	0	0	0	0        0   14935      0      0.135538    0.183706    0
0.216349	27278	0	200	0	0	0	0	0	0	0	0	0	0	0	0	0	0	0        0   27278      0      0.183706    0.248992    0
0.293236	49854	0	200	0	0	0	0	0	0	0	0	0	0	0	0	0	0	0        0   49854      0      0.248992    0.33748    0
0.397447	91198	0	200	0	0	0	0	0	0	0	0	0	0	0	0	0	0	0        0   91198      0      0.33748    0.457415    0
0.538693	166667	0	200	0	0	0	0	0	0	0	0	0	0	0	0	0	0	0        0   166667      0      0.457415    0.619972    0
0.730136	305246	0	200	0	0	0	0	0	0	0	0	0	0	0	0	0	0	0        0   305246      0      0.619972    0.8403    0
0.989614	558534	0	200	0	0	0	0	0	0	0	0	0	0	0	0	0	0	0        0   558534      0      0.8403    1.13893    0
1.34131	1021595	0	200	0	0	0	0	0	0	0	0	0	0	0	0	0	0	0        0   1.0216e+06      0      1.13893    1.54368    0
1.81798	1866828	0	200	0	0	0	0	0	0	0	0	0	0	0	0	0	0	0        0   1.86683e+06      0      1.54368    2.09228    0
2.46406	3414142	0	200	0	0	0	0	0	0	0	0	0	0	0	0	0	0	0        0   3.41414e+06      0      2.09228    2.83584    0
3.33975	6227418	0	200	0	0	0	0	0	0	0	0	0	0	0	0	0	0	0        0   6.22742e+06      0      2.83584    3.84365    0
4.52664	11402896	0	200	0	0	0	0	0	0	0	0	0	0	0	0	0	0	0        0   1.14029e+07      0      3.84365    5.20962    0
6.13533	20845300	0	200	0	0	0	0	0	0	0	0	0	0	0	0	0	0	0        0   2.08453e+07      0      5.20962    7.06103    0
8.31572	38034620	0	200	0	0	0	0	0	0	0	0	0	0	0	0	0	0	0        0   3.80346e+07      0      7.06103    9.5704    0
11.271	69249189	0	200	0	0	0	0	0	0	0	0	0	0	0	0	0	0	0        0   6.92492e+07      0      9.5704    12.9716    0
15.2765	125882073	0	200	0	0	0	0	0	0	0	0	0	0	0	0	0	0	0        0   1.25882e+08      0      12.9716    17.5814    0
20.7055	228196688	0	200	0	0	0	0	0	0	0	0	0	0	0	0	0	0	0        0   2.28197e+08      0      17.5814    23.8296    0
28.0639	412060870	0	200	0	0	0	0	0	0	0	0	0	0	0	0	0	0	0        0   4.12061e+08      0      23.8296    32.2982    0
38.0373	740561810	0	200	0	0	0	0	0	0	0	0	0	0	0	0	0	0	0        0   7.40562e+08      0      32.2982    43.7764    0
51.5551	1322510800	0	200	0	0	0	0	0	0	0	0	0	0	0	0	0	0	0        0   1.32251e+09      0      43.7764    59.3338    0
69.8769	2340004427	0	200	0	0	0	0	0	0	0	0	0	0	0	0	0	0	0        0   2.34e+09      0      59.3338    80.42    0
94.7099	4090763927	0	200	0	0	0	0	0	0	0	0	0	0	0	0	0	0	0        0   4.09076e+09      0      80.42    109    0
