# 1bin_value	2data_points	3sqrt(data_points)	4W	5W_err	6e+	7e+_err	8eX 9eX_err	10e++ 	11e++_err		12eXX	13eXX_err		14e+X	15e+X_err 	16theta          17theta_err       17num_den	18num_err 19LS_err     20wt_num     21wt_num_err  22r_low   23r_high 24sig_crit
0.117769	585	0	1334.45	67.6985	23.4632	6.72312	3.06407	6.47191	0	0	0	0	0	0	-39792.7	258.181	0	0        0   601      0      0.1    0.135538    0
0.159622	814	0	1014.58	41.1035	2.69046	4.59919	6.59579	4.21552	0	0	0	0	0	0	-55736.7	136.022	0	0        0   836      0      0.135538    0.183706    0
0.216349	1312	0	913.776	28.8783	9.54076	3.11697	8.32485	3.29432	0	0	0	0	0	0	-90233.8	88.7253	0	0        0   1362      0      0.183706    0.248992    0
0.293236	2148	0	815.718	19.7499	4.00188	2.3367	-0.588893	2.28829	0	0	0	0	0	0	-147936	57.2057	0	0        0   2216      0      0.248992    0.33748    0
0.397447	3293	0	698.29	13.3666	2.17825	1.61246	1.4462	1.63481	0	0	0	0	0	0	-225890	34.513	0	0        0   3409      0      0.33748    0.457415    0
0.538693	4378	0	510.09	8.22178	2.19367	1.03457	-0.966261	1.01486	0	0	0	0	0	0	-299476	17.4121	0	0        0   4519      0      0.457415    0.619972    0
0.730136	6653	0	425.786	5.49298	2.44753	0.69957	0.248384	0.674862	0	0	0	0	0	0	-454567	10.3443	0	0        0   6841      0      0.619972    0.8403    0
0.989614	10316	0	360.392	3.68835	0.25985	0.466953	0.0738685	0.46842	0	0	0	0	0	0	-707808	6.32564	0	0        0   10567      0      0.8403    1.13893    0
1.34131	16704	0	320.717	2.57263	0.745046	0.327154	-0.055041	0.326387	0	0	0	0	0	0	-1.14534e+06	4.10301	0	0        0   17136      0      1.13893    1.54368    0
1.81798	28054	0	293.979	1.81011	0.884626	0.233026	0.405904	0.230855	0	0	0	0	0	0	-1.923e+06	2.75606	0	0        0   28673      0      1.54368    2.09228    0
2.46406	48440	0	278.404	1.30041	0.474056	0.167272	-0.19686	0.168307	0	0	0	0	0	0	-3.32225e+06	1.89407	0	0        0   49472      0      2.09228    2.83584    0
3.33975	83120	0	262.513	0.93543	0.278419	0.12067	-0.166464	0.120405	0	0	0	0	0	0	-5.69328e+06	1.33777	0	0        0   84882      0      2.83584    3.84365    0
4.52664	143825	0	248.769	0.673295	0.205073	0.0871255	0.0602548	0.086756	0	0	0	0	0	0	-9.86306e+06	0.936566	0	0        0   147004      0      3.84365    5.20962    0
6.13533	251151	0	238.218	0.487519	0.0813793	0.0629678	-0.198298	0.0633126	0	0	0	0	0	0	-1.7222e+07	0.671054	0	0        0   256577      0      5.20962    7.06103    0
8.31572	439255	0	228.691	0.353628	0.161063	0.0458093	-0.0125224	0.045818	0	0	0	0	0	0	-3.01017e+07	0.481593	0	0        0   448583      0      7.06103    9.5704    0
11.271	775419	0	222.172	0.258567	0.0960165	0.0335946	0.0419839	0.0335719	0	0	0	0	0	0	-5.31872e+07	0.350968	0	0        0   792029      0      9.5704    12.9716    0
15.2765	1370769	0	216.45	0.18948	0.191149	0.0246012	0.0732092	0.024585	0	0	0	0	0	0	-9.40034e+07	0.257888	0	0        0   1.40012e+06      0      12.9716    17.5814    0
20.7055	2435717	0	212.443	0.139542	0.143157	0.0181121	0.0314073	0.0181369	0	0	0	0	0	0	-1.67069e+08	0.191187	0	0        0   2.48716e+06      0      17.5814    23.8296    0
28.0639	4325933	0	209.227	0.103171	0.0868312	0.0133896	0.0665459	0.013409	0	0	0	0	0	0	-2.96643e+08	0.142991	0	0        0   4.41709e+06      0      23.8296    32.2982    0
38.0373	7662799	0	206.454	0.0765383	0.086048	0.00994473	-0.00687759	0.00994878	0	0	0	0	0	0	-5.2537e+08	0.107697	0	0        0   7.82385e+06      0      32.2982    43.7764    0
51.5551	13543982	0	204.545	0.0570915	0.0667114	0.00741416	0.0127045	0.00741708	0	0	0	0	0	0	-9.28393e+08	0.0818363	0	0        0   1.38304e+07      0      43.7764    59.3338    0
69.8769	23820445	0	203.423	0.042863	0.0256914	0.0055669	-0.00714415	0.00556357	0	0	0	0	0	0	-1.63276e+09	0.0627428	0	0        0   2.43249e+07      0      59.3338    80.42    0
94.7099	41592265	0	203.201	0.0324164	0.00072019	0.00421083	0.00224193	0.00420861	0	0	0	0	0	0	-2.85071e+09	0.047748	0	0        0   4.24736e+07      0      80.42    109    0
