# 1bin_value	2data_points	3sqrt(data_points)	4W	5W_err	6e+	7e+_err	8eX 9eX_err	10e++ 	11e++_err		12eXX	13eXX_err		14e+X	15e+X_err 	16theta          17theta_err       17num_den	18num_err 19LS_err     20wt_num     21wt_num_err  22r_low   23r_high 24sig_crit
0.117769	824	0	202.278	7.51397	0	0	0	0	0	0	0	0	0	0	-1344.2	88167.6	0	0        0   844      0      0.1    0.135538    0
0.159622	1533	0	204.951	5.58325	0	0	0	0	0	0	0	0	0	0	-1374.23	165434	0	0        0   1562      0      0.135538    0.183706    0
0.216349	2795	0	205.603	4.16212	0	0	0	0	0	0	0	0	0	0	-1374.53	303058	0	0        0   2864      0      0.183706    0.248992    0
0.293236	5014	0	201.333	3.03949	0	0	0	0	0	0	0	0	0	0	-1346.42	543446	0	0        0   5134      0      0.248992    0.33748    0
0.397447	9287	0	203.3	2.25025	0	0	0	0	0	0	0	0	0	0	-1363.52	1.00432e+06	0	0        0   9494      0      0.33748    0.457415    0
0.538693	16652	0	199.292	1.64738	0	0	0	0	0	0	0	0	0	0	-1338.05	1.80754e+06	0	0        0   17028      0      0.457415    0.619972    0
0.730136	30614	0	200.247	1.22029	0	0	0	0	0	0	0	0	0	0	-1342.59	3.30764e+06	0	0        0   31308      0      0.619972    0.8403    0
0.989614	56246	0	201.124	0.904967	0	0	0	0	0	0	0	0	0	0	-1347.05	6.07914e+06	0	0        0   57589      0      0.8403    1.13893    0
1.34131	101813	0	199.175	0.666025	0	0	0	0	0	0	0	0	0	0	-1333.1	1.09997e+07	0	0        0   104254      0      1.13893    1.54368    0
1.81798	187214	0	200.404	0.494285	0	0	0	0	0	0	0	0	0	0	-1342.82	2.02634e+07	0	0        0   191678      0      1.54368    2.09228    0
2.46406	342317	0	200.312	0.365355	0	0	0	0	0	0	0	0	0	0	-1342.32	3.7027e+07	0	0        0   350303      0      2.09228    2.83584    0
3.33975	624609	0	200.464	0.270733	0	0	0	0	0	0	0	0	0	0	-1342.39	6.7525e+07	0	0        0   639450      0      2.83584    3.84365    0
4.52664	1143256	0	200.371	0.20002	0	0	0	0	0	0	0	0	0	0	-1342.39	1.23705e+08	0	0        0   1.17027e+06      0      3.84365    5.20962    0
6.13533	2088298	0	200.254	0.147922	0	0	0	0	0	0	0	0	0	0	-1341.41	2.25985e+08	0	0        0   2.13786e+06      0      5.20962    7.06103    0
8.31572	3811266	0	200.365	0.109579	0	0	0	0	0	0	0	0	0	0	-1342.24	4.12694e+08	0	0        0   3.90208e+06      0      7.06103    9.5704    0
11.271	6942490	0	200.507	0.0812721	0	0	0	0	0	0	0	0	0	0	-1342.91	7.51845e+08	0	0        0   7.10845e+06      0      9.5704    12.9716    0
15.2765	12605766	0	200.305	0.0602636	0	0	0	0	0	0	0	0	0	0	-1341.89	1.36615e+09	0	0        0   1.29054e+07      0      12.9716    17.5814    0
20.7055	22838073	0	200.244	0.0447751	0	0	0	0	0	0	0	0	0	0	-1341.38	2.47628e+09	0	0        0   2.33802e+07      0      17.5814    23.8296    0
28.0639	41225645	0	200.237	0.0333391	0	0	0	0	0	0	0	0	0	0	-1341.42	4.47433e+09	0	0        0   4.22008e+07      0      23.8296    32.2982    0
38.0373	74048163	0	200.244	0.0248941	0	0	0	0	0	0	0	0	0	0	-1341.37	8.04633e+09	0	0        0   7.57998e+07      0      32.2982    43.7764    0
51.5551	132126485	0	200.223	0.0186505	0	0	0	0	0	0	0	0	0	0	-1341.03	1.43775e+10	0	0        0   1.35256e+08      0      43.7764    59.3338    0
69.8769	233714566	0	200.269	0.0140375	0	0	0	0	0	0	0	0	0	0	-1341.2	2.54618e+10	0	0        0   2.39244e+08      0      59.3338    80.42    0
94.7099	408657280	0	200.309	0.0106241	0	0	0	0	0	0	0	0	0	0	-1341.27	4.45518e+10	0	0        0   4.18331e+08      0      80.42    109    0
