# 1bin_value	2data_points	3sqrt(data_points)	4W	5W_err	6e+	7e+_err	8eX 9eX_err	10e++ 	11e++_err		12eXX	13eXX_err		14e+X	15e+X_err 	16theta          17theta_err       17num_den	18num_err 19LS_err     20wt_num     21wt_num_err  22r_low   23r_high 24sig_crit
0.117769	584	0	1320.01	66.7897	24.5862	6.64871	3.38974	6.40722	0	0	0	0	0	0	-39734.9	253.064	0	0        0   600      0      0.1    0.135538    0
0.159622	819	0	1019.6	41.0165	1.83487	4.59131	6.03599	4.21052	0	0	0	0	0	0	-56178.4	133.841	0	0        0   842      0      0.135538    0.183706    0
0.216349	1313	0	911.974	28.8427	10.3007	3.11228	7.72958	3.29299	0	0	0	0	0	0	-90288.4	88.7959	0	0        0   1361      0      0.183706    0.248992    0
0.293236	2158	0	820.057	19.7718	4.39221	2.33997	-0.806172	2.28966	0	0	0	0	0	0	-148534	56.9099	0	0        0   2226      0      0.248992    0.33748    0
0.397447	3292	0	698.076	13.3689	2.13782	1.61255	1.14667	1.63497	0	0	0	0	0	0	-225830	34.5365	0	0        0   3407      0      0.33748    0.457415    0
0.538693	4390	0	511.262	8.21595	1.93025	1.03397	-1.16961	1.01403	0	0	0	0	0	0	-300262	17.2231	0	0        0   4533      0      0.457415    0.619972    0
0.730136	6684	0	426.921	5.48209	2.25016	0.698195	0.2306	0.673456	0	0	0	0	0	0	-456604	10.0829	0	0        0   6874      0      0.619972    0.8403    0
0.989614	10333	0	360.252	3.68329	0.253768	0.466285	0.0565511	0.467696	0	0	0	0	0	0	-708756	6.29446	0	0        0   10580      0      0.8403    1.13893    0
1.34131	16749	0	321.007	2.5681	0.805807	0.326569	-0.0563397	0.325795	0	0	0	0	0	0	-1.14838e+06	4.00469	0	0        0   17182      0      1.13893    1.54368    0
1.81798	28109	0	294.061	1.8072	0.839426	0.232654	0.424848	0.230472	0	0	0	0	0	0	-1.92681e+06	2.70463	0	0        0   28729      0      1.54368    2.09228    0
2.46406	48460	0	278.045	1.29813	0.461882	0.166982	-0.167011	0.168019	0	0	0	0	0	0	-3.32297e+06	1.88779	0	0        0   49492      0      2.09228    2.83584    0
3.33975	83258	0	262.485	0.933688	0.261014	0.120447	-0.199202	0.120181	0	0	0	0	0	0	-5.70291e+06	1.30942	0	0        0   85027      0      2.83584    3.84365    0
4.52664	144067	0	248.705	0.671999	0.240528	0.0869573	0.0988936	0.0865887	0	0	0	0	0	0	-9.88094e+06	0.91418	0	0        0   147248      0      3.84365    5.20962    0
6.13533	251782	0	238.35	0.486555	0.095023	0.0628426	-0.186332	0.063187	0	0	0	0	0	0	-1.72669e+07	0.648514	0	0        0   257222      0      5.20962    7.06103    0
8.31572	440238	0	228.742	0.352906	0.163434	0.0457157	-0.00655058	0.0457244	0	0	0	0	0	0	-3.01699e+07	0.467478	0	0        0   449594      0      7.06103    9.5704    0
11.271	777386	0	222.237	0.257983	0.100594	0.0335186	0.0366433	0.033496	0	0	0	0	0	0	-5.33248e+07	0.339144	0	0        0   794050      0      9.5704    12.9716    0
15.2765	1374779	0	216.547	0.189013	0.187439	0.0245404	0.0770204	0.0245243	0	0	0	0	0	0	-9.42781e+07	0.248373	0	0        0   1.40421e+06      0      12.9716    17.5814    0
20.7055	2444433	0	212.624	0.139165	0.154133	0.018063	0.0415286	0.0180878	0	0	0	0	0	0	-1.67663e+08	0.182787	0	0        0   2.49601e+06      0      17.5814    23.8296    0
28.0639	4342209	0	209.386	0.102864	0.0950799	0.0133495	0.071211	0.0133689	0	0	0	0	0	0	-2.9776e+08	0.136459	0	0        0   4.43371e+06      0      23.8296    32.2982    0
38.0373	7696290	0	206.672	0.0762875	0.0909021	0.00991204	-0.00159073	0.00991608	0	0	0	0	0	0	-5.27678e+08	0.102112	0	0        0   7.85796e+06      0      32.2982    43.7764    0
51.5551	13609599	0	204.811	0.056894	0.0649514	0.00738842	0.014922	0.00739132	0	0	0	0	0	0	-9.3287e+08	0.0774119	0	0        0   1.38968e+07      0      43.7764    59.3338    0
69.8769	23959357	0	203.873	0.0427123	0.0191773	0.00554721	-0.00534915	0.00554389	0	0	0	0	0	0	-1.64216e+09	0.0589386	0	0        0   2.44656e+07      0      59.3338    80.42    0
94.7099	41815727	0	203.581	0.0323061	0.00423039	0.00419643	0.00298086	0.00419422	0	0	0	0	0	0	-2.8654e+09	0.045261	0	0        0   4.27001e+07      0      80.42    109    0
