# 1bin_value	2data_points	3sqrt(data_points)	4W	5W_err	6e+	7e+_err	8eX 9eX_err	10e++ 	11e++_err		12eXX	13eXX_err		14e+X	15e+X_err 	16theta          17theta_err       17num_den	18num_err 19LS_err     20wt_num     21wt_num_err  22r_low   23r_high 24sig_crit
0.117769	758	0	185.734	7.14915	0.664087	0.889177	0.113472	0.813407	0	0	0	0	0	0	-51709.2	16.9066	0	0        0   758      0      0.1    0.135538    0
0.159622	1465	0	196.251	5.41139	-0.634518	0.666565	-0.638269	0.672044	0	0	0	0	0	0	-100030	12.5477	0	0        0   1465      0      0.135538    0.183706    0
0.216349	2762	0	202.699	4.08681	0.401143	0.5004	-0.884232	0.522383	0	0	0	0	0	0	-190258	9.8871	0	0        0   2762      0      0.183706    0.248992    0
0.293236	4954	0	198.748	2.98258	-0.0634669	0.366745	-0.08754	0.371765	0	0	0	0	0	0	-340531	7.02534	0	0        0   4954      0      0.248992    0.33748    0
0.397447	9306	0	204.348	2.23923	0.441149	0.275836	0.575711	0.281359	0	0	0	0	0	0	-636947	5.28209	0	0        0   9306      0      0.33748    0.457415    0
0.538693	16728	0	200.82	1.64195	-0.24612	0.202451	0.1358	0.205173	0	0	0	0	0	0	-1.14538e+06	3.896	0	0        0   16728      0      0.457415    0.619972    0
0.730136	30829	0	201.942	1.21611	-0.0584438	0.150856	0.0423582	0.151398	0	0	0	0	0	0	-2.11767e+06	2.89412	0	0        0   30829      0      0.619972    0.8403    0
0.989614	55974	0	200.425	0.895318	-0.0918226	0.111744	-0.0193875	0.111388	0	0	0	0	0	0	-3.83778e+06	2.11914	0	0        0   55974      0      0.8403    1.13893    0
1.34131	102441	0	200.576	0.662447	0.0202977	0.082744	-0.0523986	0.0825073	0	0	0	0	0	0	-7.02597e+06	1.56973	0	0        0   102441      0      1.13893    1.54368    0
1.81798	187466	0	200.818	0.490321	0.0928397	0.0609147	0.0562058	0.0612211	0	0	0	0	0	0	-1.28604e+07	1.16308	0	0        0   187466      0      1.54368    2.09228    0
2.46406	342554	0	200.686	0.362535	0.0295721	0.0451475	0.124669	0.0450305	0	0	0	0	0	0	-2.3504e+07	0.860724	0	0        0   342554      0      2.09228    2.83584    0
3.33975	628189	0	201.769	0.269223	-0.00551572	0.0335185	-0.0103796	0.0334854	0	0	0	0	0	0	-4.30824e+07	0.64034	0	0        0   628189      0      2.83584    3.84365    0
4.52664	1148933	0	201.554	0.198878	0.00400893	0.0247499	-0.0218022	0.0247488	0	0	0	0	0	0	-7.87916e+07	0.473345	0	0        0   1.14893e+06      0      3.84365    5.20962    0
6.13533	2100181	0	201.562	0.147121	0.00637881	0.018313	0.00853471	0.0183085	0	0	0	0	0	0	-1.44028e+08	0.350438	0	0        0   2.10018e+06      0      5.20962    7.06103    0
8.31572	3841428	0	202.088	0.109088	0.00664343	0.0135754	0.00106585	0.013569	0	0	0	0	0	0	-2.63451e+08	0.260286	0	0        0   3.84143e+06      0      7.06103    9.5704    0
11.271	6995218	0	202.155	0.0808885	-0.0153792	0.0100638	0.00212227	0.0100625	0	0	0	0	0	0	-4.79731e+08	0.193365	0	0        0   6.99522e+06      0      9.5704    12.9716    0
15.2765	12724603	0	202.338	0.0600498	-0.00280918	0.00747045	-0.0059875	0.00747173	0	0	0	0	0	0	-8.72619e+08	0.143909	0	0        0   1.27246e+07      0      12.9716    17.5814    0
20.7055	23068685	0	202.427	0.0446385	0.00284969	0.00555272	0.00130055	0.00555054	0	0	0	0	0	0	-1.582e+09	0.107317	0	0        0   2.30687e+07      0      17.5814    23.8296    0
28.0639	41674334	0	202.601	0.0332595	0.0136301	0.00413772	-0.00456474	0.00413794	0	0	0	0	0	0	-2.85758e+09	0.080275	0	0        0   4.16743e+07      0      23.8296    32.2982    0
38.0373	74867741	0	202.629	0.0248356	0.0159277	0.00308895	-0.00914432	0.00308909	0	0	0	0	0	0	-5.13332e+09	0.0602414	0	0        0   7.48677e+07      0      32.2982    43.7764    0
51.5551	133520446	0	202.505	0.0186044	0.0108838	0.00231336	0.0142312	0.00231361	0	0	0	0	0	0	-9.1537e+09	0.0454233	0	0        0   1.3352e+08      0      43.7764    59.3338    0
69.8769	236007462	0	202.519	0.0140142	0.0077415	0.00174214	0.0144329	0.00174238	0	0	0	0	0	0	-1.61772e+10	0.0345274	0	0        0   2.36007e+08      0      59.3338    80.42    0
94.7099	412395938	0	202.71	0.0106292	-0.00518741	0.00132183	0.00687657	0.00132131	0	0	0	0	0	0	-2.82653e+10	0.0264622	0	0        0   4.12396e+08      0      80.42    109    0
