# 1bin_value	2data_points	3sqrt(data_points)	4W	5W_err	6e+	7e+_err	8eX 9eX_err	10e++ 	11e++_err		12eXX	13eXX_err		14e+X	15e+X_err 	16theta          17theta_err       17num_den	18num_err 19LS_err     20wt_num     21wt_num_err  22r_low   23r_high 24sig_crit
0.117769	8166	0	200	0	0	0	0	0	0	0	0	0	0	0	0	0	0	0        0   8166      0      0.1    0.135538    0
0.159622	14916	0	200	0	0	0	0	0	0	0	0	0	0	0	0	0	0	0        0   14916      0      0.135538    0.183706    0
0.216349	27256	0	200	0	0	0	0	0	0	0	0	0	0	0	0	0	0	0        0   27256      0      0.183706    0.248992    0
0.293236	49862	0	200	0	0	0	0	0	0	0	0	0	0	0	0	0	0	0        0   49862      0      0.248992    0.33748    0
0.397447	91236	0	200	0	0	0	0	0	0	0	0	0	0	0	0	0	0	0        0   91236      0      0.33748    0.457415    0
0.538693	166784	0	200	0	0	0	0	0	0	0	0	0	0	0	0	0	0	0        0   166784      0      0.457415    0.619972    0
0.730136	305423	0	200	0	0	0	0	0	0	0	0	0	0	0	0	0	0	0        0   305423      0      0.619972    0.8403    0
0.989614	558974	0	200	0	0	0	0	0	0	0	0	0	0	0	0	0	0	0        0   558974      0      0.8403    1.13893    0
1.34131	1022001	0	200	0	0	0	0	0	0	0	0	0	0	0	0	0	0	0        0   1.022e+06      0      1.13893    1.54368    0
1.81798	1867760	0	200	0	0	0	0	0	0	0	0	0	0	0	0	0	0	0        0   1.86776e+06      0      1.54368    2.09228    0
2.46406	3416484	0	200	0	0	0	0	0	0	0	0	0	0	0	0	0	0	0        0   3.41648e+06      0      2.09228    2.83584    0
3.33975	6231494	0	200	0	0	0	0	0	0	0	0	0	0	0	0	0	0	0        0   6.23149e+06      0      2.83584    3.84365    0
4.52664	11409336	0	200	0	0	0	0	0	0	0	0	0	0	0	0	0	0	0        0   1.14093e+07      0      3.84365    5.20962    0
6.13533	20853278	0	200	0	0	0	0	0	0	0	0	0	0	0	0	0	0	0        0   2.08533e+07      0      5.20962    7.06103    0
8.31572	38044043	0	200	0	0	0	0	0	0	0	0	0	0	0	0	0	0	0        0   3.8044e+07      0      7.06103    9.5704    0
11.271	69257912	0	200	0	0	0	0	0	0	0	0	0	0	0	0	0	0	0        0   6.92579e+07      0      9.5704    12.9716    0
15.2765	125874790	0	200	0	0	0	0	0	0	0	0	0	0	0	0	0	0	0        0   1.25875e+08      0      12.9716    17.5814    0
20.7055	228128501	0	200	0	0	0	0	0	0	0	0	0	0	0	0	0	0	0        0   2.28129e+08      0      17.5814    23.8296    0
28.0639	411803889	0	200	0	0	0	0	0	0	0	0	0	0	0	0	0	0	0        0   4.11804e+08      0      23.8296    32.2982    0
38.0373	739753162	0	200	0	0	0	0	0	0	0	0	0	0	0	0	0	0	0        0   7.39753e+08      0      32.2982    43.7764    0
51.5551	1320248075	0	200	0	0	0	0	0	0	0	0	0	0	0	0	0	0	0        0   1.32025e+09      0      43.7764    59.3338    0
69.8769	2334545155	0	200	0	0	0	0	0	0	0	0	0	0	0	0	0	0	0        0   2.33455e+09      0      59.3338    80.42    0
94.7099	4079707958	0	200	0	0	0	0	0	0	0	0	0	0	0	0	0	0	0        0   4.07971e+09      0      80.42    109    0
