# 1bin_value	2data_points	3sqrt(data_points)	4W	5W_err	6e+	7e+_err	8eX 9eX_err	10e++ 	11e++_err		12eXX	13eXX_err		14e+X	15e+X_err 	16theta          17theta_err       17num_den	18num_err 19LS_err     20wt_num     21wt_num_err  22r_low   23r_high 24sig_crit
0.117769	822	0	201.151	7.4858	0	0	0	0	0	0	0	0	0	0	-1336.25	88167.6	0	0        0   842      0      0.1    0.135538    0
0.159622	1526	0	203.746	5.57568	0	0	0	0	0	0	0	0	0	0	-1367.46	165434	0	0        0   1554      0      0.135538    0.183706    0
0.216349	2801	0	205.342	4.15061	0	0	0	0	0	0	0	0	0	0	-1374.18	303058	0	0        0   2868      0      0.183706    0.248992    0
0.293236	5039	0	201.941	3.03523	0	0	0	0	0	0	0	0	0	0	-1350.67	543446	0	0        0   5159      0      0.248992    0.33748    0
0.397447	9272	0	202.494	2.24463	0	0	0	0	0	0	0	0	0	0	-1358.51	1.00432e+06	0	0        0   9477      0      0.33748    0.457415    0
0.538693	16703	0	199.55	1.64485	0	0	0	0	0	0	0	0	0	0	-1339.8	1.80754e+06	0	0        0   17078      0      0.457415    0.619972    0
0.730136	30631	0	199.885	1.21766	0	0	0	0	0	0	0	0	0	0	-1340.72	3.30764e+06	0	0        0   31314      0      0.619972    0.8403    0
0.989614	56310	0	201.003	0.90354	0	0	0	0	0	0	0	0	0	0	-1346.38	6.07914e+06	0	0        0   57644      0      0.8403    1.13893    0
1.34131	101945	0	198.985	0.66461	0	0	0	0	0	0	0	0	0	0	-1332.06	1.09997e+07	0	0        0   104366      0      1.13893    1.54368    0
1.81798	187533	0	200.289	0.493234	0	0	0	0	0	0	0	0	0	0	-1342.31	2.02634e+07	0	0        0   191966      0      1.54368    2.09228    0
2.46406	343010	0	200.259	0.36459	0	0	0	0	0	0	0	0	0	0	-1342.25	3.7027e+07	0	0        0   350934      0      2.09228    2.83584    0
3.33975	625833	0	200.361	0.270101	0	0	0	0	0	0	0	0	0	0	-1341.89	6.7525e+07	0	0        0   640587      0      2.83584    3.84365    0
4.52664	1145581	0	200.264	0.199535	0	0	0	0	0	0	0	0	0	0	-1341.92	1.23705e+08	0	0        0   1.17243e+06      0      3.84365    5.20962    0
6.13533	2092764	0	200.125	0.147532	0	0	0	0	0	0	0	0	0	0	-1340.84	2.25985e+08	0	0        0   2.14199e+06      0      5.20962    7.06103    0
8.31572	3820557	0	200.259	0.109272	0	0	0	0	0	0	0	0	0	0	-1341.8	4.12694e+08	0	0        0   3.91076e+06      0      7.06103    9.5704    0
11.271	6961513	0	200.398	0.0810208	0	0	0	0	0	0	0	0	0	0	-1342.48	7.51845e+08	0	0        0   7.1263e+06      0      9.5704    12.9716    0
15.2765	12644324	0	200.19	0.0600568	0	0	0	0	0	0	0	0	0	0	-1341.45	1.36615e+09	0	0        0   1.29418e+07      0      12.9716    17.5814    0
20.7055	22919003	0	200.139	0.0446024	0	0	0	0	0	0	0	0	0	0	-1341.02	2.47628e+09	0	0        0   2.34574e+07      0      17.5814    23.8296    0
28.0639	41398118	0	200.133	0.0331905	0	0	0	0	0	0	0	0	0	0	-1341.1	4.47433e+09	0	0        0   4.23661e+07      0      23.8296    32.2982    0
38.0373	74425469	0	200.15	0.0247624	0	0	0	0	0	0	0	0	0	0	-1341.13	8.04633e+09	0	0        0   7.6164e+07      0      32.2982    43.7764    0
51.5551	132947557	0	200.143	0.0185331	0	0	0	0	0	0	0	0	0	0	-1340.91	1.43775e+10	0	0        0   1.36053e+08      0      43.7764    59.3338    0
69.8769	235315806	0	200.142	0.0139371	0	0	0	0	0	0	0	0	0	0	-1340.77	2.54618e+10	0	0        0   2.408e+08      0      59.3338    80.42    0
94.7099	411448415	0	200.147	0.0105465	0	0	0	0	0	0	0	0	0	0	-1340.56	4.45518e+10	0	0        0   4.21039e+08      0      80.42    109    0
