# 1bin_value	2data_points	3sqrt(data_points)	4W	5W_err	6e+	7e+_err	8eX 9eX_err	10e++ 	11e++_err		12eXX	13eXX_err		14e+X	15e+X_err 	16theta          17theta_err       17num_den	18num_err 19LS_err     20wt_num     21wt_num_err  22r_low   23r_high 24sig_crit
0.117769	821	0	201.442	7.50979	0	0	0	0	0	0	0	0	0	0	-1337.91	88167.6	0	0        0   841      0      0.1    0.135538    0
0.159622	1538	0	205.742	5.59004	0	0	0	0	0	0	0	0	0	0	-1379.22	165434	0	0        0   1567      0      0.135538    0.183706    0
0.216349	2798	0	205.549	4.15519	0	0	0	0	0	0	0	0	0	0	-1373.82	303058	0	0        0   2868      0      0.183706    0.248992    0
0.293236	5024	0	201.718	3.04034	0	0	0	0	0	0	0	0	0	0	-1349.23	543446	0	0        0   5143      0      0.248992    0.33748    0
0.397447	9266	0	202.945	2.25071	0	0	0	0	0	0	0	0	0	0	-1361.03	1.00432e+06	0	0        0   9474      0      0.33748    0.457415    0
0.538693	16656	0	199.313	1.64721	0	0	0	0	0	0	0	0	0	0	-1338.06	1.80754e+06	0	0        0   17031      0      0.457415    0.619972    0
0.730136	30566	0	199.907	1.22012	0	0	0	0	0	0	0	0	0	0	-1340.45	3.30764e+06	0	0        0   31256      0      0.619972    0.8403    0
0.989614	56143	0	200.718	0.904723	0	0	0	0	0	0	0	0	0	0	-1344.44	6.07914e+06	0	0        0   57477      0      0.8403    1.13893    0
1.34131	101762	0	199.029	0.665883	0	0	0	0	0	0	0	0	0	0	-1332.23	1.09997e+07	0	0        0   104192      0      1.13893    1.54368    0
1.81798	186978	0	200.061	0.494017	0	0	0	0	0	0	0	0	0	0	-1340.58	2.02634e+07	0	0        0   191424      0      1.54368    2.09228    0
2.46406	341992	0	200.06	0.365199	0	0	0	0	0	0	0	0	0	0	-1340.62	3.7027e+07	0	0        0   349968      0      2.09228    2.83584    0
3.33975	624150	0	200.22	0.270589	0	0	0	0	0	0	0	0	0	0	-1340.83	6.7525e+07	0	0        0   638939      0      2.83584    3.84365    0
4.52664	1142351	0	200.098	0.199885	0	0	0	0	0	0	0	0	0	0	-1340.61	1.23705e+08	0	0        0   1.16931e+06      0      3.84365    5.20962    0
6.13533	2086936	0	199.981	0.1478	0	0	0	0	0	0	0	0	0	0	-1339.59	2.25985e+08	0	0        0   2.13642e+06      0      5.20962    7.06103    0
8.31572	3809754	0	200.124	0.109483	0	0	0	0	0	0	0	0	0	0	-1340.67	4.12694e+08	0	0        0   3.90039e+06      0      7.06103    9.5704    0
11.271	6940614	0	200.257	0.0811866	0	0	0	0	0	0	0	0	0	0	-1341.28	7.51845e+08	0	0        0   7.10629e+06      0      9.5704    12.9716    0
15.2765	12604685	0	200.032	0.0601817	0	0	0	0	0	0	0	0	0	0	-1340.1	1.36615e+09	0	0        0   1.29038e+07      0      12.9716    17.5814    0
20.7055	22844235	0	199.976	0.0446999	0	0	0	0	0	0	0	0	0	0	-1339.65	2.47628e+09	0	0        0   2.33854e+07      0      17.5814    23.8296    0
28.0639	41259337	0	199.974	0.0332664	0	0	0	0	0	0	0	0	0	0	-1339.73	4.47433e+09	0	0        0   4.22327e+07      0      23.8296    32.2982    0
38.0373	74172360	0	199.974	0.0248177	0	0	0	0	0	0	0	0	0	0	-1339.64	8.04633e+09	0	0        0   7.59219e+07      0      32.2982    43.7764    0
51.5551	132496155	0	199.945	0.0185718	0	0	0	0	0	0	0	0	0	0	-1339.27	1.43775e+10	0	0        0   1.35624e+08      0      43.7764    59.3338    0
69.8769	234598457	0	199.957	0.0139619	0	0	0	0	0	0	0	0	0	0	-1339.18	2.54618e+10	0	0        0   2.4013e+08      0      59.3338    80.42    0
94.7099	410566532	0	199.992	0.0105574	0	0	0	0	0	0	0	0	0	0	-1339.18	4.45518e+10	0	0        0   4.2025e+08      0      80.42    109    0
