# 1bin_value	2data_points	3sqrt(data_points)	4W	5W_err	6e+	7e+_err	8eX 9eX_err	10e++ 	11e++_err		12eXX	13eXX_err		14e+X	15e+X_err 	16theta          17theta_err       17num_den	18num_err 19LS_err     20wt_num     21wt_num_err  22r_low   23r_high 24sig_crit
0.117769	769	0	188.657	7.16884	0.629057	0.890551	0.0466313	0.816155	0	0	0	0	0	0	-52445	16.2594	0	0        0   769      0      0.1    0.135538    0
0.159622	1463	0	195.734	5.40248	-0.77835	0.665405	-0.69393	0.67114	0	0	0	0	0	0	-99880.1	12.5752	0	0        0   1463      0      0.135538    0.183706    0
0.216349	2775	0	203.968	4.09482	0.350485	0.501105	-0.710501	0.523298	0	0	0	0	0	0	-191232	9.73582	0	0        0   2775      0      0.183706    0.248992    0
0.293236	4957	0	198.914	2.98311	-0.0305919	0.36676	-0.116022	0.371698	0	0	0	0	0	0	-340900	6.98739	0	0        0   4957      0      0.248992    0.33748    0
0.397447	9316	0	204.542	2.23928	0.504079	0.275826	0.590837	0.281341	0	0	0	0	0	0	-637630	5.26494	0	0        0   9316      0      0.33748    0.457415    0
0.538693	16787	0	201.463	1.64183	-0.197261	0.202392	0.115874	0.205092	0	0	0	0	0	0	-1.14918e+06	3.85655	0	0        0   16787      0      0.457415    0.619972    0
0.730136	30911	0	202.47	1.21633	-0.0291698	0.150846	0.117268	0.151389	0	0	0	0	0	0	-2.12349e+06	2.86863	0	0        0   30911      0      0.619972    0.8403    0
0.989614	56068	0	200.759	0.895425	-0.0994182	0.111741	-0.00829953	0.111384	0	0	0	0	0	0	-3.84381e+06	2.1096	0	0        0   56068      0      0.8403    1.13893    0
1.34131	102725	0	201.17	0.662764	0.0156753	0.082762	-0.0568393	0.0825239	0	0	0	0	0	0	-7.0451e+06	1.55791	0	0        0   102725      0      1.13893    1.54368    0
1.81798	187959	0	201.442	0.490687	0.0805164	0.0609429	0.0669463	0.0612494	0	0	0	0	0	0	-1.28951e+07	1.15421	0	0        0   187959      0      1.54368    2.09228    0
2.46406	343672	0	201.376	0.362706	0.0469603	0.0451547	0.113826	0.0450377	0	0	0	0	0	0	-2.35793e+07	0.852822	0	0        0   343672      0      2.09228    2.83584    0
3.33975	630094	0	202.425	0.269363	-0.012581	0.033526	-0.0173583	0.0334929	0	0	0	0	0	0	-4.32127e+07	0.634838	0	0        0   630094      0      2.83584    3.84365    0
4.52664	1152422	0	202.22	0.19899	0.0102386	0.0247563	-0.0307745	0.0247551	0	0	0	0	0	0	-7.90315e+07	0.469239	0	0        0   1.15242e+06      0      3.84365    5.20962    0
6.13533	2106701	0	202.221	0.147188	0.00511276	0.0183158	0.00738789	0.0183114	0	0	0	0	0	0	-1.44475e+08	0.347289	0	0        0   2.1067e+06      0      5.20962    7.06103    0
8.31572	3852784	0	202.725	0.109141	0.00270477	0.013578	0.0015363	0.0135717	0	0	0	0	0	0	-2.64231e+08	0.258089	0	0        0   3.85278e+06      0      7.06103    9.5704    0
11.271	7016460	0	202.818	0.0809318	-0.0185084	0.0100661	-0.000532231	0.0100649	0	0	0	0	0	0	-4.81188e+08	0.191708	0	0        0   7.01646e+06      0      9.5704    12.9716    0
15.2765	12764643	0	203.028	0.0600842	-0.0024707	0.00747239	-0.00725893	0.00747367	0	0	0	0	0	0	-8.75374e+08	0.142638	0	0        0   1.27646e+07      0      12.9716    17.5814    0
20.7055	23141853	0	203.114	0.0446622	0.000445619	0.00555394	-8.6426e-05	0.00555175	0	0	0	0	0	0	-1.58704e+09	0.106358	0	0        0   2.31419e+07      0      17.5814    23.8296    0
28.0639	41807060	0	203.282	0.0332754	0.0110133	0.00413843	-0.00426077	0.00413865	0	0	0	0	0	0	-2.8667e+09	0.0795585	0	0        0   4.18071e+07      0      23.8296    32.2982    0
38.0373	75103568	0	203.306	0.0248479	0.0138348	0.00308953	-0.0106825	0.00308968	0	0	0	0	0	0	-5.14957e+09	0.0597151	0	0        0   7.51036e+07      0      32.2982    43.7764    0
51.5551	133951347	0	203.212	0.0186151	0.00913077	0.00231395	0.015205	0.00231421	0	0	0	0	0	0	-9.18329e+09	0.0450311	0	0        0   1.33951e+08      0      43.7764    59.3338    0
69.8769	236798636	0	203.248	0.0140222	0.0103072	0.00174256	0.0175021	0.0017428	0	0	0	0	0	0	-1.62314e+10	0.0342243	0	0        0   2.36799e+08      0      59.3338    80.42    0
94.7099	413871649	0	203.448	0.0106334	0.00703123	0.0013219	0.00941495	0.00132139	0	0	0	0	0	0	-2.83661e+10	0.026214	0	0        0   4.13872e+08      0      80.42    109    0
