# 1bin_value	2data_points	3sqrt(data_points)	4W	5W_err	6e+	7e+_err	8eX 9eX_err	10e++ 	11e++_err		12eXX	13eXX_err		14e+X	15e+X_err 	16theta          17theta_err       17num_den	18num_err 19LS_err     20wt_num     21wt_num_err  22r_low   23r_high 24sig_crit
0.117769	821	0	200.724	7.48724	0	0	0	0	0	0	0	0	0	0	-1333.79	88167.6	0	0        0   840      0      0.1    0.135538    0
0.159622	1537	0	205.341	5.58162	0	0	0	0	0	0	0	0	0	0	-1376.53	165434	0	0        0   1566      0      0.135538    0.183706    0
0.216349	2804	0	206.039	4.15709	0	0	0	0	0	0	0	0	0	0	-1377.59	303058	0	0        0   2874      0      0.183706    0.248992    0
0.293236	5014	0	201.146	3.03667	0	0	0	0	0	0	0	0	0	0	-1345.45	543446	0	0        0   5134      0      0.248992    0.33748    0
0.397447	9274	0	202.879	2.24795	0	0	0	0	0	0	0	0	0	0	-1360.41	1.00432e+06	0	0        0   9482      0      0.33748    0.457415    0
0.538693	16652	0	199.245	1.64672	0	0	0	0	0	0	0	0	0	0	-1337.57	1.80754e+06	0	0        0   17030      0      0.457415    0.619972    0
0.730136	30605	0	200.08	1.21967	0	0	0	0	0	0	0	0	0	0	-1341.83	3.30764e+06	0	0        0   31295      0      0.619972    0.8403    0
0.989614	56257	0	201.064	0.90459	0	0	0	0	0	0	0	0	0	0	-1346.75	6.07914e+06	0	0        0   57594      0      0.8403    1.13893    0
1.34131	101792	0	198.999	0.665509	0	0	0	0	0	0	0	0	0	0	-1331.88	1.09997e+07	0	0        0   104232      0      1.13893    1.54368    0
1.81798	187276	0	200.337	0.493965	0	0	0	0	0	0	0	0	0	0	-1342.43	2.02634e+07	0	0        0   191733      0      1.54368    2.09228    0
2.46406	342432	0	200.272	0.365169	0	0	0	0	0	0	0	0	0	0	-1342.07	3.7027e+07	0	0        0   350409      0      2.09228    2.83584    0
3.33975	624732	0	200.365	0.270546	0	0	0	0	0	0	0	0	0	0	-1341.77	6.7525e+07	0	0        0   639546      0      2.83584    3.84365    0
4.52664	1143776	0	200.311	0.199864	0	0	0	0	0	0	0	0	0	0	-1342.03	1.23705e+08	0	0        0   1.1708e+06      0      3.84365    5.20962    0
6.13533	2089137	0	200.175	0.1478	0	0	0	0	0	0	0	0	0	0	-1340.9	2.25985e+08	0	0        0   2.13869e+06      0      5.20962    7.06103    0
8.31572	3813282	0	200.28	0.109473	0	0	0	0	0	0	0	0	0	0	-1341.7	4.12694e+08	0	0        0   3.90404e+06      0      7.06103    9.5704    0
11.271	6947084	0	200.428	0.0811852	0	0	0	0	0	0	0	0	0	0	-1342.41	7.51845e+08	0	0        0   7.11298e+06      0      9.5704    12.9716    0
15.2765	12616904	0	200.236	0.0601896	0	0	0	0	0	0	0	0	0	0	-1341.46	1.36615e+09	0	0        0   1.29164e+07      0      12.9716    17.5814    0
20.7055	22862690	0	200.177	0.044712	0	0	0	0	0	0	0	0	0	0	-1340.97	2.47628e+09	0	0        0   2.34046e+07      0      17.5814    23.8296    0
28.0639	41280251	0	200.165	0.0332832	0	0	0	0	0	0	0	0	0	0	-1340.96	4.47433e+09	0	0        0   4.22552e+07      0      23.8296    32.2982    0
38.0373	74187815	0	200.19	0.024841	0	0	0	0	0	0	0	0	0	0	-1341.04	8.04633e+09	0	0        0   7.59393e+07      0      32.2982    43.7764    0
51.5551	132458579	0	200.167	0.0185991	0	0	0	0	0	0	0	0	0	0	-1340.72	1.43775e+10	0	0        0   1.35587e+08      0      43.7764    59.3338    0
69.8769	234404699	0	200.172	0.0139897	0	0	0	0	0	0	0	0	0	0	-1340.65	2.54618e+10	0	0        0   2.39934e+08      0      59.3338    80.42    0
94.7099	409917188	0	200.14	0.0105826	0	0	0	0	0	0	0	0	0	0	-1340.29	4.45518e+10	0	0        0   4.19589e+08      0      80.42    109    0
