# 1bin_value	2data_points	3sqrt(data_points)	4W	5W_err	6e+	7e+_err	8eX 9eX_err	10e++ 	11e++_err		12eXX	13eXX_err		14e+X	15e+X_err 	16theta          17theta_err       17num_den	18num_err 19LS_err     20wt_num     21wt_num_err  22r_low   23r_high 24sig_crit
0.117769	1066	22.9476	1072.05	49.4151	6.7178	6.32608	-1.62318	6.13785	0	0	0	0	0	0	-7221.45	185.963	0	22.9476        0   0      0      0.1    0.135538    0
0.159622	1577	14.3992	908.387	33.7569	10.4458	4.62517	-1.12001	4.75873	0	0	0	0	0	0	-5928.12	116.994	0	14.3992        0   0      0      0.135538    0.183706    0
0.216349	2274	9.86075	649.035	20.6653	3.72324	2.99909	-1.78992	2.98356	0	0	0	0	0	0	-4279.26	62.3812	0	9.86075        0   0      0      0.183706    0.248992    0
0.293236	3988	6.45415	632.379	15.2658	5.43077	2.24651	-1.77906	2.21532	0	0	0	0	0	0	-4194.09	44.337	0	6.45415        0   0      0      0.248992    0.33748    0
0.397447	5931	4.59143	470.754	9.8115	3.22695	1.48111	-1.89755	1.43473	0	0	0	0	0	0	-3119.42	24.6466	0	4.59143        0   0      0      0.33748    0.457415    0
0.538693	8297	3.50323	315.794	6.3055	0.76924	0.971279	-0.493713	0.967046	0	0	0	0	0	0	-2070.7	13.5502	0	3.50323        0   0      0      0.457415    0.619972    0
0.730136	12328	2.57324	222.128	4.2216	0.317417	0.66178	-0.913104	0.656174	0	0	0	0	0	0	-1457	8.04031	0	2.57324        0   0      0      0.619972    0.8403    0
0.989614	19301	1.9077	159.716	2.87761	0.574618	0.44802	0.149293	0.451937	0	0	0	0	0	0	-1036.56	4.95116	0	1.9077        0   0      0      0.8403    1.13893    0
1.34131	30963	1.42973	116.218	2.00153	0.235639	0.313698	-0.235444	0.31041	0	0	0	0	0	0	-754.727	3.16825	0	1.42973        0   0      0      1.13893    1.54368    0
1.81798	51725	1.06578	90.8111	1.42269	-0.0323238	0.222389	-0.185075	0.220878	0	0	0	0	0	0	-577.036	2.19359	0	1.06578        0   0      0      1.54368    2.09228    0
2.46406	89077	0.789951	73.7031	1.0247	0.377447	0.160859	0.0421726	0.160209	0	0	0	0	0	0	-466.204	1.53235	0	0.789951        0   0      0      2.09228    2.83584    0
3.33975	153604	0.585612	59.3544	0.741211	0.210682	0.115448	0.0350753	0.115719	0	0	0	0	0	0	-364.814	1.08068	0	0.585612        0   0      0      2.83584    3.84365    0
4.52664	265875	0.435154	45.3672	0.53585	0.176777	0.083442	0.0470552	0.0836713	0	0	0	0	0	0	-273.808	0.76746	0	0.435154        0   0      0      3.84365    5.20962    0
6.13533	467506	0.322263	36.6956	0.390002	0.186207	0.0606717	0.06516	0.0607709	0	0	0	0	0	0	-215.034	0.553574	0	0.322263        0   0      0      5.20962    7.06103    0
8.31572	818685	0.239878	27.0488	0.284028	0.164461	0.0441508	0.0734807	0.0442242	0	0	0	0	0	0	-150.299	0.401498	0	0.239878        0   0      0      7.06103    9.5704    0
11.271	1440525	0.178726	19.7322	0.207807	0.100321	0.0323262	-0.0543623	0.032337	0	0	0	0	0	0	-102.238	0.292915	0	0.178726        0   0      0      9.5704    12.9716    0
15.2765	2546747	0.133314	14.0375	0.15248	0.104989	0.0236947	-0.059658	0.0236877	0	0	0	0	0	0	-63.6064	0.214968	0	0.133314        0   0      0      12.9716    17.5814    0
20.7055	4517287	0.099531	9.68613	0.112323	0.0676056	0.0174445	-0.0190252	0.0174407	0	0	0	0	0	0	-34.4522	0.158547	0	0.099531        0   0      0      17.5814    23.8296    0
28.0639	8023933	0.0744331	6.35794	0.0830612	0.0263783	0.0128829	-0.0184213	0.0128814	0	0	0	0	0	0	-12.106	0.117592	0	0.0744331        0   0      0      23.8296    32.2982    0
38.0373	14226683	0.0557797	3.75051	0.061635	0.0596605	0.00955199	0.0225319	0.00954875	0	0	0	0	0	0	5.12619	0.0875635	0	0.0557797        0   0      0      32.2982    43.7764    0
51.5551	25120709	0.0419276	1.68831	0.0459294	0.0391133	0.00710916	-0.00156142	0.00711459	0	0	0	0	0	0	18.7184	0.0657156	0	0.0419276        0   0      0      43.7764    59.3338    0
69.8769	44238049	0.0315783	0.819412	0.0344541	0.0199697	0.00533116	-0.00570114	0.00533108	0	0	0	0	0	0	24.3766	0.0495206	0	0.0315783        0   0      0      59.3338    80.42    0
94.7099	77258958	0.0238887	0.174963	0.0260367	0.0221912	0.00402732	-0.0122454	0.00402798	0	0	0	0	0	0	27.9379	0.0374079	0	0.0238887        0   0      0      80.42    109    0
