# 1bin_value	2data_points	3sqrt(data_points)	4W	5W_err	6e+	7e+_err	8eX 9eX_err	10e++ 	11e++_err		12eXX	13eXX_err		14e+X	15e+X_err 	16theta          17theta_err       17num_den	18num_err 19LS_err     20wt_num     21wt_num_err  22r_low   23r_high 24sig_crit
0.117769	1065	0	1307.23	48.9762	7.27706	6.28718	-2.44692	6.0905	0	0	0	0	0	0	-72787.8	187.165	0	0        0   1090      0      0.1    0.135538    0
0.159622	1586	0	1120.41	33.4622	11.7091	4.59285	-0.0662877	4.73043	0	0	0	0	0	0	-108238	117.281	0	0        0   1639      0      0.135538    0.183706    0
0.216349	2276	0	851.894	20.2663	3.4569	2.96519	-2.1432	2.94897	0	0	0	0	0	0	-156466	62.3443	0	0        0   2346      0      0.183706    0.248992    0
0.293236	3997	0	841.178	14.9502	6.06911	2.22035	-1.06998	2.1894	0	0	0	0	0	0	-274292	44.0521	0	0        0   4121      0      0.248992    0.33748    0
0.397447	5954	0	677.215	9.54496	3.12405	1.46003	-1.06078	1.41293	0	0	0	0	0	0	-408573	24.1904	0	0        0   6113      0      0.33748    0.457415    0
0.538693	8328	0	520.076	6.06811	0.399265	0.952293	0.0484045	0.948596	0	0	0	0	0	0	-571961	13.0399	0	0        0   8567      0      0.457415    0.619972    0
0.730136	12385	0	427.296	4.02649	0.349109	0.646772	-0.961403	0.640872	0	0	0	0	0	0	-849848	7.54489	0	0        0   12704      0      0.619972    0.8403    0
0.989614	19388	0	364.54	2.72256	0.630961	0.436106	-0.114741	0.440127	0	0	0	0	0	0	-1.32853e+06	4.57545	0	0        0   19864      0      0.8403    1.13893    0
1.34131	30994	0	320.078	1.8782	0.238451	0.304357	-0.0914319	0.300957	0	0	0	0	0	0	-2.1253e+06	2.94002	0	0        0   31708      0      1.13893    1.54368    0
1.81798	51967	0	294.139	1.32793	0.024976	0.215195	-0.121907	0.213607	0	0	0	0	0	0	-3.56365e+06	1.93756	0	0        0   53096      0      1.54368    2.09228    0
2.46406	89389	0	277.321	0.952342	0.406982	0.155366	0.0797789	0.154721	0	0	0	0	0	0	-6.13379e+06	1.34881	0	0        0   91280      0      2.09228    2.83584    0
3.33975	154178	0	262.581	0.686357	0.252513	0.11125	0.10271	0.111535	0	0	0	0	0	0	-1.05718e+07	0.936928	0	0        0   157635      0      2.83584    3.84365    0
4.52664	266926	0	249.194	0.494156	0.194925	0.0802491	0.0454914	0.0804951	0	0	0	0	0	0	-1.83024e+07	0.656086	0	0        0   272761      0      3.84365    5.20962    0
6.13533	469384	0	240.037	0.358652	0.188025	0.0582702	0.054326	0.0583725	0	0	0	0	0	0	-3.21902e+07	0.468875	0	0        0   479612      0      5.20962    7.06103    0
8.31572	822262	0	230.749	0.260341	0.186088	0.0423331	0.0646144	0.0424109	0	0	0	0	0	0	-5.63666e+07	0.336594	0	0        0   839891      0      7.06103    9.5704    0
11.271	1447171	0	223.469	0.189982	0.11504	0.030961	-0.0606508	0.0309714	0	0	0	0	0	0	-9.92379e+07	0.243409	0	0        0   1.47826e+06      0      9.5704    12.9716    0
15.2765	2559798	0	217.672	0.139103	0.108504	0.0226679	-0.0484603	0.0226605	0	0	0	0	0	0	-1.75553e+08	0.176396	0	0        0   2.61522e+06      0      12.9716    17.5814    0
20.7055	4539399	0	213.15	0.102286	0.066583	0.0166738	-0.00521756	0.0166695	0	0	0	0	0	0	-3.11291e+08	0.130212	0	0        0   4.63648e+06      0      17.5814    23.8296    0
28.0639	8065259	0	209.811	0.0755378	0.0209855	0.0123043	-0.00974206	0.0123024	0	0	0	0	0	0	-5.53089e+08	0.096111	0	0        0   8.23726e+06      0      23.8296    32.2982    0
38.0373	14301606	0	207.048	0.0559852	0.0415464	0.00911713	0.0326907	0.0091134	0	0	0	0	0	0	-9.80443e+08	0.0714	0	0        0   1.46049e+07      0      32.2982    43.7764    0
51.5551	25276517	0	204.909	0.0416773	0.0248401	0.00678152	0.0143472	0.00678715	0	0	0	0	0	0	-1.73249e+09	0.053058	0	0        0   2.58137e+07      0      43.7764    59.3338    0
69.8769	44550204	0	203.976	0.0312458	0.012253	0.00508362	0.0172258	0.00508354	0	0	0	0	0	0	-3.05315e+09	0.0396057	0	0        0   4.54931e+07      0      59.3338    80.42    0
94.7099	77798389	0	203.658	0.0236092	0.0228725	0.00384033	0.0215293	0.00384105	0	0	0	0	0	0	-5.33155e+09	0.0298894	0	0        0   7.94505e+07      0      80.42    109    0
