# 1bin_value	2data_points	3sqrt(data_points)	4W	5W_err	6e+	7e+_err	8eX 9eX_err	10e++ 	11e++_err		12eXX	13eXX_err		14e+X	15e+X_err 	16theta          17theta_err       17num_den	18num_err 19LS_err     20wt_num     21wt_num_err  22r_low   23r_high 24sig_crit
0.117769	15050	0	200	0	0	0	0	0	0	0	0	0	0	0	0	0	0	0        0   15050      0      0.1    0.135538    0
0.159622	27667	0	200	0	0	0	0	0	0	0	0	0	0	0	0	0	0	0        0   27667      0      0.135538    0.183706    0
0.216349	50854	0	200	0	0	0	0	0	0	0	0	0	0	0	0	0	0	0        0   50854      0      0.183706    0.248992    0
0.293236	92540	0	200	0	0	0	0	0	0	0	0	0	0	0	0	0	0	0        0   92540      0      0.248992    0.33748    0
0.397447	169492	0	200	0	0	0	0	0	0	0	0	0	0	0	0	0	0	0        0   169492      0      0.33748    0.457415    0
0.538693	309462	0	200	0	0	0	0	0	0	0	0	0	0	0	0	0	0	0        0   309462      0      0.457415    0.619972    0
0.730136	565786	0	200	0	0	0	0	0	0	0	0	0	0	0	0	0	0	0        0   565786      0      0.619972    0.8403    0
0.989614	1037339	0	200	0	0	0	0	0	0	0	0	0	0	0	0	0	0	0        0   1.03734e+06      0      0.8403    1.13893    0
1.34131	1895561	0	200	0	0	0	0	0	0	0	0	0	0	0	0	0	0	0        0   1.89556e+06      0      1.13893    1.54368    0
1.81798	3460164	0	200	0	0	0	0	0	0	0	0	0	0	0	0	0	0	0        0   3.46016e+06      0      1.54368    2.09228    0
2.46406	6322981	0	200	0	0	0	0	0	0	0	0	0	0	0	0	0	0	0        0   6.32298e+06      0      2.09228    2.83584    0
3.33975	11559473	0	200	0	0	0	0	0	0	0	0	0	0	0	0	0	0	0        0   1.15595e+07      0      2.83584    3.84365    0
4.52664	21131355	0	200	0	0	0	0	0	0	0	0	0	0	0	0	0	0	0        0   2.11314e+07      0      3.84365    5.20962    0
6.13533	38654796	0	200	0	0	0	0	0	0	0	0	0	0	0	0	0	0	0        0   3.86548e+07      0      5.20962    7.06103    0
8.31572	70535768	0	200	0	0	0	0	0	0	0	0	0	0	0	0	0	0	0        0   7.05358e+07      0      7.06103    9.5704    0
11.271	128410170	0	200	0	0	0	0	0	0	0	0	0	0	0	0	0	0	0        0   1.2841e+08      0      9.5704    12.9716    0
15.2765	233571984	0	200	0	0	0	0	0	0	0	0	0	0	0	0	0	0	0        0   2.33572e+08      0      12.9716    17.5814    0
20.7055	423433249	0	200	0	0	0	0	0	0	0	0	0	0	0	0	0	0	0        0   4.23433e+08      0      17.5814    23.8296    0
28.0639	764988034	0	200	0	0	0	0	0	0	0	0	0	0	0	0	0	0	0        0   7.64988e+08      0      23.8296    32.2982    0
38.0373	1375650823	0	200	0	0	0	0	0	0	0	0	0	0	0	0	0	0	0        0   1.37565e+09      0      32.2982    43.7764    0
51.5551	2458270886	0	200	0	0	0	0	0	0	0	0	0	0	0	0	0	0	0        0   2.45827e+09      0      43.7764    59.3338    0
69.8769	4354237499	0	200	0	0	0	0	0	0	0	0	0	0	0	0	0	0	0        0   4.35424e+09      0      59.3338    80.42    0
94.7099	7621238148	0	200	0	0	0	0	0	0	0	0	0	0	0	0	0	0	0        0   7.62124e+09      0      80.42    109    0
