# 1bin_value	2data_points	3sqrt(data_points)	4W	5W_err	6e+	7e+_err	8eX 9eX_err	10e++ 	11e++_err		12eXX	13eXX_err		14e+X	15e+X_err 	16theta          17theta_err       17num_den	18num_err 19LS_err     20wt_num     21wt_num_err  22r_low   23r_high 24sig_crit
0.117769	1625	0	216.901	5.77068	0	0	0	0	0	0	0	0	0	0	-1443.28	175409	0	0        0   1670      0      0.1    0.135538    0
0.159622	2732	0	197.885	4.05418	0	0	0	0	0	0	0	0	0	0	-1322.52	296650	0	0        0   2803      0      0.135538    0.183706    0
0.216349	5035	0	197.617	2.97278	0	0	0	0	0	0	0	0	0	0	-1323.83	546725	0	0        0   5151      0      0.183706    0.248992    0
0.293236	9413	0	203.392	2.23797	0	0	0	0	0	0	0	0	0	0	-1363.71	1.02167e+06	0	0        0   9642      0      0.248992    0.33748    0
0.397447	17030	0	200.993	1.64561	0	0	0	0	0	0	0	0	0	0	-1343.96	1.84122e+06	0	0        0   17454      0      0.33748    0.457415    0
0.538693	30989	0	200.18	1.21443	0	0	0	0	0	0	0	0	0	0	-1339.88	3.34897e+06	0	0        0   31724      0      0.457415    0.619972    0
0.730136	56928	0	201.222	0.900043	0	0	0	0	0	0	0	0	0	0	-1350.27	6.17822e+06	0	0        0   58286      0      0.619972    0.8403    0
0.989614	103976	0	200.568	0.663934	0	0	0	0	0	0	0	0	0	0	-1341.81	1.12252e+07	0	0        0   106517      0      0.8403    1.13893    0
1.34131	191082	0	201.446	0.491751	0	0	0	0	0	0	0	0	0	0	-1350.74	2.06689e+07	0	0        0   195511      0      1.13893    1.54368    0
1.81798	345809	0	199.728	0.36243	0	0	0	0	0	0	0	0	0	0	-1337.96	3.73881e+07	0	0        0   353953      0      1.54368    2.09228    0
2.46406	632867	0	200.136	0.268549	0	0	0	0	0	0	0	0	0	0	-1340.39	6.84658e+07	0	0        0   648052      0      2.09228    2.83584    0
3.33975	1156220	0	199.945	0.19846	0	0	0	0	0	0	0	0	0	0	-1339.59	1.25094e+08	0	0        0   1.18365e+06      0      2.83584    3.84365    0
4.52664	2116767	0	200.237	0.146881	0	0	0	0	0	0	0	0	0	0	-1341.27	2.2891e+08	0	0        0   2.16675e+06      0      3.84365    5.20962    0
6.13533	3868460	0	200.081	0.108575	0	0	0	0	0	0	0	0	0	0	-1340.52	4.18588e+08	0	0        0   3.95974e+06      0      5.20962    7.06103    0
8.31572	7058769	0	200.108	0.0804048	0	0	0	0	0	0	0	0	0	0	-1340.53	7.63977e+08	0	0        0   7.22623e+06      0      7.06103    9.5704    0
11.271	12849796	0	200.152	0.0596215	0	0	0	0	0	0	0	0	0	0	-1340.68	1.39129e+09	0	0        0   1.31564e+07      0      9.5704    12.9716    0
15.2765	23367625	0	200.114	0.0442092	0	0	0	0	0	0	0	0	0	0	-1340.67	2.53113e+09	0	0        0   2.3921e+07      0      12.9716    17.5814    0
20.7055	42346340	0	200.08	0.0328424	0	0	0	0	0	0	0	0	0	0	-1340.51	4.58878e+09	0	0        0   4.33474e+07      0      17.5814    23.8296    0
28.0639	76473686	0	200.055	0.0244427	0	0	0	0	0	0	0	0	0	0	-1340.35	8.29109e+09	0	0        0   7.8277e+07      0      23.8296    32.2982    0
38.0373	137501758	0	200.127	0.018242	0	0	0	0	0	0	0	0	0	0	-1340.72	1.49144e+10	0	0        0   1.40743e+08      0      32.2982    43.7764    0
51.5551	245633198	0	200.213	0.0136615	0	0	0	0	0	0	0	0	0	0	-1341.12	2.66605e+10	0	0        0   2.51432e+08      0      43.7764    59.3338    0
69.8769	434668109	0	200.231	0.0102767	0	0	0	0	0	0	0	0	0	0	-1341.11	4.72122e+10	0	0        0   4.44921e+08      0      59.3338    80.42    0
94.7099	760129808	0	200.332	0.00778028	0	0	0	0	0	0	0	0	0	0	-1341.66	8.26376e+10	0	0        0   7.78091e+08      0      80.42    109    0
