# 1bin_value	2data_points	3sqrt(data_points)	4W	5W_err	6e+	7e+_err	8eX 9eX_err	10e++ 	11e++_err		12eXX	13eXX_err		14e+X	15e+X_err 	16theta          17theta_err       17num_den	18num_err 19LS_err     20wt_num     21wt_num_err  22r_low   23r_high 24sig_crit
0.117769	1068	22.9456	1077.69	49.6757	7.36603	6.34399	-1.60509	6.15831	0	0	0	0	0	0	-7253.87	187.543	0	22.9456        0   0      0      0.1    0.135538    0
0.159622	1588	14.3335	916.173	33.8922	10.5617	4.6329	-2.37568	4.76763	0	0	0	0	0	0	-5980.49	116.892	0	14.3335        0   0      0      0.135538    0.183706    0
0.216349	2282	9.83621	652.054	20.7361	3.22604	3.00645	-1.80306	2.99122	0	0	0	0	0	0	-4306.64	62.4445	0	9.83621        0   0      0      0.183706    0.248992    0
0.293236	4015	6.45437	638.71	15.3248	6.01532	2.25156	-1.60813	2.21991	0	0	0	0	0	0	-4234.12	44.3013	0	6.45437        0   0      0      0.248992    0.33748    0
0.397447	5962	4.57622	473.354	9.82163	3.33707	1.48189	-1.60666	1.43579	0	0	0	0	0	0	-3139.66	24.3742	0	4.57622        0   0      0      0.33748    0.457415    0
0.538693	8356	3.48459	318.646	6.31031	0.823763	0.971684	-0.410993	0.967614	0	0	0	0	0	0	-2092.06	13.1932	0	3.48459        0   0      0      0.457415    0.619972    0
0.730136	12414	2.56319	224.221	4.22421	0.28383	0.661965	-0.876185	0.656352	0	0	0	0	0	0	-1473.35	7.74273	0	2.56319        0   0      0      0.619972    0.8403    0
0.989614	19451	1.90156	161.983	2.88011	0.667278	0.448275	0.0663063	0.45219	0	0	0	0	0	0	-1052.39	4.719	0	1.90156        0   0      0      0.8403    1.13893    0
1.34131	31080	1.42628	116.442	2.00321	0.206376	0.313921	-0.188707	0.310647	0	0	0	0	0	0	-758.076	3.08407	0	1.42628        0   0      0      1.13893    1.54368    0
1.81798	52032	1.06234	91.6685	1.42381	-0.0225313	0.222537	-0.177322	0.221026	0	0	0	0	0	0	-584.08	2.09187	0	1.06234        0   0      0      1.54368    2.09228    0
2.46406	89649	0.787271	74.3921	1.02576	0.376735	0.161001	0.0506981	0.160351	0	0	0	0	0	0	-473.179	1.44992	0	0.787271        0   0      0      2.09228    2.83584    0
3.33975	154463	0.584047	59.763	0.741839	0.244714	0.11553	0.0339767	0.115802	0	0	0	0	0	0	-369.325	1.02855	0	0.584047        0   0      0      2.83584    3.84365    0
4.52664	267314	0.433876	45.654	0.536331	0.184152	0.0835076	0.0670443	0.0837372	0	0	0	0	0	0	-277.734	0.729527	0	0.433876        0   0      0      3.84365    5.20962    0
6.13533	470179	0.321345	36.9585	0.390412	0.171743	0.0607284	0.0468983	0.0608278	0	0	0	0	0	0	-219.059	0.523936	0	0.321345        0   0      0      5.20962    7.06103    0
8.31572	823861	0.239156	27.4307	0.284335	0.159065	0.0441934	0.0603133	0.0442669	0	0	0	0	0	0	-154.686	0.378187	0	0.239156        0   0      0      7.06103    9.5704    0
11.271	1449432	0.178192	19.9858	0.208065	0.112516	0.0323625	-0.0649792	0.0323733	0	0	0	0	0	0	-106.04	0.275958	0	0.178192        0   0      0      9.5704    12.9716    0
15.2765	2562949	0.13291	14.1985	0.152694	0.110873	0.023725	-0.0574252	0.023718	0	0	0	0	0	0	-66.964	0.202154	0	0.13291        0   0      0      12.9716    17.5814    0
20.7055	4547204	0.0992152	9.81887	0.112507	0.0728882	0.0174709	-0.0186886	0.0174671	0	0	0	0	0	0	-37.5922	0.148829	0	0.0992152        0   0      0      17.5814    23.8296    0
28.0639	8080366	0.0741804	6.44864	0.083229	0.0348933	0.0129071	-0.0236023	0.0129056	0	0	0	0	0	0	-15.0717	0.109981	0	0.0741804        0   0      0      23.8296    32.2982    0
38.0373	14327193	0.0555888	3.74625	0.0617916	0.061839	0.0095748	0.0247846	0.00957155	0	0	0	0	0	0	2.73034	0.081916	0	0.0555888        0   0      0      32.2982    43.7764    0
51.5551	25305231	0.041778	1.68045	0.0460825	0.0397684	0.00713166	0.00435032	0.00713711	0	0	0	0	0	0	16.4312	0.061416	0	0.041778        0   0      0      43.7764    59.3338    0
69.8769	44544410	0.0314716	0.806566	0.0346129	0.0228269	0.00535476	-0.00604782	0.00535467	0	0	0	0	0	0	22.5614	0.0466037	0	0.0314716        0   0      0      59.3338    80.42    0
94.7099	77692583	0.0238229	0.126127	0.0262076	0.0247144	0.00405298	-0.0111446	0.00405364	0	0	0	0	0	0	26.8314	0.0357218	0	0.0238229        0   0      0      80.42    109    0
