# 1bin_value	2data_points	3sqrt(data_points)	4W	5W_err	6e+	7e+_err	8eX 9eX_err	10e++ 	11e++_err		12eXX	13eXX_err		14e+X	15e+X_err 	16theta          17theta_err       17num_den	18num_err 19LS_err     20wt_num     21wt_num_err  22r_low   23r_high 24sig_crit
0.117769	1615	0	216.012	5.77874	0	0	0	0	0	0	0	0	0	0	-1438.23	175409	0	0        0   1660      0      0.1    0.135538    0
0.159622	2722	0	197.215	4.05269	0	0	0	0	0	0	0	0	0	0	-1317.62	296650	0	0        0   2794      0      0.135538    0.183706    0
0.216349	5039	0	197.865	2.97512	0	0	0	0	0	0	0	0	0	0	-1326.65	546725	0	0        0   5154      0      0.183706    0.248992    0
0.293236	9404	0	203.341	2.23918	0	0	0	0	0	0	0	0	0	0	-1362.94	1.02167e+06	0	0        0   9634      0      0.248992    0.33748    0
0.397447	16989	0	200.559	1.64566	0	0	0	0	0	0	0	0	0	0	-1340.97	1.84122e+06	0	0        0   17413      0      0.33748    0.457415    0
0.538693	30959	0	200.023	1.21453	0	0	0	0	0	0	0	0	0	0	-1338.83	3.34897e+06	0	0        0   31694      0      0.457415    0.619972    0
0.730136	56866	0	200.96	0.899717	0	0	0	0	0	0	0	0	0	0	-1348.5	6.17822e+06	0	0        0   58226      0      0.619972    0.8403    0
0.989614	103790	0	200.199	0.66373	0	0	0	0	0	0	0	0	0	0	-1339.22	1.12252e+07	0	0        0   106338      0      0.8403    1.13893    0
1.34131	190779	0	201.123	0.491594	0	0	0	0	0	0	0	0	0	0	-1348.25	2.06689e+07	0	0        0   195232      0      1.13893    1.54368    0
1.81798	345419	0	199.537	0.362429	0	0	0	0	0	0	0	0	0	0	-1336.51	3.73881e+07	0	0        0   353589      0      1.54368    2.09228    0
2.46406	632173	0	199.937	0.268541	0	0	0	0	0	0	0	0	0	0	-1338.97	6.84658e+07	0	0        0   647371      0      2.09228    2.83584    0
3.33975	1154534	0	199.672	0.198441	0	0	0	0	0	0	0	0	0	0	-1337.64	1.25094e+08	0	0        0   1.182e+06      0      2.83584    3.84365    0
4.52664	2113356	0	199.923	0.146857	0	0	0	0	0	0	0	0	0	0	-1339.07	2.2891e+08	0	0        0   2.16341e+06      0      3.84365    5.20962    0
6.13533	3862728	0	199.79	0.108558	0	0	0	0	0	0	0	0	0	0	-1338.49	4.18588e+08	0	0        0   3.95411e+06      0      5.20962    7.06103    0
8.31572	7047820	0	199.808	0.080392	0	0	0	0	0	0	0	0	0	0	-1338.41	7.63977e+08	0	0        0   7.21554e+06      0      7.06103    9.5704    0
11.271	12831959	0	199.893	0.0596166	0	0	0	0	0	0	0	0	0	0	-1338.85	1.39129e+09	0	0        0   1.31389e+07      0      9.5704    12.9716    0
15.2765	23331156	0	199.817	0.0442037	0	0	0	0	0	0	0	0	0	0	-1338.58	2.53113e+09	0	0        0   2.38853e+07      0      12.9716    17.5814    0
20.7055	42276934	0	199.774	0.0328389	0	0	0	0	0	0	0	0	0	0	-1338.34	4.58878e+09	0	0        0   4.32793e+07      0      17.5814    23.8296    0
28.0639	76345433	0	199.757	0.0244424	0	0	0	0	0	0	0	0	0	0	-1338.23	8.29109e+09	0	0        0   7.81509e+07      0      23.8296    32.2982    0
38.0373	137232465	0	199.807	0.0182446	0	0	0	0	0	0	0	0	0	0	-1338.42	1.49144e+10	0	0        0   1.40477e+08      0      32.2982    43.7764    0
51.5551	245067525	0	199.869	0.0136663	0	0	0	0	0	0	0	0	0	0	-1338.62	2.66605e+10	0	0        0   2.50871e+08      0      43.7764    59.3338    0
69.8769	433373744	0	199.823	0.0102837	0	0	0	0	0	0	0	0	0	0	-1338.17	4.72122e+10	0	0        0   4.43632e+08      0      59.3338    80.42    0
94.7099	757183595	0	199.902	0.00779155	0	0	0	0	0	0	0	0	0	0	-1338.55	8.26376e+10	0	0        0   7.75146e+08      0      80.42    109    0
