# 1bin_value	2data_points	3sqrt(data_points)	4W	5W_err	6e+	7e+_err	8eX 9eX_err	10e++ 	11e++_err		12eXX	13eXX_err		14e+X	15e+X_err 	16theta          17theta_err       17num_den	18num_err 19LS_err     20wt_num     21wt_num_err  22r_low   23r_high 24sig_crit
0.117769	1055	23.1284	1068.1	49.8333	5.89322	6.37842	-1.93976	6.19039	0	0	0	0	0	0	-7199.4	189.516	0	23.1284        0   0      0      0.1    0.135538    0
0.159622	1586	14.3359	913.146	33.8011	10.3053	4.62569	-2.20416	4.76012	0	0	0	0	0	0	-5968.22	116.516	0	14.3359        0   0      0      0.135538    0.183706    0
0.216349	2276	9.81876	650.61	20.6926	2.72414	3.00383	-1.63724	2.98791	0	0	0	0	0	0	-4289.28	62.2742	0	9.81876        0   0      0      0.183706    0.248992    0
0.293236	4008	6.45383	637.731	15.3102	6.10207	2.25031	-1.92712	2.21916	0	0	0	0	0	0	-4228.29	44.2853	0	6.45383        0   0      0      0.248992    0.33748    0
0.397447	5943	4.5829	472.315	9.82876	3.08729	1.48311	-1.71954	1.43648	0	0	0	0	0	0	-3133.73	24.6134	0	4.5829        0   0      0      0.33748    0.457415    0
0.538693	8330	3.49507	317.455	6.31376	0.785893	0.972192	-0.348598	0.96812	0	0	0	0	0	0	-2084.18	13.428	0	3.49507        0   0      0      0.457415    0.619972    0
0.730136	12392	2.56563	223.761	4.22659	0.329823	0.66241	-0.920571	0.656777	0	0	0	0	0	0	-1471.14	7.84728	0	2.56563        0   0      0      0.619972    0.8403    0
0.989614	19387	1.90359	161.288	2.88063	0.515382	0.448447	0.0587177	0.452334	0	0	0	0	0	0	-1049.26	4.82118	0	1.90359        0   0      0      0.8403    1.13893    0
1.34131	31018	1.42849	116.445	2.00347	0.208225	0.31398	-0.174879	0.310687	0	0	0	0	0	0	-758.386	3.13793	0	1.42849        0   0      0      1.13893    1.54368    0
1.81798	51916	1.06361	91.5801	1.42418	-0.00235543	0.222601	-0.174096	0.221094	0	0	0	0	0	0	-584.641	2.13011	0	1.06361        0   0      0      1.54368    2.09228    0
2.46406	89370	0.788463	74.0931	1.02572	0.367104	0.161002	0.0293509	0.160356	0	0	0	0	0	0	-471.627	1.49165	0	0.788463        0   0      0      2.09228    2.83584    0
3.33975	154018	0.584898	59.5379	0.741981	0.238264	0.115559	0.0550328	0.11583	0	0	0	0	0	0	-368.773	1.05841	0	0.584898        0   0      0      2.83584    3.84365    0
4.52664	266638	0.434467	45.5585	0.536386	0.184979	0.0835198	0.0575572	0.0837497	0	0	0	0	0	0	-278.089	0.748334	0	0.434467        0   0      0      3.84365    5.20962    0
6.13533	468913	0.321799	36.9106	0.390387	0.18583	0.0607273	0.0452673	0.0608268	0	0	0	0	0	0	-219.353	0.538929	0	0.321799        0   0      0      5.20962    7.06103    0
8.31572	821889	0.23947	27.3839	0.284287	0.161758	0.0441877	0.0663076	0.0442613	0	0	0	0	0	0	-155.329	0.387761	0	0.23947        0   0      0      7.06103    9.5704    0
11.271	1446246	0.178406	20.039	0.208006	0.109076	0.0323548	-0.0638721	0.0323656	0	0	0	0	0	0	-107.156	0.282698	0	0.178406        0   0      0      9.5704    12.9716    0
15.2765	2556523	0.133082	14.1885	0.152621	0.113428	0.0237149	-0.0596594	0.0237078	0	0	0	0	0	0	-67.7547	0.207479	0	0.133082        0   0      0      12.9716    17.5814    0
20.7055	4535010	0.0993536	9.84869	0.11243	0.0731416	0.0174599	-0.0144503	0.0174561	0	0	0	0	0	0	-38.5559	0.152928	0	0.0993536        0   0      0      17.5814    23.8296    0
28.0639	8053836	0.0743057	6.4756	0.0831533	0.0319822	0.0128963	-0.0228928	0.0128948	0	0	0	0	0	0	-15.7411	0.113762	0	0.0743057        0   0      0      23.8296    32.2982    0
38.0373	14273400	0.055695	3.81389	0.0617171	0.0593298	0.00956404	0.0203735	0.0095608	0	0	0	0	0	0	1.9901	0.0851267	0	0.055695        0   0      0      32.2982    43.7764    0
51.5551	25207535	0.0418608	1.78436	0.046006	0.0378926	0.00712049	0.000346369	0.00712593	0	0	0	0	0	0	15.3113	0.0638463	0	0.0418608        0   0      0      43.7764    59.3338    0
69.8769	44374668	0.0315334	0.919877	0.0345304	0.021236	0.00534255	-0.0073404	0.00534246	0	0	0	0	0	0	21.0027	0.0483058	0	0.0315334        0   0      0      59.3338    80.42    0
94.7099	77395413	0.0238701	0.230706	0.0261158	0.0242611	0.00403926	-0.0118687	0.00403992	0	0	0	0	0	0	25.0706	0.0369261	0	0.0238701        0   0      0      80.42    109    0
