# 1bin_value	2data_points	3sqrt(data_points)	4W	5W_err	6e+	7e+_err	8eX 9eX_err	10e++ 	11e++_err		12eXX	13eXX_err		14e+X	15e+X_err 	16theta          17theta_err       17num_den	18num_err 19LS_err     20wt_num     21wt_num_err  22r_low   23r_high 24sig_crit
0.117769	1624	0	217.317	5.78711	0	0	0	0	0	0	0	0	0	0	-1446.9	175409	0	0        0   1669      0      0.1    0.135538    0
0.159622	2731	0	197.627	4.04805	0	0	0	0	0	0	0	0	0	0	-1321.35	296650	0	0        0   2803      0      0.135538    0.183706    0
0.216349	5043	0	197.595	2.96875	0	0	0	0	0	0	0	0	0	0	-1324.86	546725	0	0        0   5157      0      0.183706    0.248992    0
0.293236	9431	0	203.678	2.23666	0	0	0	0	0	0	0	0	0	0	-1365.23	1.02167e+06	0	0        0   9662      0      0.248992    0.33748    0
0.397447	17050	0	200.942	1.64367	0	0	0	0	0	0	0	0	0	0	-1343.92	1.84122e+06	0	0        0   17471      0      0.33748    0.457415    0
0.538693	31060	0	200.324	1.21286	0	0	0	0	0	0	0	0	0	0	-1341.22	3.34897e+06	0	0        0   31790      0      0.457415    0.619972    0
0.730136	57002	0	201.166	0.898699	0	0	0	0	0	0	0	0	0	0	-1350.03	6.17822e+06	0	0        0   58357      0      0.619972    0.8403    0
0.989614	104081	0	200.529	0.663144	0	0	0	0	0	0	0	0	0	0	-1341.47	1.12252e+07	0	0        0   106621      0      0.8403    1.13893    0
1.34131	191291	0	201.38	0.491055	0	0	0	0	0	0	0	0	0	0	-1350.19	2.06689e+07	0	0        0   195716      0      1.13893    1.54368    0
1.81798	346294	0	199.776	0.362054	0	0	0	0	0	0	0	0	0	0	-1338.35	3.73881e+07	0	0        0   354421      0      1.54368    2.09228    0
2.46406	634027	0	200.212	0.268198	0	0	0	0	0	0	0	0	0	0	-1341.02	6.84658e+07	0	0        0   649166      0      2.09228    2.83584    0
3.33975	1157952	0	199.909	0.198147	0	0	0	0	0	0	0	0	0	0	-1339.48	1.25094e+08	0	0        0   1.18528e+06      0      2.83584    3.84365    0
4.52664	2120162	0	200.212	0.146641	0	0	0	0	0	0	0	0	0	0	-1341.26	2.2891e+08	0	0        0   2.17e+06      0      3.84365    5.20962    0
6.13533	3876013	0	200.097	0.108385	0	0	0	0	0	0	0	0	0	0	-1340.77	4.18588e+08	0	0        0   3.96706e+06      0      5.20962    7.06103    0
8.31572	7073596	0	200.108	0.080244	0	0	0	0	0	0	0	0	0	0	-1340.65	7.63977e+08	0	0        0   7.24068e+06      0      7.06103    9.5704    0
11.271	12882723	0	200.187	0.0594867	0	0	0	0	0	0	0	0	0	0	-1341.04	1.39129e+09	0	0        0   1.31887e+07      0      9.5704    12.9716    0
15.2765	23434681	0	200.132	0.0440915	0	0	0	0	0	0	0	0	0	0	-1340.93	2.53113e+09	0	0        0   2.39873e+07      0      12.9716    17.5814    0
20.7055	42480284	0	200.062	0.032739	0	0	0	0	0	0	0	0	0	0	-1340.51	4.58878e+09	0	0        0   4.34799e+07      0      17.5814    23.8296    0
28.0639	76741750	0	199.996	0.0243519	0	0	0	0	0	0	0	0	0	0	-1340.05	8.29109e+09	0	0        0   7.85436e+07      0      23.8296    32.2982    0
38.0373	138049327	0	200.042	0.0181631	0	0	0	0	0	0	0	0	0	0	-1340.23	1.49144e+10	0	0        0   1.41289e+08      0      32.2982    43.7764    0
51.5551	246797038	0	200.124	0.013592	0	0	0	0	0	0	0	0	0	0	-1340.58	2.66605e+10	0	0        0   2.52596e+08      0      43.7764    59.3338    0
69.8769	437190806	0	200.139	0.0102134	0	0	0	0	0	0	0	0	0	0	-1340.51	4.72122e+10	0	0        0   4.47455e+08      0      59.3338    80.42    0
94.7099	765570792	0	200.256	0.00772267	0	0	0	0	0	0	0	0	0	0	-1341.09	8.26376e+10	0	0        0   7.83574e+08      0      80.42    109    0
