# 1bin_value	2data_points	3sqrt(data_points)	4W	5W_err	6e+	7e+_err	8eX 9eX_err	10e++ 	11e++_err		12eXX	13eXX_err		14e+X	15e+X_err 	16theta          17theta_err       17num_den	18num_err 19LS_err     20wt_num     21wt_num_err  22r_low   23r_high 24sig_crit
0.117769	1647	0	218.701	5.70752	0.0334661	0.888496	-0.0825133	0.90023	0	0	0	0	0	0	-113110	13.6769	0	0        0   1647      0      0.1    0.135538    0
0.159622	2843	0	205.648	4.07332	0.615488	0.627885	1.36739	0.625668	0	0	0	0	0	0	-195094	9.54552	0	0        0   2843      0      0.135538    0.183706    0
0.216349	5170	0	203.489	2.98937	-0.049049	0.462986	-0.572708	0.470721	0	0	0	0	0	0	-354963	7.04485	0	0        0   5170      0      0.183706    0.248992    0
0.293236	9414	0	203.44	2.21288	0.22696	0.345939	0.257848	0.339431	0	0	0	0	0	0	-646839	5.1991	0	0        0   9414      0      0.248992    0.33748    0
0.397447	17154	0	202.308	1.63078	-0.258984	0.253632	0.43963	0.254924	0	0	0	0	0	0	-1.17514e+06	3.81937	0	0        0   17154      0      0.33748    0.457415    0
0.538693	31387	0	202.735	1.20805	-0.385628	0.189834	0.285174	0.18805	0	0	0	0	0	0	-2.15178e+06	2.83314	0	0        0   31387      0      0.457415    0.619972    0
0.730136	57272	0	202.389	0.892605	-0.0289236	0.13917	-0.154011	0.140189	0	0	0	0	0	0	-3.92984e+06	2.09342	0	0        0   57272      0      0.619972    0.8403    0
0.989614	105154	0	202.653	0.659734	0.0594266	0.103179	-0.144917	0.103021	0	0	0	0	0	0	-7.20398e+06	1.54659	0	0        0   105154      0      0.8403    1.13893    0
1.34131	191997	0	202.45	0.48769	-0.0615433	0.0760776	0.120866	0.0761395	0	0	0	0	0	0	-1.31727e+07	1.14376	0	0        0   191997      0      1.13893    1.54368    0
1.81798	350290	0	202.348	0.360864	0.0890269	0.0562297	0.0518118	0.0563599	0	0	0	0	0	0	-2.40226e+07	0.845786	0	0        0   350290      0      1.54368    2.09228    0
2.46406	641768	0	202.859	0.267259	0.0638235	0.0417736	0.0243382	0.041669	0	0	0	0	0	0	-4.40239e+07	0.626206	0	0        0   641768      0      2.09228    2.83584    0
3.33975	1172564	0	202.695	0.197582	0.0220886	0.0308501	0.0329907	0.0308381	0	0	0	0	0	0	-8.04175e+07	0.463227	0	0        0   1.17256e+06      0      2.83584    3.84365    0
4.52664	2147221	0	203.018	0.146252	0.000881204	0.0228386	-0.0256542	0.0228119	0	0	0	0	0	0	-1.47248e+08	0.343069	0	0        0   2.14722e+06      0      3.84365    5.20962    0
6.13533	3921293	0	202.705	0.108054	0.00819117	0.0168707	-0.013144	0.0168742	0	0	0	0	0	0	-2.68916e+08	0.253409	0	0        0   3.92129e+06      0      5.20962    7.06103    0
8.31572	7166509	0	202.998	0.0800533	0.0232159	0.0124976	-0.0057658	0.0124937	0	0	0	0	0	0	-4.91516e+08	0.187901	0	0        0   7.16651e+06      0      7.06103    9.5704    0
11.271	13046314	0	202.966	0.0593233	-0.00349467	0.00925741	-0.00485732	0.0092602	0	0	0	0	0	0	-8.94684e+08	0.139238	0	0        0   1.30463e+07      0      9.5704    12.9716    0
15.2765	23720780	0	202.86	0.0439744	-0.00422976	0.00686464	0.0045652	0.00686512	0	0	0	0	0	0	-1.62662e+09	0.10323	0	0        0   2.37208e+07      0      12.9716    17.5814    0
20.7055	43001310	0	202.83	0.032658	-0.00927593	0.00509628	0.0143952	0.00509767	0	0	0	0	0	0	-2.94867e+09	0.0766976	0	0        0   4.30013e+07      0      17.5814    23.8296    0
28.0639	77704156	0	202.853	0.0243004	-0.0165982	0.00379224	0.0116151	0.00379327	0	0	0	0	0	0	-5.32806e+09	0.0571115	0	0        0   7.77042e+07      0      23.8296    32.2982    0
38.0373	139609281	0	202.66	0.0181146	-0.0237187	0.00282629	0.00591101	0.00282736	0	0	0	0	0	0	-9.57153e+09	0.0426066	0	0        0   1.39609e+08      0      32.2982    43.7764    0
51.5551	249144037	0	202.407	0.0135457	-0.0175942	0.00211269	0.0116234	0.00211289	0	0	0	0	0	0	-1.70795e+10	0.0318966	0	0        0   2.49144e+08      0      43.7764    59.3338    0
69.8769	440767618	0	202.222	0.0101775	-0.0117683	0.00158683	0.0223224	0.0015868	0	0	0	0	0	0	-3.02107e+10	0.0240017	0	0        0   4.40768e+08      0      59.3338    80.42    0
94.7099	771644613	0	202.403	0.0077017	-0.000361691	0.00120015	0.0337596	0.00120004	0	0	0	0	0	0	-5.28805e+10	0.0182023	0	0        0   7.71645e+08      0      80.42    109    0
