# 1bin_value	2data_points	3sqrt(data_points)	4W	5W_err	6e+	7e+_err	8eX 9eX_err	10e++ 	11e++_err		12eXX	13eXX_err		14e+X	15e+X_err 	16theta          17theta_err       17num_den	18num_err 19LS_err     20wt_num     21wt_num_err  22r_low   23r_high 24sig_crit
0.117769	1641	0	218.524	5.72294	0.131404	0.890711	-0.0536733	0.902672	0	0	0	0	0	0	-112749	13.8402	0	0        0   1641      0      0.1    0.135538    0
0.159622	2844	0	205.874	4.07645	0.670783	0.628428	1.42712	0.625868	0	0	0	0	0	0	-195071	9.5827	0	0        0   2844      0      0.135538    0.183706    0
0.216349	5177	0	203.952	2.99251	-0.0546496	0.46343	-0.714182	0.471154	0	0	0	0	0	0	-355436	7.0264	0	0        0   5177      0      0.183706    0.248992    0
0.293236	9426	0	203.828	2.21477	0.193028	0.346179	0.272513	0.339621	0	0	0	0	0	0	-647772	5.17947	0	0        0   9426      0      0.248992    0.33748    0
0.397447	17221	0	203.295	1.63313	-0.289364	0.253878	0.433634	0.255173	0	0	0	0	0	0	-1.17975e+06	3.78096	0	0        0   17221      0      0.33748    0.457415    0
0.538693	31422	0	203.136	1.20931	-0.379976	0.189996	0.261942	0.18821	0	0	0	0	0	0	-2.15447e+06	2.82482	0	0        0   31422      0      0.457415    0.619972    0
0.730136	57366	0	202.877	0.8935	-0.0268454	0.139281	-0.157176	0.140298	0	0	0	0	0	0	-3.93645e+06	2.08523	0	0        0   57366      0      0.619972    0.8403    0
0.989614	105371	0	203.216	0.660386	0.0747187	0.103255	-0.153292	0.103097	0	0	0	0	0	0	-7.21902e+06	1.53886	0	0        0   105371      0      0.8403    1.13893    0
1.34131	192330	0	203.032	0.488372	-0.0693334	0.0761638	0.133566	0.0762254	0	0	0	0	0	0	-1.31961e+07	1.13961	0	0        0   192330      0      1.13893    1.54368    0
1.81798	350792	0	202.829	0.361282	0.0906643	0.0562826	0.055528	0.0564126	0	0	0	0	0	0	-2.40566e+07	0.843566	0	0        0   350792      0      1.54368    2.09228    0
2.46406	642463	0	203.296	0.267597	0.0620847	0.041818	0.0368954	0.0417133	0	0	0	0	0	0	-4.40716e+07	0.625328	0	0        0   642463      0      2.09228    2.83584    0
3.33975	1174203	0	203.201	0.197842	0.0194744	0.0308835	0.0340977	0.0308715	0	0	0	0	0	0	-8.05308e+07	0.46209	0	0        0   1.1742e+06      0      2.83584    3.84365    0
4.52664	2150045	0	203.53	0.146462	0.000896674	0.0228661	-0.0310479	0.0228393	0	0	0	0	0	0	-1.47439e+08	0.342452	0	0        0   2.15004e+06      0      3.84365    5.20962    0
6.13533	3926332	0	203.223	0.108217	0.00669402	0.0168922	-0.0135211	0.0168957	0	0	0	0	0	0	-2.69261e+08	0.253005	0	0        0   3.92633e+06      0      5.20962    7.06103    0
8.31572	7175355	0	203.551	0.0801925	0.0253084	0.0125162	-0.00530499	0.0125123	0	0	0	0	0	0	-4.92112e+08	0.187719	0	0        0   7.17536e+06      0      7.06103    9.5704    0
11.271	13059165	0	203.516	0.0594407	-0.00172526	0.0092734	-0.00501632	0.00927619	0	0	0	0	0	0	-8.9556e+08	0.139255	0	0        0   1.30592e+07      0      9.5704    12.9716    0
15.2765	23739435	0	203.442	0.0440774	-0.00270647	0.0068789	0.00418311	0.00687938	0	0	0	0	0	0	-1.62788e+09	0.103374	0	0        0   2.37394e+07      0      12.9716    17.5814    0
20.7055	43017853	0	203.427	0.0327504	-0.00712708	0.00510932	0.0111144	0.00511072	0	0	0	0	0	0	-2.94977e+09	0.0769634	0	0        0   4.30179e+07      0      17.5814    23.8296    0
28.0639	77692621	0	203.484	0.0243865	-0.0122375	0.00380459	0.00882817	0.00380561	0	0	0	0	0	0	-5.32721e+09	0.0574741	0	0        0   7.76926e+07      0      23.8296    32.2982    0
38.0373	139500203	0	203.361	0.0181972	-0.0193199	0.00283827	0.00154796	0.00283935	0	0	0	0	0	0	-9.56396e+09	0.0430329	0	0        0   1.395e+08      0      32.2982    43.7764    0
51.5551	248744572	0	203.197	0.0136254	-0.0130368	0.00212435	0.00738989	0.00212454	0	0	0	0	0	0	-1.70522e+10	0.0323629	0	0        0   2.48745e+08      0      43.7764    59.3338    0
69.8769	439573103	0	203.138	0.0102556	-0.0101034	0.00159835	0.0189856	0.00159832	0	0	0	0	0	0	-3.01297e+10	0.0245024	0	0        0   4.39573e+08      0      59.3338    80.42    0
94.7099	768354037	0	203.412	0.00777681	-0.00355092	0.0012113	0.0308018	0.00121119	0	0	0	0	0	0	-5.26564e+10	0.018731	0	0        0   7.68354e+08      0      80.42    109    0
