# 1bin_value	2data_points	3sqrt(data_points)	4W	5W_err	6e+	7e+_err	8eX 9eX_err	10e++ 	11e++_err		12eXX	13eXX_err		14e+X	15e+X_err 	16theta          17theta_err       17num_den	18num_err 19LS_err     20wt_num     21wt_num_err  22r_low   23r_high 24sig_crit
0.117769	1057	23.0702	1062.84	49.5857	7.00506	6.35224	-0.9955	6.1614	0	0	0	0	0	0	-7171.36	188.155	0	23.0702        0   0      0      0.1    0.135538    0
0.159622	1580	14.3771	911.534	33.8337	10.5546	4.63036	-2.7607	4.76437	0	0	0	0	0	0	-5950.24	117.041	0	14.3771        0   0      0      0.135538    0.183706    0
0.216349	2277	9.77825	652.934	20.7445	4.00916	3.0093	-1.46104	2.99248	0	0	0	0	0	0	-4304.32	62.6734	0	9.77825        0   0      0      0.183706    0.248992    0
0.293236	3999	6.4737	634.528	15.2841	5.63142	2.24753	-1.41233	2.21615	0	0	0	0	0	0	-4206.35	44.3643	0	6.4737        0   0      0      0.248992    0.33748    0
0.397447	5945	4.59285	473.441	9.83083	3.2683	1.48333	-1.8927	1.43683	0	0	0	0	0	0	-3138.17	24.5975	0	4.59285        0   0      0      0.33748    0.457415    0
0.538693	8309	3.49559	316.344	6.30953	0.808027	0.971899	-0.429832	0.967801	0	0	0	0	0	0	-2077.48	13.464	0	3.49559        0   0      0      0.457415    0.619972    0
0.730136	12381	2.5678	224.414	4.22715	0.352237	0.66241	-0.898586	0.656842	0	0	0	0	0	0	-1473.66	7.8809	0	2.5678        0   0      0      0.619972    0.8403    0
0.989614	19358	1.90447	161.114	2.88013	0.718037	0.448379	0.141322	0.452292	0	0	0	0	0	0	-1047.62	4.85417	0	1.90447        0   0      0      0.8403    1.13893    0
1.34131	30989	1.42938	116.436	2.00353	0.235499	0.31399	-0.156954	0.310716	0	0	0	0	0	0	-757.92	3.16796	0	1.42938        0   0      0      1.13893    1.54368    0
1.81798	51865	1.06438	91.7236	1.4237	-0.0345955	0.222535	-0.210268	0.221029	0	0	0	0	0	0	-584.962	2.15167	0	1.06438        0   0      0      1.54368    2.09228    0
2.46406	89329	0.788574	74.4775	1.0258	0.356973	0.161022	0.0472191	0.160373	0	0	0	0	0	0	-473.741	1.4996	0	0.788574        0   0      0      2.09228    2.83584    0
3.33975	153841	0.58533	59.8059	0.741942	0.237303	0.115556	0.0357269	0.115828	0	0	0	0	0	0	-369.601	1.06864	0	0.58533        0   0      0      2.83584    3.84365    0
4.52664	266150	0.434988	45.6243	0.536443	0.194958	0.0835315	0.0632314	0.0837609	0	0	0	0	0	0	-277.569	0.763227	0	0.434988        0   0      0      3.84365    5.20962    0
6.13533	467985	0.322111	36.9583	0.390458	0.184806	0.0607408	0.070245	0.0608402	0	0	0	0	0	0	-219.139	0.549748	0	0.322111        0   0      0      5.20962    7.06103    0
8.31572	819684	0.239784	27.4051	0.284377	0.162422	0.0442036	0.0583341	0.0442772	0	0	0	0	0	0	-154.647	0.398523	0	0.239784        0   0      0      7.06103    9.5704    0
11.271	1441902	0.178671	20.0432	0.208106	0.125543	0.0323717	-0.060498	0.0323825	0	0	0	0	0	0	-106.371	0.291429	0	0.178671        0   0      0      9.5704    12.9716    0
15.2765	2548181	0.133298	14.284	0.152733	0.108132	0.0237333	-0.0588153	0.0237263	0	0	0	0	0	0	-67.4569	0.214603	0	0.133298        0   0      0      12.9716    17.5814    0
20.7055	4517320	0.0995449	9.90518	0.112547	0.0729757	0.0174789	-0.0172213	0.0174751	0	0	0	0	0	0	-38.0216	0.159163	0	0.0995449        0   0      0      17.5814    23.8296    0
28.0639	8014375	0.0744839	6.44891	0.0832747	0.0298067	0.0129158	-0.0258761	0.0129143	0	0	0	0	0	0	-14.7516	0.11947	0	0.0744839        0   0      0      23.8296    32.2982    0
38.0373	14189195	0.0558571	3.78477	0.0618452	0.0593298	0.00958445	0.0201068	0.00958119	0	0	0	0	0	0	3.02218	0.090218	0	0.0558571        0   0      0      32.2982    43.7764    0
51.5551	25032788	0.0420045	1.7575	0.0461394	0.0396023	0.00714155	0.000409128	0.00714701	0	0	0	0	0	0	16.2108	0.0683155	0	0.0420045        0   0      0      43.7764    59.3338    0
69.8769	44026403	0.0316565	0.835273	0.0346529	0.0240403	0.00536184	-0.00538471	0.00536176	0	0	0	0	0	0	22.0489	0.0520905	0	0.0316565        0   0      0      59.3338    80.42    0
94.7099	76803335	0.0239613	0.178436	0.0262115	0.0270554	0.0040543	-0.0094503	0.00405496	0	0	0	0	0	0	25.6032	0.0397087	0	0.0239613        0   0      0      80.42    109    0
