# 1bin_value	2data_points	3sqrt(data_points)	4W	5W_err	6e+	7e+_err	8eX 9eX_err	10e++ 	11e++_err		12eXX	13eXX_err		14e+X	15e+X_err 	16theta          17theta_err       17num_den	18num_err 19LS_err     20wt_num     21wt_num_err  22r_low   23r_high 24sig_crit
0.117769	1062	22.9481	1068.77	49.5359	5.95781	6.34568	-2.03935	6.15403	0	0	0	0	0	0	-7199.5	187.168	0	22.9481        0   0      0      0.1    0.135538    0
0.159622	1588	14.3547	916.45	33.8946	10.3204	4.63209	-2.14235	4.76851	0	0	0	0	0	0	-5986	116.998	0	14.3547        0   0      0      0.135538    0.183706    0
0.216349	2275	9.78442	649.712	20.634	3.12744	2.99628	-2.0203	2.98167	0	0	0	0	0	0	-4280.27	62.0224	0	9.78442        0   0      0      0.183706    0.248992    0
0.293236	3997	6.44843	634.535	15.275	5.72966	2.24692	-1.50045	2.21599	0	0	0	0	0	0	-4202.22	44.3273	0	6.44843        0   0      0      0.248992    0.33748    0
0.397447	5927	4.59579	470.209	9.81588	3.17461	1.48136	-1.62437	1.43521	0	0	0	0	0	0	-3116.62	24.7455	0	4.59579        0   0      0      0.33748    0.457415    0
0.538693	8296	3.49473	314.811	6.30336	0.622105	0.971113	-0.251251	0.967038	0	0	0	0	0	0	-2069.22	13.5071	0	3.49473        0   0      0      0.457415    0.619972    0
0.730136	12352	2.56807	222.818	4.22243	0.533063	0.661859	-0.935633	0.656229	0	0	0	0	0	0	-1464.3	7.92855	0	2.56807        0   0      0      0.619972    0.8403    0
0.989614	19351	1.90499	160.673	2.87829	0.60381	0.448096	0.147295	0.451997	0	0	0	0	0	0	-1044.24	4.87554	0	1.90499        0   0      0      0.8403    1.13893    0
1.34131	30975	1.42851	116.054	2.00212	0.246374	0.313794	-0.246004	0.310513	0	0	0	0	0	0	-755.744	3.16004	0	1.42851        0   0      0      1.13893    1.54368    0
1.81798	51801	1.06493	90.9374	1.42315	-0.0230046	0.222445	-0.167536	0.220945	0	0	0	0	0	0	-580.186	2.17369	0	1.06493        0   0      0      1.54368    2.09228    0
2.46406	89232	0.789043	73.829	1.02509	0.313461	0.160912	0.0657017	0.160264	0	0	0	0	0	0	-469.446	1.50875	0	0.789043        0   0      0      2.09228    2.83584    0
3.33975	153889	0.585082	59.5105	0.741645	0.232523	0.115509	0.0621835	0.115781	0	0	0	0	0	0	-368.282	1.06343	0	0.585082        0   0      0      2.83584    3.84365    0
4.52664	266249	0.434852	45.3726	0.536145	0.192469	0.0834842	0.0659423	0.0837137	0	0	0	0	0	0	-276.258	0.758017	0	0.434852        0   0      0      3.84365    5.20962    0
6.13533	468417	0.321943	36.8036	0.390278	0.184063	0.0607116	0.053004	0.0608109	0	0	0	0	0	0	-218.58	0.54406	0	0.321943        0   0      0      5.20962    7.06103    0
8.31572	820320	0.239679	27.2024	0.284245	0.159038	0.0441824	0.0619439	0.044256	0	0	0	0	0	0	-153.861	0.394967	0	0.239679        0   0      0      7.06103    9.5704    0
11.271	1443631	0.178562	19.9646	0.207995	0.11278	0.0323539	-0.0573697	0.0323648	0	0	0	0	0	0	-106.26	0.287831	0	0.178562        0   0      0      9.5704    12.9716    0
15.2765	2551326	0.133217	14.2111	0.15264	0.11544	0.0237184	-0.0666747	0.0237114	0	0	0	0	0	0	-67.3044	0.2118	0	0.133217        0   0      0      12.9716    17.5814    0
20.7055	4525510	0.0994593	9.89373	0.112471	0.0741174	0.0174668	-0.0179715	0.017463	0	0	0	0	0	0	-38.4588	0.156314	0	0.0994593        0   0      0      17.5814    23.8296    0
28.0639	8034793	0.0743948	6.51042	0.0832102	0.0372598	0.0129054	-0.0251668	0.0129039	0	0	0	0	0	0	-15.8059	0.11651	0	0.0743948        0   0      0      23.8296    32.2982    0
38.0373	14231610	0.0557783	3.84144	0.0617892	0.0634723	0.00957547	0.0225998	0.00957223	0	0	0	0	0	0	1.8642	0.0877311	0	0.0557783        0   0      0      32.2982    43.7764    0
51.5551	25104041	0.0419475	1.74744	0.0460951	0.0393954	0.00713448	0.00260223	0.00713994	0	0	0	0	0	0	15.4036	0.0665806	0	0.0419475        0   0      0      43.7764    59.3338    0
69.8769	44137147	0.0316185	0.880274	0.0346284	0.0236812	0.00535791	-0.00612571	0.00535782	0	0	0	0	0	0	21.0086	0.0509929	0	0.0316185        0   0      0      59.3338    80.42    0
94.7099	76894068	0.0239483	0.252096	0.0262155	0.0255024	0.00405484	-0.0125649	0.00405551	0	0	0	0	0	0	24.6156	0.0393978	0	0.0239483        0   0      0      80.42    109    0
