# 1bin_value	2data_points	3sqrt(data_points)	4W	5W_err	6e+	7e+_err	8eX 9eX_err	10e++ 	11e++_err		12eXX	13eXX_err		14e+X	15e+X_err 	16theta          17theta_err       17num_den	18num_err 19LS_err     20wt_num     21wt_num_err  22r_low   23r_high 24sig_crit
0.117769	286	0	217.438	16.8216	0	0	0	0	0	0	0	0	0	0	-1322.35	31849.2	0	0        0   321.476      0      0.1    0.135538    0
0.159622	538	0	204.832	11.3733	0	0	0	0	0	0	0	0	0	0	-1346.45	59557.6	0	0        0   565.241      0      0.135538    0.183706    0
0.216349	941	0	203.98	8.65519	0	0	0	0	0	0	0	0	0	0	-1287.17	103873	0	0        0   1025.37      0      0.183706    0.248992    0
0.293236	1740	0	209.893	6.52409	0	0	0	0	0	0	0	0	0	0	-1334.5	189337	0	0        0   1875.64      0      0.248992    0.33748    0
0.397447	3123	0	195.353	4.42446	0	0	0	0	0	0	0	0	0	0	-1267.05	344160	0	0        0   3322.69      0      0.33748    0.457415    0
0.538693	5806	0	198.304	3.30143	0	0	0	0	0	0	0	0	0	0	-1272.71	631915	0	0        0   6212.12      0      0.457415    0.619972    0
0.730136	10279	0	196.117	2.45007	0	0	0	0	0	0	0	0	0	0	-1255.95	1.11026e+06	0	0        0   10991.2      0      0.619972    0.8403    0
0.989614	19133	0	201.562	1.85234	0	0	0	0	0	0	0	0	0	0	-1292.78	2.07685e+06	0	0        0   20483.4      0      0.8403    1.13893    0
1.34131	35028	0	199.351	1.34853	0	0	0	0	0	0	0	0	0	0	-1282.08	3.7966e+06	0	0        0   37351.7      0      1.13893    1.54368    0
1.81798	64061	0	200.775	1.00679	0	0	0	0	0	0	0	0	0	0	-1282.68	6.93143e+06	0	0        0   68753.9      0      1.54368    2.09228    0
2.46406	117554	0	200.487	0.741919	0	0	0	0	0	0	0	0	0	0	-1285.28	1.27121e+07	0	0        0   125654      0      2.09228    2.83584    0
3.33975	214973	0	200.763	0.549371	0	0	0	0	0	0	0	0	0	0	-1288.26	2.32684e+07	0	0        0   229708      0      2.83584    3.84365    0
4.52664	390253	0	199.784	0.405571	0	0	0	0	0	0	0	0	0	0	-1281.85	4.22582e+07	0	0        0   417188      0      3.84365    5.20962    0
6.13533	714786	0	200.071	0.300092	0	0	0	0	0	0	0	0	0	0	-1284.19	7.74436e+07	0	0        0   763907      0      5.20962    7.06103    0
8.31572	1312021	0	200.161	0.221575	0	0	0	0	0	0	0	0	0	0	-1284.43	1.42129e+08	0	0        0   1.40251e+06      0      7.06103    9.5704    0
11.271	2405544	0	200.453	0.163973	0	0	0	0	0	0	0	0	0	0	-1286.52	2.60602e+08	0	0        0   2.57092e+06      0      9.5704    12.9716    0
15.2765	4378172	0	200.025	0.121259	0	0	0	0	0	0	0	0	0	0	-1283.92	4.74362e+08	0	0        0   4.67859e+06      0      12.9716    17.5814    0
20.7055	7993670	0	200.071	0.0897754	0	0	0	0	0	0	0	0	0	0	-1284.11	8.66292e+08	0	0        0   8.54203e+06      0      17.5814    23.8296    0
28.0639	14563492	0	200.001	0.0664913	0	0	0	0	0	0	0	0	0	0	-1284.12	1.5787e+09	0	0        0   1.55567e+07      0      23.8296    32.2982    0
38.0373	26495675	0	199.973	0.0493052	0	0	0	0	0	0	0	0	0	0	-1284.55	2.87372e+09	0	0        0   2.82889e+07      0      32.2982    43.7764    0
51.5551	48062001	0	199.976	0.0366235	0	0	0	0	0	0	0	0	0	0	-1284.97	5.21629e+09	0	0        0   5.12994e+07      0      43.7764    59.3338    0
69.8769	86879768	0	199.925	0.0272467	0	0	0	0	0	0	0	0	0	0	-1284.96	9.43855e+09	0	0        0   9.27104e+07      0      59.3338    80.42    0
94.7099	156393046	0	199.818	0.0203098	0	0	0	0	0	0	0	0	0	0	-1284.94	1.70108e+10	0	0        0   1.66799e+08      0      80.42    109    0
