# 1bin_value	2data_points	3sqrt(data_points)	4W	5W_err	6e+	7e+_err	8eX 9eX_err	10e++ 	11e++_err		12eXX	13eXX_err		14e+X	15e+X_err 	16theta          17theta_err       17num_den	18num_err 19LS_err     20wt_num     21wt_num_err  22r_low   23r_high 24sig_crit
0.117769	647	0	814.217	36.9476	17.9103	5.31173	6.66243	5.15961	0	0	0	0	0	0	-44647.7	111.78	0	0        0   681.931      0      0.1    0.135538    0
0.159622	877	0	629.16	23.8643	5.10884	3.54124	-4.83652	3.45903	0	0	0	0	0	0	-60117.4	63.624	0	0        0   924.642      0      0.135538    0.183706    0
0.216349	1306	0	503.295	15.4278	5.83836	2.35612	0.190417	2.34702	0	0	0	0	0	0	-89678.5	37.4109	0	0        0   1378.82      0      0.183706    0.248992    0
0.293236	1860	0	398.143	10.1105	2.21678	1.5891	1.4953	1.70464	0	0	0	0	0	0	-127636	21.6305	0	0        0   1971.92      0      0.248992    0.33748    0
0.397447	3715	0	443.151	7.93569	1.18692	1.24532	-3.22973	1.20587	0	0	0	0	0	0	-253781	16.2161	0	0        0   3988.45      0      0.33748    0.457415    0
0.538693	7429	0	496.567	6.30165	3.74791	1.01837	1.18107	1.01823	0	0	0	0	0	0	-510854	11.9821	0	0        0   8071.32      0      0.457415    0.619972    0
0.730136	10931	0	396.247	4.09278	1.87295	0.662252	0.586147	0.661982	0	0	0	0	0	0	-747950	6.8923	0	0        0   11783.7      0      0.619972    0.8403    0
0.989614	17643	0	348.875	2.80772	1.44396	0.464236	0.735316	0.455128	0	0	0	0	0	0	-1.20814e+06	4.33617	0	0        0   18920.5      0      0.8403    1.13893    0
1.34131	29463	0	316.46	1.95349	1.09779	0.32435	-0.00761106	0.323019	0	0	0	0	0	0	-2.01896e+06	2.8526	0	0        0   31319.7      0      1.13893    1.54368    0
1.81798	49110	0	289.563	1.3844	0.558792	0.225953	0.26356	0.228688	0	0	0	0	0	0	-3.37445e+06	1.93095	0	0        0   52295.4      0      1.54368    2.09228    0
2.46406	84761	0	273.823	0.997379	0.345421	0.164224	-0.256704	0.163968	0	0	0	0	0	0	-5.80879e+06	1.34556	0	0        0   90306      0      2.09228    2.83584    0
3.33975	147544	0	260.574	0.716527	0.415834	0.119195	-0.0143107	0.118441	0	0	0	0	0	0	-1.01201e+07	0.947751	0	0        0   156835      0      2.83584    3.84365    0
4.52664	255534	0	247.94	0.517894	0.426003	0.0861076	0.00971686	0.0858088	0	0	0	0	0	0	-1.75295e+07	0.66363	0	0        0   271761      0      3.84365    5.20962    0
6.13533	448727	0	238.59	0.375812	0.32445	0.0623432	0.0409569	0.0622211	0	0	0	0	0	0	-3.07865e+07	0.474305	0	0        0   477245      0      5.20962    7.06103    0
8.31572	790205	0	229.353	0.271971	0.255732	0.0451588	0.0257154	0.0451231	0	0	0	0	0	0	-5.41848e+07	0.339935	0	0        0   839433      0      7.06103    9.5704    0
11.271	1406245	0	223.141	0.198297	0.210772	0.0329485	0.0650211	0.0329324	0	0	0	0	0	0	-9.64386e+07	0.247191	0	0        0   1.49337e+06      0      9.5704    12.9716    0
15.2765	2486909	0	216.629	0.144746	0.169666	0.0240762	0.023217	0.0240948	0	0	0	0	0	0	-1.70541e+08	0.179603	0	0        0   2.64013e+06      0      12.9716    17.5814    0
20.7055	4445905	0	212.365	0.106106	0.0926108	0.0176439	0.0404628	0.0176382	0	0	0	0	0	0	-3.04948e+08	0.131806	0	0        0   4.71969e+06      0      17.5814    23.8296    0
28.0639	7965140	0	209.121	0.0780937	0.100124	0.0129825	-0.00907108	0.0129894	0	0	0	0	0	0	-5.46313e+08	0.0972646	0	0        0   8.45891e+06      0      23.8296    32.2982    0
38.0373	14307731	0	206.651	0.0575738	0.0524364	0.00957587	-0.0133842	0.00957026	0	0	0	0	0	0	-9.81364e+08	0.0720738	0	0        0   1.51887e+07      0      32.2982    43.7764    0
51.5551	25773967	0	205.363	0.0426382	0.071557	0.00709049	0.0109583	0.00708807	0	0	0	0	0	0	-1.76797e+09	0.0538188	0	0        0   2.7362e+07      0      43.7764    59.3338    0
69.8769	46529815	0	205.141	0.0317256	0.049006	0.00527507	0.0199997	0.00527135	0	0	0	0	0	0	-3.192e+09	0.0404404	0	0        0   4.94226e+07      0      59.3338    80.42    0
94.7099	83784246	0	205.025	0.0236404	0.0256078	0.00392804	0.0087272	0.00392641	0	0	0	0	0	0	-5.74773e+09	0.0305299	0	0        0   8.89714e+07      0      80.42    109    0
