# 1bin_value	2data_points	3sqrt(data_points)	4W	5W_err	6e+	7e+_err	8eX 9eX_err	10e++ 	11e++_err		12eXX	13eXX_err		14e+X	15e+X_err 	16theta          17theta_err       17num_den	18num_err 19LS_err     20wt_num     21wt_num_err  22r_low   23r_high 24sig_crit
0.117769	689	inf	777.198	125.967	14.4167	7.61261	-3.60628	7.06345	0	0	0	0	0	0	-5263.27	762.231	0	inf        0   0      0      0.1    0.135538    0
0.159622	898	19.5589	500.822	62.5571	9.9584	4.44227	0.308975	4.07091	0	0	0	0	0	0	-3157.54	368.357	0	19.5589        0   0      0      0.135538    0.183706    0
0.216349	1316	14.5552	336.244	34.7012	9.80957	3.11541	-3.26929	2.89261	0	0	0	0	0	0	-2118.81	183.763	0	14.5552        0   0      0      0.183706    0.248992    0
0.293236	1807	10.5325	222.053	20.7502	5.77492	1.94153	-0.519375	1.9264	0	0	0	0	0	0	-1321.14	107.041	0	10.5325        0   0      0      0.248992    0.33748    0
0.397447	3514	6.7812	248.681	15.1362	5.88107	1.49279	-1.29927	1.44771	0	0	0	0	0	0	-1426.96	74.7311	0	6.7812        0   0      0      0.33748    0.457415    0
0.538693	7215	4.38375	323.138	12.8354	4.74083	1.23202	-1.73373	1.2685	0	0	0	0	0	0	-1987.06	63.2101	0	4.38375        0   0      0      0.457415    0.619972    0
0.730136	10386	3.33376	212.744	7.38926	1.9398	0.808571	0.483924	0.815952	0	0	0	0	0	0	-1240.26	32.5913	0	3.33376        0   0      0      0.619972    0.8403    0
0.989614	16312	2.45287	148.137	4.75751	0.345187	0.559116	0.315436	0.559584	0	0	0	0	0	0	-847.396	19.2268	0	2.45287        0   0      0      0.8403    1.13893    0
1.34131	27131	1.81563	119.589	3.29732	1.12809	0.402532	0.554772	0.401795	0	0	0	0	0	0	-672.993	12.4726	0	1.81563        0   0      0      1.13893    1.54368    0
1.81798	45841	1.34737	93.3034	2.30582	0.887364	0.285088	0.229621	0.284143	0	0	0	0	0	0	-509.017	8.24842	0	1.34737        0   0      0      1.54368    2.09228    0
2.46406	78535	0.997455	76.1283	1.63649	0.825389	0.205582	-0.134526	0.206849	0	0	0	0	0	0	-390.845	5.54716	0	0.997455        0   0      0      2.09228    2.83584    0
3.33975	136193	0.737557	60.5337	1.18368	0.744914	0.150353	0.153755	0.149897	0	0	0	0	0	0	-302.592	3.87236	0	0.737557        0   0      0      2.83584    3.84365    0
4.52664	236201	0.547044	47.9011	0.855654	0.556952	0.109309	0.0683726	0.109461	0	0	0	0	0	0	-219.63	2.70641	0	0.547044        0   0      0      3.84365    5.20962    0
6.13533	413391	0.405386	38.2274	0.62126	0.36173	0.0796553	0.0183324	0.0796038	0	0	0	0	0	0	-158.565	1.91447	0	0.405386        0   0      0      5.20962    7.06103    0
8.31572	728765	0.300158	28.8059	0.451416	0.305899	0.0581201	0.0875002	0.0580252	0	0	0	0	0	0	-99.5427	1.36415	0	0.300158        0   0      0      7.06103    9.5704    0
11.271	1289068	0.222614	20.8993	0.329524	0.161471	0.0423682	0.0235939	0.0423957	0	0	0	0	0	0	-48.3425	0.983516	0	0.222614        0   0      0      9.5704    12.9716    0
15.2765	2282206	0.165587	14.6399	0.241978	0.176292	0.0310976	-0.0044183	0.0310892	0	0	0	0	0	0	-7.61137	0.715733	0	0.165587        0   0      0      12.9716    17.5814    0
20.7055	4071124	0.123082	9.59417	0.178035	0.150756	0.022863	0.0280552	0.0228684	0	0	0	0	0	0	21.7587	0.523603	0	0.123082        0   0      0      17.5814    23.8296    0
28.0639	7285274	0.09154	5.88767	0.131357	0.14277	0.0168626	0.0401345	0.0168496	0	0	0	0	0	0	46.5177	0.385386	0	0.09154        0   0      0      23.8296    32.2982    0
38.0373	13070404	0.0680999	2.93406	0.0970978	0.0989453	0.0124372	0.0503881	0.0124472	0	0	0	0	0	0	65.8206	0.284564	0	0.0680999        0   0      0      32.2982    43.7764    0
51.5551	23510362	0.0506764	1.25527	0.0719621	0.0591626	0.00921855	0.000499677	0.00922031	0	0	0	0	0	0	76.5238	0.21081	0	0.0506764        0   0      0      43.7764    59.3338    0
69.8769	42366513	0.0377255	0.626482	0.0535015	0.0345364	0.00685281	0.00675622	0.00685503	0	0	0	0	0	0	80.046	0.156765	0	0.0377255        0   0      0      59.3338    80.42    0
94.7099	76155524	0.0281258	0.211849	0.0398596	0.0189223	0.00510473	-0.018478	0.00510465	0	0	0	0	0	0	82.7629	0.117001	0	0.0281258        0   0      0      80.42    109    0
