# 1bin_value	2data_points	3sqrt(data_points)	4W	5W_err	6e+	7e+_err	8eX 9eX_err	10e++ 	11e++_err		12eXX	13eXX_err		14e+X	15e+X_err 	16theta          17theta_err       17num_den	18num_err 19LS_err     20wt_num     21wt_num_err  22r_low   23r_high 24sig_crit
0.117769	298	0	234.584	17.9958	0	0	0	0	0	0	0	0	0	0	-1553	32517.2	0	0        0   307.35      0      0.1    0.135538    0
0.159622	491	0	195.416	11.1755	0	0	0	0	0	0	0	0	0	0	-1277.18	54554.8	0	0        0   517.991      0      0.135538    0.183706    0
0.216349	897	0	208.525	8.92473	0	0	0	0	0	0	0	0	0	0	-1335.88	97532	0	0        0   957.476      0      0.183706    0.248992    0
0.293236	1622	0	192.632	6.00438	0	0	0	0	0	0	0	0	0	0	-1241.35	175213	0	0        0   1724.38      0      0.248992    0.33748    0
0.397447	2978	0	193.052	4.45268	0	0	0	0	0	0	0	0	0	0	-1243.18	320169	0	0        0   3165.69      0      0.33748    0.457415    0
0.538693	5515	0	207.781	3.57716	0	0	0	0	0	0	0	0	0	0	-1328.18	600158	0	0        0   5933.87      0      0.457415    0.619972    0
0.730136	9928	0	198.625	2.52422	0	0	0	0	0	0	0	0	0	0	-1275.82	1.07572e+06	0	0        0   10608.5      0      0.619972    0.8403    0
0.989614	18272	0	199.02	1.87033	0	0	0	0	0	0	0	0	0	0	-1274.29	1.96993e+06	0	0        0   19558.1      0      0.8403    1.13893    0
1.34131	33430	0	199.501	1.38023	0	0	0	0	0	0	0	0	0	0	-1279.81	3.61356e+06	0	0        0   35745.2      0      1.13893    1.54368    0
1.81798	61212	0	199.331	1.01853	0	0	0	0	0	0	0	0	0	0	-1278.83	6.62063e+06	0	0        0   65481.2      0      1.54368    2.09228    0
2.46406	111387	0	198.391	0.752673	0	0	0	0	0	0	0	0	0	0	-1269.43	1.20392e+07	0	0        0   119407      0      2.09228    2.83584    0
3.33975	204142	0	199.632	0.559613	0	0	0	0	0	0	0	0	0	0	-1279.89	2.20545e+07	0	0        0   218409      0      2.83584    3.84365    0
4.52664	373287	0	199.574	0.413358	0	0	0	0	0	0	0	0	0	0	-1279.27	4.03325e+07	0	0        0   399388      0      3.84365    5.20962    0
6.13533	682677	0	199.604	0.305572	0	0	0	0	0	0	0	0	0	0	-1280.19	7.37157e+07	0	0        0   729929      0      5.20962    7.06103    0
8.31572	1252842	0	199.649	0.225768	0	0	0	0	0	0	0	0	0	0	-1280.72	1.35379e+08	0	0        0   1.33962e+06      0      7.06103    9.5704    0
11.271	2293955	0	199.514	0.166684	0	0	0	0	0	0	0	0	0	0	-1279.68	2.47784e+08	0	0        0   2.45275e+06      0      9.5704    12.9716    0
15.2765	4182923	0	199.501	0.123444	0	0	0	0	0	0	0	0	0	0	-1279.77	4.52091e+08	0	0        0   4.47242e+06      0      12.9716    17.5814    0
20.7055	7652686	0	199.913	0.0914989	0	0	0	0	0	0	0	0	0	0	-1282.64	8.27101e+08	0	0        0   8.18068e+06      0      17.5814    23.8296    0
28.0639	13928449	0	199.823	0.0677827	0	0	0	0	0	0	0	0	0	0	-1282.17	1.5055e+09	0	0        0   1.48875e+07      0      23.8296    32.2982    0
38.0373	25329473	0	199.736	0.0502478	0	0	0	0	0	0	0	0	0	0	-1282.23	2.73885e+09	0	0        0   2.70619e+07      0      32.2982    43.7764    0
51.5551	45962565	0	199.688	0.0373029	0	0	0	0	0	0	0	0	0	0	-1282.06	4.97183e+09	0	0        0   4.90995e+07      0      43.7764    59.3338    0
69.8769	83227133	0	199.837	0.0277525	0	0	0	0	0	0	0	0	0	0	-1283.41	9.00871e+09	0	0        0   8.88891e+07      0      59.3338    80.42    0
94.7099	149963351	0	199.726	0.0206691	0	0	0	0	0	0	0	0	0	0	-1283.43	1.62422e+10	0	0        0   1.60074e+08      0      80.42    109    0
