# 1bin_value	2data_points	3sqrt(data_points)	4W	5W_err	6e+	7e+_err	8eX 9eX_err	10e++ 	11e++_err		12eXX	13eXX_err		14e+X	15e+X_err 	16theta          17theta_err       17num_den	18num_err 19LS_err     20wt_num     21wt_num_err  22r_low   23r_high 24sig_crit
0.117769	685	0	1041.1	123.557	18.687	7.33095	-5.13448	6.80278	0	0	0	0	0	0	-47183.1	759.336	0	0        0   729.131      0      0.1    0.135538    0
0.159622	898	0	709.296	63.2358	11.5808	4.30587	0.789528	3.87644	0	0	0	0	0	0	-61505.5	382.722	0	0        0   940.92      0      0.135538    0.183706    0
0.216349	1316	0	551.077	31.8724	9.56205	2.86646	-3.49127	2.61941	0	0	0	0	0	0	-90224.2	176.921	0	0        0   1407.77      0      0.183706    0.248992    0
0.293236	1808	0	417.736	19.2591	5.61592	1.75123	-0.533744	1.73508	0	0	0	0	0	0	-124147	106.382	0	0        0   1905.23      0      0.248992    0.33748    0
0.397447	3509	0	435.435	13.6796	4.5644	1.35129	-0.551749	1.3047	0	0	0	0	0	0	-239928	72.0332	0	0        0   3770.84      0      0.33748    0.457415    0
0.538693	7208	0	539.766	11.9066	5.69517	1.13389	-1.57871	1.17049	0	0	0	0	0	0	-494735	62.1457	0	0        0   7834.34      0      0.457415    0.619972    0
0.730136	10377	0	410.698	6.48106	2.17239	0.727571	0.147865	0.73834	0	0	0	0	0	0	-710532	30.9751	0	0        0   11216.9      0      0.619972    0.8403    0
0.989614	16337	0	349.404	3.97507	0.869661	0.49631	-0.0206366	0.495754	0	0	0	0	0	0	-1.11974e+06	17.7603	0	0        0   17492      0      0.8403    1.13893    0
1.34131	27175	0	320.321	2.67352	1.08389	0.354809	0.481618	0.35426	0	0	0	0	0	0	-1.8675e+06	11.2019	0	0        0   29138.3      0      1.13893    1.54368    0
1.81798	45904	0	294.449	1.80947	1.00673	0.247798	0.157885	0.246295	0	0	0	0	0	0	-3.14586e+06	7.17109	0	0        0   48982.4      0      1.54368    2.09228    0
2.46406	78679	0	275.38	1.25019	0.760769	0.177304	-0.0877561	0.178595	0	0	0	0	0	0	-5.39901e+06	4.64385	0	0        0   84013.3      0      2.09228    2.83584    0
3.33975	136437	0	262.923	0.884224	0.712568	0.128912	0.106729	0.128342	0	0	0	0	0	0	-9.36143e+06	3.14334	0	0        0   145453      0      2.83584    3.84365    0
4.52664	236358	0	250.098	0.627943	0.488991	0.0930391	0.0273443	0.0932125	0	0	0	0	0	0	-1.62015e+07	2.13268	0	0        0   252052      0      3.84365    5.20962    0
6.13533	413861	0	240.065	0.448898	0.340855	0.0674714	0.0398441	0.0674525	0	0	0	0	0	0	-2.83843e+07	1.46653	0	0        0   441243      0      5.20962    7.06103    0
8.31572	729514	0	230.737	0.321313	0.311497	0.049003	0.0851247	0.0489145	0	0	0	0	0	0	-5.00372e+07	1.0181	0	0        0   776925      0      7.06103    9.5704    0
11.271	1290320	0	222.986	0.231639	0.226339	0.0355224	0.0265611	0.0355475	0	0	0	0	0	0	-8.84949e+07	0.717988	0	0        0   1.37337e+06      0      9.5704    12.9716    0
15.2765	2284859	0	216.883	0.168557	0.185745	0.0259612	0.014203	0.0259664	0	0	0	0	0	0	-1.56688e+08	0.513756	0	0        0   2.43187e+06      0      12.9716    17.5814    0
20.7055	4077552	0	212.264	0.123118	0.160936	0.0190341	0.0108234	0.019041	0	0	0	0	0	0	-2.79688e+08	0.371409	0	0        0   4.33951e+06      0      17.5814    23.8296    0
28.0639	7295188	0	208.749	0.0903507	0.161345	0.014002	0.0394223	0.0139895	0	0	0	0	0	0	-5.00328e+08	0.270954	0	0        0   7.76168e+06      0      23.8296    32.2982    0
38.0373	13086468	0	206.043	0.066497	0.103443	0.0102988	0.0321562	0.0103105	0	0	0	0	0	0	-8.97635e+08	0.198699	0	0        0   1.39193e+07      0      32.2982    43.7764    0
51.5551	23537901	0	204.388	0.0491745	0.0645462	0.00762723	0.00254883	0.00762936	0	0	0	0	0	0	-1.61462e+09	0.146749	0	0        0   2.50345e+07      0      43.7764    59.3338    0
69.8769	42401002	0	203.723	0.0365412	0.0353273	0.00567035	-0.00954342	0.00567292	0	0	0	0	0	0	-2.90853e+09	0.109133	0	0        0   4.51041e+07      0      59.3338    80.42    0
94.7099	76184867	0	203.261	0.0272176	0.0320242	0.00422423	-0.0282509	0.00422387	0	0	0	0	0	0	-5.22653e+09	0.0815112	0	0        0   8.10044e+07      0      80.42    109    0
