# 1bin_value	2data_points	3sqrt(data_points)	4W	5W_err	6e+	7e+_err	8eX 9eX_err	10e++ 	11e++_err		12eXX	13eXX_err		14e+X	15e+X_err 	16theta          17theta_err       17num_den	18num_err 19LS_err     20wt_num     21wt_num_err  22r_low   23r_high 24sig_crit
0.117769	497	inf	457.747	78.7652	2.51761	5.73519	-10.4011	5.93826	0	0	0	0	0	0	-2994.96	450.826	0	inf        0   0      0      0.1    0.135538    0
0.159622	628	20.2573	255.073	41.7226	0.907878	3.81767	4.66788	3.48898	0	0	0	0	0	0	-1644.45	225.778	0	20.2573        0   0      0      0.135538    0.183706    0
0.216349	938	14.5854	187.703	27.512	2.75446	2.57036	-2.68212	2.57242	0	0	0	0	0	0	-1165.4	141.985	0	14.5854        0   0      0      0.183706    0.248992    0
0.293236	1359	10.6253	115.083	17.9146	0.732818	1.87365	-3.3215	1.9026	0	0	0	0	0	0	-716.434	85.0794	0	10.6253        0   0      0      0.248992    0.33748    0
0.397447	2791	6.64797	148.827	12.2032	-0.0269806	1.35892	-0.760141	1.42351	0	0	0	0	0	0	-833.49	54.7187	0	6.64797        0   0      0      0.33748    0.457415    0
0.538693	6291	4.34652	228.186	9.77675	0.680189	1.10996	-0.597564	1.11193	0	0	0	0	0	0	-1323.4	43.2275	0	4.34652        0   0      0      0.457415    0.619972    0
0.730136	9592	3.23766	167.137	6.51077	-1.45636	0.777565	-0.801122	0.782807	0	0	0	0	0	0	-937.677	26.9672	0	3.23766        0   0      0      0.619972    0.8403    0
0.989614	15714	2.38712	124.438	4.44041	0.767895	0.560225	-0.0847173	0.556636	0	0	0	0	0	0	-707.431	16.8298	0	2.38712        0   0      0      0.8403    1.13893    0
1.34131	26324	1.77189	96.6094	3.0638	0.965734	0.391143	0.253315	0.389249	0	0	0	0	0	0	-528.955	10.9462	0	1.77189        0   0      0      1.13893    1.54368    0
1.81798	44921	1.32311	74.8677	2.173	-0.00969927	0.279208	-0.321722	0.278482	0	0	0	0	0	0	-402.502	7.38185	0	1.32311        0   0      0      1.54368    2.09228    0
2.46406	78230	0.976341	61.6254	1.56481	0.307471	0.202568	0.0908461	0.202944	0	0	0	0	0	0	-316.456	5.14399	0	0.976341        0   0      0      2.09228    2.83584    0
3.33975	136151	0.723089	48.1567	1.13256	-0.250137	0.147823	0.0785409	0.147873	0	0	0	0	0	0	-231.895	3.59585	0	0.723089        0   0      0      2.83584    3.84365    0
4.52664	238143	0.537131	40.3911	0.820827	8.30255e-05	0.107159	0.0998796	0.107532	0	0	0	0	0	0	-174.289	2.5366	0	0.537131        0   0      0      3.84365    5.20962    0
6.13533	418757	0.398154	30.3089	0.598398	0.0117307	0.0783449	-0.0201268	0.0785751	0	0	0	0	0	0	-113.006	1.8154	0	0.398154        0   0      0      5.20962    7.06103    0
8.31572	744071	0.294791	23.5302	0.436591	0.100028	0.0573633	-0.0535024	0.0573644	0	0	0	0	0	0	-71.6969	1.30597	0	0.294791        0   0      0      7.06103    9.5704    0
11.271	1323037	0.21865	16.5082	0.319864	0.0768675	0.0420735	-0.00453378	0.0419778	0	0	0	0	0	0	-28.063	0.947315	0	0.21865        0   0      0      9.5704    12.9716    0
15.2765	2356512	0.162439	11.7816	0.235025	0.0346496	0.0308604	0.0247536	0.0308314	0	0	0	0	0	0	4.79869	0.691746	0	0.162439        0   0      0      12.9716    17.5814    0
20.7055	4225936	0.120553	7.8429	0.173267	-0.0020104	0.0227123	0.0338102	0.0227219	0	0	0	0	0	0	30.663	0.508036	0	0.120553        0   0      0      17.5814    23.8296    0
28.0639	7580993	0.0896357	4.67164	0.127806	0.0230188	0.0167445	0.0389392	0.0167361	0	0	0	0	0	0	51.0586	0.373841	0	0.0896357        0   0      0      23.8296    32.2982    0
38.0373	13650997	0.0666265	2.5538	0.0945225	0.0506861	0.012382	0.0368121	0.012382	0	0	0	0	0	0	64.569	0.27616	0	0.0666265        0   0      0      32.2982    43.7764    0
51.5551	24583629	0.0495631	1.02817	0.0700915	0.023023	0.00917377	-0.0211909	0.00917651	0	0	0	0	0	0	74.4818	0.20472	0	0.0495631        0   0      0      43.7764    59.3338    0
69.8769	44328466	0.0368796	0.349904	0.0521215	-0.00716656	0.00682247	0.00667034	0.0068226	0	0	0	0	0	0	79.5596	0.152353	0	0.0368796        0   0      0      59.3338    80.42    0
94.7099	79843545	0.027475	0.242156	0.0388631	-0.0175636	0.00508529	0.0113581	0.0050846	0	0	0	0	0	0	80.3473	0.113832	0	0.027475        0   0      0      80.42    109    0
