# 1bin_value	2data_points	3sqrt(data_points)	4W	5W_err	6e+	7e+_err	8eX 9eX_err	10e++ 	11e++_err		12eXX	13eXX_err		14e+X	15e+X_err 	16theta          17theta_err       17num_den	18num_err 19LS_err     20wt_num     21wt_num_err  22r_low   23r_high 24sig_crit
0.117769	689	inf	767.984	125.5	14.9067	7.59495	-4.33453	7.06622	0	0	0	0	0	0	-5218.95	758.606	0	inf        0   0      0      0.1    0.135538    0
0.159622	901	20.744	502.041	62.6157	10.2031	4.45611	0.63875	4.09013	0	0	0	0	0	0	-3177.75	367.933	0	20.744        0   0      0      0.135538    0.183706    0
0.216349	1311	14.4166	340.53	34.9341	9.29324	3.11993	-2.95914	2.89745	0	0	0	0	0	0	-2143.68	185.942	0	14.4166        0   0      0      0.183706    0.248992    0
0.293236	1809	10.4788	226.283	21.2851	5.661	1.9666	-0.443054	1.94787	0	0	0	0	0	0	-1358.01	110.663	0	10.4788        0   0      0      0.248992    0.33748    0
0.397447	3505	6.79701	245.745	14.9808	5.61598	1.48966	-1.12085	1.44368	0	0	0	0	0	0	-1406.31	73.5865	0	6.79701        0   0      0      0.33748    0.457415    0
0.538693	7212	4.39202	323.341	12.7695	4.88827	1.22904	-1.6262	1.26489	0	0	0	0	0	0	-1980.1	62.7377	0	4.39202        0   0      0      0.457415    0.619972    0
0.730136	10382	3.33242	212.986	7.40604	1.90458	0.8087	0.427547	0.816015	0	0	0	0	0	0	-1238.87	32.7167	0	3.33242        0   0      0      0.619972    0.8403    0
0.989614	16331	2.45043	148.245	4.77366	0.536843	0.560148	0.207134	0.560575	0	0	0	0	0	0	-849.448	19.3153	0	2.45043        0   0      0      0.8403    1.13893    0
1.34131	27163	1.81486	119.703	3.29897	1.13847	0.402506	0.562773	0.401768	0	0	0	0	0	0	-672.296	12.4759	0	1.81486        0   0      0      1.13893    1.54368    0
1.81798	45866	1.34654	93.1503	2.30869	0.806039	0.285347	0.164556	0.28441	0	0	0	0	0	0	-509.004	8.25725	0	1.34654        0   0      0      1.54368    2.09228    0
2.46406	78695	0.996708	76.4959	1.63925	0.825483	0.205781	-0.180578	0.207053	0	0	0	0	0	0	-393.15	5.55511	0	0.996708        0   0      0      2.09228    2.83584    0
3.33975	136452	0.736897	60.8434	1.18528	0.711521	0.150456	0.141564	0.150002	0	0	0	0	0	0	-304.064	3.87751	0	0.736897        0   0      0      2.83584    3.84365    0
4.52664	236384	0.546846	47.9651	0.856741	0.516442	0.109399	0.0657538	0.10955	0	0	0	0	0	0	-219.222	2.71034	0	0.546846        0   0      0      3.84365    5.20962    0
6.13533	413847	0.405198	38.3987	0.621988	0.354478	0.0797123	0.0105933	0.0796609	0	0	0	0	0	0	-158.964	1.91678	0	0.405198        0   0      0      5.20962    7.06103    0
8.31572	729455	0.30004	28.9778	0.45205	0.315847	0.0581769	0.0811434	0.058082	0	0	0	0	0	0	-100.281	1.36627	0	0.30004        0   0      0      7.06103    9.5704    0
11.271	1289707	0.222563	20.9231	0.330023	0.166145	0.042416	0.0292483	0.0424435	0	0	0	0	0	0	-48.253	0.985526	0	0.222563        0   0      0      9.5704    12.9716    0
15.2765	2283021	0.165552	14.6381	0.24233	0.170999	0.0311319	-0.00683875	0.0311235	0	0	0	0	0	0	-7.35365	0.717186	0	0.165552        0   0      0      12.9716    17.5814    0
20.7055	4074364	0.12304	9.6848	0.178341	0.153295	0.0228925	0.0289776	0.022898	0	0	0	0	0	0	21.4948	0.524758	0	0.12304        0   0      0      17.5814    23.8296    0
28.0639	7289559	0.0915156	5.92208	0.131605	0.14529	0.0168872	0.0416963	0.0168741	0	0	0	0	0	0	46.3908	0.386381	0	0.0915156        0   0      0      23.8296    32.2982    0
38.0373	13072997	0.0680945	2.96515	0.097295	0.094728	0.0124575	0.049603	0.0124676	0	0	0	0	0	0	65.8386	0.285446	0	0.0680945        0   0      0      32.2982    43.7764    0
51.5551	23507107	0.0506801	1.29323	0.0721201	0.0553478	0.00923542	0.000404741	0.00923718	0	0	0	0	0	0	76.5945	0.211558	0	0.0506801        0   0      0      43.7764    59.3338    0
69.8769	42345868	0.0377351	0.68683	0.0536347	0.0338813	0.00686746	0.00317002	0.00686969	0	0	0	0	0	0	80.0445	0.157434	0	0.0377351        0   0      0      59.3338    80.42    0
94.7099	76074445	0.0281412	0.259705	0.0399821	0.0160254	0.00511859	-0.0175294	0.0051185	0	0	0	0	0	0	82.8084	0.117652	0	0.0281412        0   0      0      80.42    109    0
