# 1bin_value	2data_points	3sqrt(data_points)	4W	5W_err	6e+	7e+_err	8eX 9eX_err	10e++ 	11e++_err		12eXX	13eXX_err		14e+X	15e+X_err 	16theta          17theta_err       17num_den	18num_err 19LS_err     20wt_num     21wt_num_err  22r_low   23r_high 24sig_crit
0.117769	649	22.9383	606.711	38.0018	19.1602	5.39559	7.06853	5.25824	0	0	0	0	0	0	-3889.68	113.694	0	22.9383        0   0      0      0.1    0.135538    0
0.159622	871	16.6667	422.01	24.5342	6.29866	3.59545	-4.22125	3.51379	0	0	0	0	0	0	-2697.25	64.8101	0	16.6667        0   0      0      0.135538    0.183706    0
0.216349	1311	12.6679	297.989	16.0353	6.42285	2.40376	2.3061	2.3957	0	0	0	0	0	0	-1849.16	37.8451	0	12.6679        0   0      0      0.183706    0.248992    0
0.293236	1863	9.01488	200.207	10.5757	2.65406	1.62429	1.75068	1.7371	0	0	0	0	0	0	-1204.8	22.0269	0	9.01488        0   0      0      0.248992    0.33748    0
0.397447	3714	5.50729	242.038	8.28579	1.64793	1.27223	-3.29089	1.23441	0	0	0	0	0	0	-1444.99	16.815	0	5.50729        0   0      0      0.33748    0.457415    0
0.538693	7426	3.5007	292.683	6.54794	3.60158	1.03737	1.00479	1.03688	0	0	0	0	0	0	-1751.26	12.379	0	3.5007        0   0      0      0.457415    0.619972    0
0.730136	10902	2.68885	190.723	4.29621	2.32019	0.677691	0.605325	0.677341	0	0	0	0	0	0	-1124.03	7.32763	0	2.68885        0   0      0      0.619972    0.8403    0
0.989614	17623	1.97113	148.922	2.96692	1.28261	0.476149	0.882599	0.467286	0	0	0	0	0	0	-848.824	4.64681	0	1.97113        0   0      0      0.8403    1.13893    0
1.34131	29389	1.45511	115.291	2.07786	1.08855	0.333535	-0.00931942	0.332312	0	0	0	0	0	0	-654.255	3.13851	0	1.45511        0   0      0      1.13893    1.54368    0
1.81798	49038	1.09105	86.8764	1.48137	0.635288	0.233307	0.217753	0.235919	0	0	0	0	0	0	-482.567	2.13795	0	1.09105        0   0      0      1.54368    2.09228    0
2.46406	84741	0.806873	71.7533	1.07073	0.328993	0.169759	-0.151151	0.16952	0	0	0	0	0	0	-377.564	1.49269	0	0.806873        0   0      0      2.09228    2.83584    0
3.33975	147478	0.596119	58.4166	0.77234	0.4438	0.12337	-0.029661	0.122642	0	0	0	0	0	0	-295.953	1.06372	0	0.596119        0   0      0      2.83584    3.84365    0
4.52664	255243	0.443502	45.0661	0.560228	0.403185	0.0892844	0.0271305	0.0889926	0	0	0	0	0	0	-211.147	0.758939	0	0.443502        0   0      0      3.84365    5.20962    0
6.13533	448396	0.328429	35.7216	0.407707	0.340059	0.064749	0.0736293	0.0646283	0	0	0	0	0	0	-149.038	0.545105	0	0.328429        0   0      0      5.20962    7.06103    0
8.31572	789185	0.244164	26.093	0.296002	0.231827	0.0469676	0.027114	0.0469377	0	0	0	0	0	0	-89.2238	0.39529	0	0.244164        0   0      0      7.06103    9.5704    0
11.271	1405020	0.18093	20.0223	0.216272	0.201762	0.0343036	0.062928	0.0342886	0	0	0	0	0	0	-49.3621	0.287706	0	0.18093        0   0      0      9.5704    12.9716    0
15.2765	2484156	0.134914	13.1891	0.158258	0.164609	0.025096	0.0288624	0.0251135	0	0	0	0	0	0	-5.60002	0.210648	0	0.134914        0   0      0      12.9716    17.5814    0
20.7055	4440752	0.100363	8.66537	0.116208	0.0977459	0.0184076	0.0393411	0.0184018	0	0	0	0	0	0	23.491	0.155167	0	0.100363        0   0      0      17.5814    23.8296    0
28.0639	7956085	0.0747312	5.27602	0.0856379	0.0969182	0.0135544	-0.0117643	0.0135606	0	0	0	0	0	0	46.5553	0.114713	0	0.0747312        0   0      0      23.8296    32.2982    0
38.0373	14288907	0.0556572	2.4908	0.0632105	0.050746	0.0100038	-0.0134399	0.00999845	0	0	0	0	0	0	64.1675	0.0852208	0	0.0556572        0   0      0      32.2982    43.7764    0
51.5551	25745383	0.0414216	0.956092	0.0468446	0.072085	0.00741064	0.000316077	0.00740831	0	0	0	0	0	0	74.2266	0.0635167	0	0.0414216        0   0      0      43.7764    59.3338    0
69.8769	46473700	0.0308163	0.456993	0.0348632	0.0498801	0.00551454	0.00856978	0.00551096	0	0	0	0	0	0	78.254	0.0476796	0	0.0308163        0   0      0      59.3338    80.42    0
94.7099	83639763	0.0229674	-0.0272205	0.025993	0.0260409	0.00410878	0.00447974	0.00410719	0	0	0	0	0	0	81.7618	0.0360889	0	0.0229674        0   0      0      80.42    109    0
