# 1bin_value	2data_points	3sqrt(data_points)	4W	5W_err	6e+	7e+_err	8eX 9eX_err	10e++ 	11e++_err		12eXX	13eXX_err		14e+X	15e+X_err 	16theta          17theta_err       17num_den	18num_err 19LS_err     20wt_num     21wt_num_err  22r_low   23r_high 24sig_crit
0.117769	14603	0	200	0	0	0	0	0	0	0	0	0	0	0	0	0	0	0        0   14603      0      0.1    0.135538    0
0.159622	26605	0	200	0	0	0	0	0	0	0	0	0	0	0	0	0	0	0        0   26605      0      0.135538    0.183706    0
0.216349	48345	0	200	0	0	0	0	0	0	0	0	0	0	0	0	0	0	0        0   48345      0      0.183706    0.248992    0
0.293236	88805	0	200	0	0	0	0	0	0	0	0	0	0	0	0	0	0	0        0   88805      0      0.248992    0.33748    0
0.397447	162530	0	200	0	0	0	0	0	0	0	0	0	0	0	0	0	0	0        0   162530      0      0.33748    0.457415    0
0.538693	294357	0	200	0	0	0	0	0	0	0	0	0	0	0	0	0	0	0        0   294357      0      0.457415    0.619972    0
0.730136	537584	0	200	0	0	0	0	0	0	0	0	0	0	0	0	0	0	0        0   537584      0      0.619972    0.8403    0
0.989614	986431	0	200	0	0	0	0	0	0	0	0	0	0	0	0	0	0	0        0   986431      0      0.8403    1.13893    0
1.34131	1804729	0	200	0	0	0	0	0	0	0	0	0	0	0	0	0	0	0        0   1.80473e+06      0      1.13893    1.54368    0
1.81798	3302845	0	200	0	0	0	0	0	0	0	0	0	0	0	0	0	0	0        0   3.30284e+06      0      1.54368    2.09228    0
2.46406	6046936	0	200	0	0	0	0	0	0	0	0	0	0	0	0	0	0	0        0   6.04694e+06      0      2.09228    2.83584    0
3.33975	11047721	0	200	0	0	0	0	0	0	0	0	0	0	0	0	0	0	0        0   1.10477e+07      0      2.83584    3.84365    0
4.52664	20165861	0	200	0	0	0	0	0	0	0	0	0	0	0	0	0	0	0        0   2.01659e+07      0      3.84365    5.20962    0
6.13533	36853111	0	200	0	0	0	0	0	0	0	0	0	0	0	0	0	0	0        0   3.68531e+07      0      5.20962    7.06103    0
8.31572	67545922	0	200	0	0	0	0	0	0	0	0	0	0	0	0	0	0	0        0   6.75459e+07      0      7.06103    9.5704    0
11.271	123711280	0	200	0	0	0	0	0	0	0	0	0	0	0	0	0	0	0        0   1.23711e+08      0      9.5704    12.9716    0
15.2765	225594817	0	200	0	0	0	0	0	0	0	0	0	0	0	0	0	0	0        0   2.25595e+08      0      12.9716    17.5814    0
20.7055	411904157	0	200	0	0	0	0	0	0	0	0	0	0	0	0	0	0	0        0   4.11904e+08      0      17.5814    23.8296    0
28.0639	750335408	0	200	0	0	0	0	0	0	0	0	0	0	0	0	0	0	0        0   7.50335e+08      0      23.8296    32.2982    0
38.0373	1364809443	0	200	0	0	0	0	0	0	0	0	0	0	0	0	0	0	0        0   1.36481e+09      0      32.2982    43.7764    0
51.5551	2476558795	0	200	0	0	0	0	0	0	0	0	0	0	0	0	0	0	0        0   2.47656e+09      0      43.7764    59.3338    0
69.8769	4481411608	0	200	0	0	0	0	0	0	0	0	0	0	0	0	0	0	0        0   4.48141e+09      0      59.3338    80.42    0
94.7099	8077961656	0	200	0	0	0	0	0	0	0	0	0	0	0	0	0	0	0        0   8.07796e+09      0      80.42    109    0
