# 1bin_value	2data_points	3sqrt(data_points)	4W	5W_err	6e+	7e+_err	8eX 9eX_err	10e++ 	11e++_err		12eXX	13eXX_err		14e+X	15e+X_err 	16theta          17theta_err       17num_den	18num_err 19LS_err     20wt_num     21wt_num_err  22r_low   23r_high 24sig_crit
0.117769	594	0	722.625	73.0089	0.300775	5.77097	5.71182	5.36493	0	0	0	0	0	0	-41019.9	435.588	0	0        0   624.694      0      0.1    0.135538    0
0.159622	828	0	544.339	43.3995	1.91458	3.43032	5.40546	3.15706	0	0	0	0	0	0	-56459	248.911	0	0        0   875.409      0      0.135538    0.183706    0
0.216349	1229	0	471.755	28.4971	1.09363	2.33852	-2.19669	2.29634	0	0	0	0	0	0	-84156.5	163.826	0	0        0   1286.01      0      0.183706    0.248992    0
0.293236	1757	0	393.081	17.5943	4.70843	1.78215	-0.675568	1.70224	0	0	0	0	0	0	-120755	95.8187	0	0        0   1866.82      0      0.248992    0.33748    0
0.397447	3412	0	425.455	13.2456	5.14164	1.26887	0.363182	1.29134	0	0	0	0	0	0	-234006	70.0703	0	0        0   3667.49      0      0.33748    0.457415    0
0.538693	7048	0	477.772	10.0931	2.94877	1.05089	-2.59399	1.05432	0	0	0	0	0	0	-484688	51.2904	0	0        0   7651.52      0      0.457415    0.619972    0
0.730136	10645	0	397.571	6.03036	0.924794	0.724691	-0.531919	0.719458	0	0	0	0	0	0	-728690	28.3121	0	0        0   11498.8      0      0.619972    0.8403    0
0.989614	16766	0	337.057	3.66383	0.453771	0.479908	-0.128873	0.486245	0	0	0	0	0	0	-1.14896e+06	15.7378	0	0        0   17971.7      0      0.8403    1.13893    0
1.34131	28306	0	312.374	2.50266	0.345195	0.338953	-0.338097	0.341142	0	0	0	0	0	0	-1.94038e+06	10.2556	0	0        0   30208.4      0      1.13893    1.54368    0
1.81798	47862	0	290.243	1.73949	0.5502	0.243551	-0.182991	0.243488	0	0	0	0	0	0	-3.28255e+06	6.79119	0	0        0   51083.6      0      1.54368    2.09228    0
2.46406	82964	0	272.107	1.19538	0.561677	0.171585	0.0307039	0.172914	0	0	0	0	0	0	-5.6847e+06	4.41823	0	0        0   88209.5      0      2.09228    2.83584    0
3.33975	143083	0	258.8	0.847077	0.500431	0.125139	-0.0846687	0.124994	0	0	0	0	0	0	-9.80645e+06	2.9778	0	0        0   152308      0      2.83584    3.84365    0
4.52664	248836	0	246.508	0.600856	0.209888	0.0901655	0.107226	0.0905622	0	0	0	0	0	0	-1.70666e+07	2.02515	0	0        0   264862      0      3.84365    5.20962    0
6.13533	437422	0	237.363	0.430146	0.274058	0.0656607	-0.0795114	0.0655539	0	0	0	0	0	0	-2.99945e+07	1.39966	0	0        0   465125      0      5.20962    7.06103    0
8.31572	772671	0	229.27	0.310001	0.210365	0.047698	-0.173369	0.047566	0	0	0	0	0	0	-5.30059e+07	0.981869	0	0        0   821640      0      7.06103    9.5704    0
11.271	1371480	0	222.314	0.224094	0.115042	0.0346522	0.0152126	0.0346445	0	0	0	0	0	0	-9.40635e+07	0.69566	0	0        0   1.45768e+06      0      9.5704    12.9716    0
15.2765	2433047	0	216.518	0.163033	0.0802391	0.0253582	-0.0359547	0.0253628	0	0	0	0	0	0	-1.66882e+08	0.499365	0	0        0   2.58359e+06      0      12.9716    17.5814    0
20.7055	4354819	0	212.417	0.119241	0.0992635	0.0186005	0.00787364	0.0185942	0	0	0	0	0	0	-2.98663e+08	0.361975	0	0        0   4.62302e+06      0      17.5814    23.8296    0
28.0639	7784457	0	208.825	0.0875506	0.1264	0.0136876	-0.00246035	0.0137001	0	0	0	0	0	0	-5.33936e+08	0.263866	0	0        0   8.26768e+06      0      23.8296    32.2982    0
38.0373	14002023	0	206.635	0.0645365	0.0764645	0.0101099	-0.00905819	0.0101004	0	0	0	0	0	0	-9.60406e+08	0.193999	0	0        0   1.48694e+07      0      32.2982    43.7764    0
51.5551	25211094	0	205.24	0.0477535	0.0476096	0.00747753	0.0266904	0.0074832	0	0	0	0	0	0	-1.72923e+09	0.143502	0	0        0   2.67696e+07      0      43.7764    59.3338    0
69.8769	45465599	0	204.778	0.0355025	0.0316847	0.00556181	-0.00395459	0.0055633	0	0	0	0	0	0	-3.11846e+09	0.106748	0	0        0   4.82906e+07      0      59.3338    80.42    0
94.7099	81814598	0	204.614	0.0264636	0.027936	0.00414548	0.00373756	0.00414615	0	0	0	0	0	0	-5.61204e+09	0.0797866	0	0        0   8.68834e+07      0      80.42    109    0
