# 1bin_value	2data_points	3sqrt(data_points)	4W	5W_err	6e+	7e+_err	8eX 9eX_err	10e++ 	11e++_err		12eXX	13eXX_err		14e+X	15e+X_err 	16theta          17theta_err       17num_den	18num_err 19LS_err     20wt_num     21wt_num_err  22r_low   23r_high 24sig_crit
0.117769	641	23.0103	597.251	37.9169	19.5073	5.40849	8.70944	5.26304	0	0	0	0	0	0	-3826.72	114.622	0	23.0103        0   0      0      0.1    0.135538    0
0.159622	859	16.7293	413.497	24.4754	5.79098	3.59184	-3.79771	3.50685	0	0	0	0	0	0	-2638.77	65.7739	0	16.7293        0   0      0      0.135538    0.183706    0
0.216349	1294	13.1432	293.767	16.0282	6.5528	2.40629	2.16091	2.39932	0	0	0	0	0	0	-1815.91	38.9563	0	13.1432        0   0      0      0.183706    0.248992    0
0.293236	1841	9.0243	196.895	10.5924	2.64656	1.62711	1.87877	1.74106	0	0	0	0	0	0	-1181.73	22.8982	0	9.0243        0   0      0      0.248992    0.33748    0
0.397447	3695	5.49478	240.435	8.29585	1.57282	1.27437	-3.17425	1.23634	0	0	0	0	0	0	-1440.97	16.9721	0	5.49478        0   0      0      0.33748    0.457415    0
0.538693	7376	3.50856	290.62	6.55158	3.56661	1.03829	0.788161	1.03813	0	0	0	0	0	0	-1736.4	12.699	0	3.50856        0   0      0      0.457415    0.619972    0
0.730136	10869	2.69118	190.503	4.30038	2.3461	0.678546	0.593749	0.678107	0	0	0	0	0	0	-1123.41	7.40473	0	2.69118        0   0      0      0.619972    0.8403    0
0.989614	17556	1.97457	148.665	2.97132	1.31365	0.476898	0.859208	0.468002	0	0	0	0	0	0	-843.551	4.77653	0	1.97457        0   0      0      0.8403    1.13893    0
1.34131	29289	1.45689	115.156	2.08124	1.13153	0.334109	-0.00131213	0.332879	0	0	0	0	0	0	-652.237	3.22232	0	1.45689        0   0      0      1.13893    1.54368    0
1.81798	48837	1.09296	86.6625	1.48347	0.612281	0.233649	0.307808	0.236266	0	0	0	0	0	0	-479.475	2.20688	0	1.09296        0   0      0      1.54368    2.09228    0
2.46406	84255	0.808828	71.1606	1.07232	0.305856	0.17003	-0.164329	0.169784	0	0	0	0	0	0	-371.805	1.56688	0	0.808828        0   0      0      2.09228    2.83584    0
3.33975	146810	0.597355	58.139	0.773508	0.430615	0.123563	-0.0535237	0.122835	0	0	0	0	0	0	-292.469	1.10782	0	0.597355        0   0      0      2.83584    3.84365    0
4.52664	254079	0.444428	44.8195	0.561112	0.413872	0.0894295	0.00943258	0.0891374	0	0	0	0	0	0	-208.126	0.79008	0	0.444428        0   0      0      3.84365    5.20962    0
6.13533	446026	0.329294	35.4374	0.408397	0.344224	0.0648614	0.0804104	0.0647409	0	0	0	0	0	0	-145.351	0.571527	0	0.329294        0   0      0      5.20962    7.06103    0
8.31572	785150	0.244769	25.8929	0.296509	0.235244	0.0470503	0.0199124	0.0470204	0	0	0	0	0	0	-86.2207	0.413969	0	0.244769        0   0      0      7.06103    9.5704    0
11.271	1397575	0.181391	19.7807	0.216667	0.20366	0.0343679	0.0658192	0.0343529	0	0	0	0	0	0	-46.3106	0.301934	0	0.181391        0   0      0      9.5704    12.9716    0
15.2765	2471161	0.135246	13.0899	0.158561	0.165902	0.0251453	0.022153	0.0251628	0	0	0	0	0	0	-3.07603	0.220995	0	0.135246        0   0      0      12.9716    17.5814    0
20.7055	4416797	0.100618	8.55286	0.116449	0.0945283	0.0184466	0.0357832	0.0184408	0	0	0	0	0	0	26.0177	0.162964	0	0.100618        0   0      0      17.5814    23.8296    0
28.0639	7910362	0.0749383	5.13246	0.0858287	0.0954949	0.0135853	-0.00924904	0.0135915	0	0	0	0	0	0	49.2817	0.120899	0	0.0749383        0   0      0      23.8296    32.2982    0
38.0373	14203112	0.0558194	2.36705	0.0633635	0.04785	0.0100285	-0.0126138	0.0100231	0	0	0	0	0	0	66.8625	0.0899934	0	0.0558194        0   0      0      32.2982    43.7764    0
51.5551	25573647	0.0415553	0.793831	0.0469689	0.0747529	0.0074307	0.0030887	0.00742837	0	0	0	0	0	0	77.2432	0.0673746	0	0.0415553        0   0      0      43.7764    59.3338    0
69.8769	46134866	0.0309253	0.28284	0.0349659	0.0480987	0.0055311	0.0110039	0.0055275	0	0	0	0	0	0	81.4751	0.0508133	0	0.0309253        0   0      0      59.3338    80.42    0
94.7099	82987911	0.0230543	-0.191182	0.0260774	0.0230681	0.00412237	0.00558562	0.00412078	0	0	0	0	0	0	85.0724	0.0385672	0	0.0230543        0   0      0      80.42    109    0
