# 1bin_value	2data_points	3sqrt(data_points)	4W	5W_err	6e+	7e+_err	8eX 9eX_err	10e++ 	11e++_err		12eXX	13eXX_err		14e+X	15e+X_err 	16theta          17theta_err       17num_den	18num_err 19LS_err     20wt_num     21wt_num_err  22r_low   23r_high 24sig_crit
0.117769	297	0	233.317	17.9446	0	0	0	0	0	0	0	0	0	0	-1542.63	32517.2	0	0        0   306.527      0      0.1    0.135538    0
0.159622	488	0	194.081	11.1531	0	0	0	0	0	0	0	0	0	0	-1270.22	54554.8	0	0        0   514.057      0      0.135538    0.183706    0
0.216349	893	0	206.848	8.87811	0	0	0	0	0	0	0	0	0	0	-1328.27	97532	0	0        0   952.138      0      0.183706    0.248992    0
0.293236	1609	0	191.899	6.02	0	0	0	0	0	0	0	0	0	0	-1235.79	175213	0	0        0   1711.25      0      0.248992    0.33748    0
0.397447	2960	0	192.062	4.45344	0	0	0	0	0	0	0	0	0	0	-1238.16	320169	0	0        0   3145.09      0      0.33748    0.457415    0
0.538693	5488	0	207.172	3.58058	0	0	0	0	0	0	0	0	0	0	-1324.31	600158	0	0        0   5905.17      0      0.457415    0.619972    0
0.730136	9871	0	198.039	2.53139	0	0	0	0	0	0	0	0	0	0	-1273.38	1.07572e+06	0	0        0   10539.3      0      0.619972    0.8403    0
0.989614	18160	0	198.343	1.874	0	0	0	0	0	0	0	0	0	0	-1270.12	1.96993e+06	0	0        0   19433.7      0      0.8403    1.13893    0
1.34131	33296	0	199.496	1.38614	0	0	0	0	0	0	0	0	0	0	-1280.28	3.61356e+06	0	0        0   35590      0      1.13893    1.54368    0
1.81798	61007	0	199.405	1.02288	0	0	0	0	0	0	0	0	0	0	-1279.73	6.62063e+06	0	0        0   65236.3      0      1.54368    2.09228    0
2.46406	110974	0	198.277	0.755253	0	0	0	0	0	0	0	0	0	0	-1269.2	1.20392e+07	0	0        0   118914      0      2.09228    2.83584    0
3.33975	203264	0	199.517	0.561747	0	0	0	0	0	0	0	0	0	0	-1279.43	2.20545e+07	0	0        0   217409      0      2.83584    3.84365    0
4.52664	371726	0	199.479	0.414967	0	0	0	0	0	0	0	0	0	0	-1279.01	4.03325e+07	0	0        0   397593      0      3.84365    5.20962    0
6.13533	679459	0	199.436	0.306789	0	0	0	0	0	0	0	0	0	0	-1279.59	7.37157e+07	0	0        0   726224      0      5.20962    7.06103    0
8.31572	1246885	0	199.486	0.226685	0	0	0	0	0	0	0	0	0	0	-1280.11	1.35379e+08	0	0        0   1.33279e+06      0      7.06103    9.5704    0
11.271	2282338	0	199.345	0.167399	0	0	0	0	0	0	0	0	0	0	-1278.99	2.47784e+08	0	0        0   2.43957e+06      0      9.5704    12.9716    0
15.2765	4160559	0	199.348	0.124022	0	0	0	0	0	0	0	0	0	0	-1279.2	4.52091e+08	0	0        0   4.44706e+06      0      12.9716    17.5814    0
20.7055	7608016	0	199.706	0.0919385	0	0	0	0	0	0	0	0	0	0	-1281.68	8.27101e+08	0	0        0   8.13047e+06      0      17.5814    23.8296    0
28.0639	13841992	0	199.626	0.0681395	0	0	0	0	0	0	0	0	0	0	-1281.32	1.5055e+09	0	0        0   1.47903e+07      0      23.8296    32.2982    0
38.0373	25156853	0	199.502	0.0505316	0	0	0	0	0	0	0	0	0	0	-1281.16	2.73885e+09	0	0        0   2.68685e+07      0      32.2982    43.7764    0
51.5551	45620562	0	199.436	0.0375337	0	0	0	0	0	0	0	0	0	0	-1280.91	4.97183e+09	0	0        0   4.87166e+07      0      43.7764    59.3338    0
69.8769	82528583	0	199.542	0.0279437	0	0	0	0	0	0	0	0	0	0	-1282.01	9.00871e+09	0	0        0   8.81094e+07      0      59.3338    80.42    0
94.7099	148531712	0	199.417	0.0208333	0	0	0	0	0	0	0	0	0	0	-1281.91	1.62422e+10	0	0        0   1.58489e+08      0      80.42    109    0
