# 1bin_value	2data_points	3sqrt(data_points)	4W	5W_err	6e+	7e+_err	8eX 9eX_err	10e++ 	11e++_err		12eXX	13eXX_err		14e+X	15e+X_err 	16theta          17theta_err       17num_den	18num_err 19LS_err     20wt_num     21wt_num_err  22r_low   23r_high 24sig_crit
0.117769	613	0	800.818	37.8101	17.4921	6.04626	0.881466	5.35101	0	0	0	0	0	0	-42294	117.871	0	0        0   647.604      0      0.1    0.135538    0
0.159622	824	0	604.275	23.8861	2.3772	3.33794	0.234678	3.41646	0	0	0	0	0	0	-56518.9	65.6297	0	0        0   875.84      0      0.135538    0.183706    0
0.216349	1260	0	496.478	15.4858	2.8057	2.14831	-0.808399	2.34362	0	0	0	0	0	0	-86172	35.7713	0	0        0   1344.11      0      0.183706    0.248992    0
0.293236	1926	0	412.936	10.2557	6.44638	1.59796	-2.77731	1.59966	0	0	0	0	0	0	-132121	23.3059	0	0        0   2020.21      0      0.248992    0.33748    0
0.397447	3617	0	427.825	7.73771	3.76593	1.2247	2.64905	1.20485	0	0	0	0	0	0	-247537	15.5794	0	0        0   3856.14      0      0.33748    0.457415    0
0.538693	7337	0	486.705	6.17658	3.00676	0.985335	1.46094	0.981034	0	0	0	0	0	0	-503950	11.871	0	0        0   7894.63      0      0.457415    0.619972    0
0.730136	10846	0	398.36	4.15714	3.07956	0.666003	-0.444096	0.669147	0	0	0	0	0	0	-743310	6.81744	0	0        0   11753.1      0      0.619972    0.8403    0
0.989614	17217	0	344.167	2.80382	1.09097	0.453841	0.840172	0.457065	0	0	0	0	0	0	-1.18054e+06	4.29142	0	0        0   18494.5      0      0.8403    1.13893    0
1.34131	28716	0	312.62	1.96364	0.839774	0.324589	0.112742	0.325852	0	0	0	0	0	0	-1.96957e+06	2.80838	0	0        0   30680.8      0      1.13893    1.54368    0
1.81798	48586	0	289.039	1.38998	0.831216	0.22685	0.0305839	0.22802	0	0	0	0	0	0	-3.33282e+06	1.9115	0	0        0   51724.5      0      1.54368    2.09228    0
2.46406	84247	0	274.249	0.999218	0.49648	0.165029	0.211357	0.163686	0	0	0	0	0	0	-5.77321e+06	1.31105	0	0        0   89749.5      0      2.09228    2.83584    0
3.33975	146275	0	260.334	0.718033	0.474265	0.117545	0.280062	0.11817	0	0	0	0	0	0	-1.00314e+07	0.916374	0	0        0   155530      0      2.83584    3.84365    0
4.52664	253536	0	248.087	0.519893	0.414828	0.0858283	-0.0559878	0.0856273	0	0	0	0	0	0	-1.73867e+07	0.646334	0	0        0   269877      0      3.84365    5.20962    0
6.13533	446280	0	239.286	0.377574	0.205265	0.0620959	-0.13022	0.0623841	0	0	0	0	0	0	-3.06128e+07	0.460762	0	0        0   474835      0      5.20962    7.06103    0
8.31572	786586	0	230.333	0.273725	0.328126	0.0450696	-0.0241389	0.0451657	0	0	0	0	0	0	-5.39572e+07	0.331698	0	0        0   836397      0      7.06103    9.5704    0
11.271	1396430	0	223.361	0.199057	0.248915	0.0330091	0.00614629	0.0328742	0	0	0	0	0	0	-9.57894e+07	0.240737	0	0        0   1.48303e+06      0      9.5704    12.9716    0
15.2765	2470832	0	217.057	0.145358	0.192602	0.0240401	0.0230676	0.0240754	0	0	0	0	0	0	-1.6948e+08	0.174562	0	0        0   2.62491e+06      0      12.9716    17.5814    0
20.7055	4422547	0	212.978	0.106568	0.141203	0.0176484	0.0101317	0.0176326	0	0	0	0	0	0	-3.03362e+08	0.12806	0	0        0   4.6971e+06      0      17.5814    23.8296    0
28.0639	7916637	0	209.486	0.0783338	0.094239	0.0129543	-0.00244811	0.0129515	0	0	0	0	0	0	-5.43005e+08	0.093949	0	0        0   8.40817e+06      0      23.8296    32.2982    0
38.0373	14233417	0	207.199	0.0577986	0.0675388	0.00956319	-0.0310803	0.00955823	0	0	0	0	0	0	-9.76251e+08	0.0694091	0	0        0   1.51153e+07      0      32.2982    43.7764    0
51.5551	25630624	0	205.762	0.042773	0.0512643	0.00707702	-0.0227341	0.00707396	0	0	0	0	0	0	-1.75808e+09	0.0514966	0	0        0   2.72191e+07      0      43.7764    59.3338    0
69.8769	46267804	0	205.478	0.031809	0.0421867	0.00525622	-0.019096	0.00525928	0	0	0	0	0	0	-3.17367e+09	0.0385279	0	0        0   4.91589e+07      0      59.3338    80.42    0
94.7099	83302570	0	205.292	0.0236944	0.0336088	0.00391597	-0.0186388	0.00391662	0	0	0	0	0	0	-5.71454e+09	0.0290626	0	0        0   8.84758e+07      0      80.42    109    0
