# 1bin_value	2data_points	3sqrt(data_points)	4W	5W_err	6e+	7e+_err	8eX 9eX_err	10e++ 	11e++_err		12eXX	13eXX_err		14e+X	15e+X_err 	16theta          17theta_err       17num_den	18num_err 19LS_err     20wt_num     21wt_num_err  22r_low   23r_high 24sig_crit
0.117769	604	25.3885	543.281	79.192	1.61683	6.19914	10.2623	5.81974	0	0	0	0	0	0	-3572.21	458.636	0	25.3885        0   0      0      0.1    0.135538    0
0.159622	827	18.5781	361.133	44.5207	1.25295	3.71065	4.4252	3.45435	0	0	0	0	0	0	-2191.7	243.338	0	18.5781        0   0      0      0.135538    0.183706    0
0.216349	1221	13.8655	288.352	30.5337	0.916337	2.58586	-4.7527	2.55309	0	0	0	0	0	0	-1753.27	166.746	0	13.8655        0   0      0      0.183706    0.248992    0
0.293236	1762	10.2994	182.759	19.3092	4.55409	1.95087	0.160611	1.88847	0	0	0	0	0	0	-1142.3	96.6164	0	10.2994        0   0      0      0.248992    0.33748    0
0.397447	3414	6.54721	223.609	14.6472	4.47423	1.41886	1.18573	1.43602	0	0	0	0	0	0	-1326.82	72.4674	0	6.54721        0   0      0      0.33748    0.457415    0
0.538693	7051	4.27409	276.738	11.0881	2.80773	1.14517	-2.8784	1.14782	0	0	0	0	0	0	-1654.72	52.9696	0	4.27409        0   0      0      0.457415    0.619972    0
0.730136	10649	3.17715	194.233	6.93524	1.12476	0.801536	-0.619594	0.798126	0	0	0	0	0	0	-1110.94	29.9747	0	3.17715        0   0      0      0.619972    0.8403    0
0.989614	16780	2.3682	137.049	4.45253	0.162653	0.540303	-0.507621	0.54762	0	0	0	0	0	0	-785.256	17.2696	0	2.3682        0   0      0      0.8403    1.13893    0
1.34131	28336	1.75052	107.657	3.1451	0.342931	0.387571	-0.368474	0.389581	0	0	0	0	0	0	-616.717	11.6294	0	1.75052        0   0      0      1.13893    1.54368    0
1.81798	47961	1.30107	85.5141	2.23411	0.663923	0.280468	-0.0094663	0.280722	0	0	0	0	0	0	-465.088	7.89838	0	1.30107        0   0      0      1.54368    2.09228    0
2.46406	82981	0.961187	71.5511	1.57388	0.504932	0.19959	0.0114494	0.200773	0	0	0	0	0	0	-372.44	5.29971	0	0.961187        0   0      0      2.09228    2.83584    0
3.33975	143175	0.713929	56.4777	1.13931	0.540666	0.146305	-0.0478487	0.146213	0	0	0	0	0	0	-281.3	3.68724	0	0.713929        0   0      0      2.83584    3.84365    0
4.52664	249043	0.529532	44.7097	0.823064	0.215281	0.106112	0.108791	0.106443	0	0	0	0	0	0	-201.137	2.58636	0	0.529532        0   0      0      3.84365    5.20962    0
6.13533	437726	0.392092	35.321	0.598912	0.235682	0.0776953	-0.00734474	0.0775887	0	0	0	0	0	0	-142.903	1.83936	0	0.392092        0   0      0      5.20962    7.06103    0
8.31572	773373	0.290456	26.7225	0.436762	0.244269	0.0566654	-0.220995	0.0565811	0	0	0	0	0	0	-89.5349	1.31912	0	0.290456        0   0      0      7.06103    9.5704    0
11.271	1373235	0.215362	19.6279	0.319269	0.127287	0.0413784	0.0846392	0.0413703	0	0	0	0	0	0	-44.45	0.952715	0	0.215362        0   0      0      9.5704    12.9716    0
15.2765	2435893	0.160111	13.5031	0.234512	0.103192	0.0304167	-0.0677203	0.0304099	0	0	0	0	0	0	-5.49466	0.695213	0	0.160111        0   0      0      12.9716    17.5814    0
20.7055	4359866	0.118893	9.37985	0.172542	0.0936832	0.0223628	0.00131138	0.0223564	0	0	0	0	0	0	21.3481	0.509003	0	0.118893        0   0      0      17.5814    23.8296    0
28.0639	7793737	0.088465	5.24917	0.12736	0.128859	0.0164941	0.00252955	0.0165059	0	0	0	0	0	0	47.7688	0.374489	0	0.088465        0   0      0      23.8296    32.2982    0
38.0373	14019388	0.0657688	2.78398	0.0941899	0.0749671	0.0121993	-0.0132015	0.0121918	0	0	0	0	0	0	63.2294	0.276667	0	0.0657688        0   0      0      32.2982    43.7764    0
51.5551	25254660	0.0489173	1.16433	0.0698405	0.0577419	0.00903328	0.00944685	0.00903839	0	0	0	0	0	0	73.1129	0.205144	0	0.0489173        0   0      0      43.7764    59.3338    0
69.8769	45575498	0.0363806	0.494222	0.0519327	0.0346649	0.0067182	-0.00120801	0.00671917	0	0	0	0	0	0	78.4743	0.152653	0	0.0363806        0   0      0      59.3338    80.42    0
94.7099	82081245	0.0270971	0.0593453	0.0387095	0.0337658	0.00500651	0.0122873	0.00500708	0	0	0	0	0	0	81.5529	0.114006	0	0.0270971        0   0      0      80.42    109    0
