# 1bin_value	2data_points	3sqrt(data_points)	4W	5W_err	6e+	7e+_err	8eX 9eX_err	10e++ 	11e++_err		12eXX	13eXX_err		14e+X	15e+X_err 	16theta          17theta_err       17num_den	18num_err 19LS_err     20wt_num     21wt_num_err  22r_low   23r_high 24sig_crit
0.117769	274	0	195.527	15.2252	-1.75233	2.00393	-3.73981	2.02144	0	0	0	0	0	0	-18571.2	63.4077	0	0        0   274      0      0.1    0.135538    0
0.159622	522	0	188.471	10.2073	1.17831	1.51965	1.3143	1.48446	0	0	0	0	0	0	-35504.3	41.2029	0	0        0   522      0      0.135538    0.183706    0
0.216349	932	0	191.685	7.7464	-0.320031	1.09774	2.26497	1.10634	0	0	0	0	0	0	-63445.7	31.1811	0	0        0   932      0      0.183706    0.248992    0
0.293236	1701	0	200.286	6.05253	0.0217511	0.831798	-1.01839	0.857035	0	0	0	0	0	0	-117452	25.0897	0	0        0   1701      0      0.248992    0.33748    0
0.397447	3246	0	204.519	4.4467	0.565659	0.641963	-1.00699	0.634384	0	0	0	0	0	0	-222057	18.2193	0	0        0   3246      0      0.33748    0.457415    0
0.538693	5902	0	200.583	3.22584	0.0916417	0.455733	0.0874742	0.454582	0	0	0	0	0	0	-404388	13.1561	0	0        0   5902      0      0.457415    0.619972    0
0.730136	10907	0	204.728	2.42839	-0.0894977	0.345263	-0.0776744	0.348364	0	0	0	0	0	0	-748548	9.9772	0	0        0   10907      0      0.619972    0.8403    0
0.989614	19414	0	199.517	1.76551	0.324881	0.248711	0.415842	0.252475	0	0	0	0	0	0	-1.33154e+06	7.18759	0	0        0   19414      0      0.8403    1.13893    0
1.34131	35994	0	203.041	1.32313	-0.0143566	0.187587	0.0503817	0.187774	0	0	0	0	0	0	-2.47026e+06	5.41437	0	0        0   35994      0      1.13893    1.54368    0
1.81798	66493	0	204.466	0.981117	-0.0751514	0.138893	-0.171634	0.139514	0	0	0	0	0	0	-4.56391e+06	4.02447	0	0        0   66493      0      1.54368    2.09228    0
2.46406	120723	0	201.513	0.715747	0.0613527	0.101889	-0.021396	0.101955	0	0	0	0	0	0	-8.28286e+06	2.92077	0	0        0   120723      0      2.09228    2.83584    0
3.33975	220079	0	201.984	0.531467	-0.0529558	0.0756241	0.00153556	0.0756868	0	0	0	0	0	0	-1.5102e+07	2.17037	0	0        0   220079      0      2.83584    3.84365    0
4.52664	403198	0	202.356	0.393519	-0.0218571	0.0558475	-8.808e-06	0.0558348	0	0	0	0	0	0	-2.76586e+07	1.60746	0	0        0   403198      0      3.84365    5.20962    0
6.13533	736275	0	202.4	0.291339	0.0531371	0.0414427	-0.0586966	0.0414134	0	0	0	0	0	0	-5.05037e+07	1.19023	0	0        0   736275      0      5.20962    7.06103    0
8.31572	1352306	0	202.778	0.215411	-0.0365284	0.0305652	0.0502423	0.0306143	0	0	0	0	0	0	-9.27214e+07	0.880116	0	0        0   1.35231e+06      0      7.06103    9.5704    0
11.271	2479103	0	202.837	0.159145	-0.0198851	0.0225978	-0.0585352	0.0225947	0	0	0	0	0	0	-1.70011e+08	0.650334	0	0        0   2.4791e+06      0      9.5704    12.9716    0
15.2765	4526568	0	203.218	0.118036	-0.0203747	0.0167721	0.0312614	0.016753	0	0	0	0	0	0	-3.10454e+08	0.482701	0	0        0   4.52657e+06      0      12.9716    17.5814    0
20.7055	8270353	0	203.251	0.0873422	0.0115362	0.0124023	0.00956906	0.0124001	0	0	0	0	0	0	-5.67209e+08	0.357201	0	0        0   8.27035e+06      0      17.5814    23.8296    0
28.0639	15094020	0	203.636	0.064794	-0.00186817	0.00919333	-0.00785756	0.00919603	0	0	0	0	0	0	-1.03509e+09	0.265097	0	0        0   1.5094e+07      0      23.8296    32.2982    0
38.0373	27487316	0	203.781	0.0480575	-0.000921079	0.00681983	0.000732695	0.00682049	0	0	0	0	0	0	-1.88509e+09	0.196692	0	0        0   2.74873e+07      0      32.2982    43.7764    0
51.5551	49925538	0	203.972	0.0357	-0.012205	0.00506298	0.013469	0.00506373	0	0	0	0	0	0	-3.424e+09	0.146171	0	0        0   4.99255e+07      0      43.7764    59.3338    0
69.8769	90523678	0	204.318	0.0265673	-0.00222606	0.00376633	-0.00565177	0.00376587	0	0	0	0	0	0	-6.20832e+09	0.108846	0	0        0   9.05237e+07      0      59.3338    80.42    0
94.7099	163500467	0	204.732	0.0198184	-0.00798604	0.00280726	-0.010438	0.00280729	0	0	0	0	0	0	-1.12137e+10	0.081267	0	0        0   1.635e+08      0      80.42    109    0
