# 1bin_value	2data_points	3sqrt(data_points)	4W	5W_err	6e+	7e+_err	8eX 9eX_err	10e++ 	11e++_err		12eXX	13eXX_err		14e+X	15e+X_err 	16theta          17theta_err       17num_den	18num_err 19LS_err     20wt_num     21wt_num_err  22r_low   23r_high 24sig_crit
0.117769	560	0	200	0	0	0	0	0	0	0	0	0	0	0	0	0	0	0        0   560      0      0.1    0.135538    0
0.159622	1040	0	200	0	0	0	0	0	0	0	0	0	0	0	0	0	0	0        0   1040      0      0.135538    0.183706    0
0.216349	1914	0	200	0	0	0	0	0	0	0	0	0	0	0	0	0	0	0        0   1914      0      0.183706    0.248992    0
0.293236	3362	0	200	0	0	0	0	0	0	0	0	0	0	0	0	0	0	0        0   3362      0      0.248992    0.33748    0
0.397447	6357	0	200	0	0	0	0	0	0	0	0	0	0	0	0	0	0	0        0   6357      0      0.33748    0.457415    0
0.538693	11715	0	200	0	0	0	0	0	0	0	0	0	0	0	0	0	0	0        0   11715      0      0.457415    0.619972    0
0.730136	20977	0	200	0	0	0	0	0	0	0	0	0	0	0	0	0	0	0        0   20977      0      0.619972    0.8403    0
0.989614	38029	0	200	0	0	0	0	0	0	0	0	0	0	0	0	0	0	0        0   38029      0      0.8403    1.13893    0
1.34131	70043	0	200	0	0	0	0	0	0	0	0	0	0	0	0	0	0	0        0   70043      0      1.13893    1.54368    0
1.81798	127999	0	200	0	0	0	0	0	0	0	0	0	0	0	0	0	0	0        0   127999      0      1.54368    2.09228    0
2.46406	234034	0	200	0	0	0	0	0	0	0	0	0	0	0	0	0	0	0        0   234034      0      2.09228    2.83584    0
3.33975	427137	0	200	0	0	0	0	0	0	0	0	0	0	0	0	0	0	0        0   427137      0      2.83584    3.84365    0
4.52664	779853	0	200	0	0	0	0	0	0	0	0	0	0	0	0	0	0	0        0   779853      0      3.84365    5.20962    0
6.13533	1425861	0	200	0	0	0	0	0	0	0	0	0	0	0	0	0	0	0        0   1.42586e+06      0      5.20962    7.06103    0
8.31572	2616311	0	200	0	0	0	0	0	0	0	0	0	0	0	0	0	0	0        0   2.61631e+06      0      7.06103    9.5704    0
11.271	4789259	0	200	0	0	0	0	0	0	0	0	0	0	0	0	0	0	0        0   4.78926e+06      0      9.5704    12.9716    0
15.2765	8734179	0	200	0	0	0	0	0	0	0	0	0	0	0	0	0	0	0        0   8.73418e+06      0      12.9716    17.5814    0
20.7055	15942205	0	200	0	0	0	0	0	0	0	0	0	0	0	0	0	0	0        0   1.59422e+07      0      17.5814    23.8296    0
28.0639	29043330	0	200	0	0	0	0	0	0	0	0	0	0	0	0	0	0	0        0   2.90433e+07      0      23.8296    32.2982    0
38.0373	52823421	0	200	0	0	0	0	0	0	0	0	0	0	0	0	0	0	0        0   5.28234e+07      0      32.2982    43.7764    0
51.5551	95783656	0	200	0	0	0	0	0	0	0	0	0	0	0	0	0	0	0        0   9.57837e+07      0      43.7764    59.3338    0
69.8769	173147308	0	200	0	0	0	0	0	0	0	0	0	0	0	0	0	0	0        0   1.73147e+08      0      59.3338    80.42    0
94.7099	311629357	0	200	0	0	0	0	0	0	0	0	0	0	0	0	0	0	0        0   3.11629e+08      0      80.42    109    0
