# 1bin_value	2data_points	3sqrt(data_points)	4W	5W_err	6e+	7e+_err	8eX 9eX_err	10e++ 	11e++_err		12eXX	13eXX_err		14e+X	15e+X_err 	16theta          17theta_err       17num_den	18num_err 19LS_err     20wt_num     21wt_num_err  22r_low   23r_high 24sig_crit
0.117769	287	0	207.203	16.5781	0	0	0	0	0	0	0	0	0	0	-1325.83	32585.7	0	0        0   308.069      0      0.1    0.135538    0
0.159622	527	0	187.483	10.3754	0	0	0	0	0	0	0	0	0	0	-1208	59086.1	0	0        0   562.233      0      0.135538    0.183706    0
0.216349	918	0	186.921	7.75966	0	0	0	0	0	0	0	0	0	0	-1213.36	100009	0	0        0   966.758      0      0.183706    0.248992    0
0.293236	1767	0	205.852	6.2811	0	0	0	0	0	0	0	0	0	0	-1327.71	192941	0	0        0   1881.59      0      0.248992    0.33748    0
0.397447	3194	0	199.54	4.45092	0	0	0	0	0	0	0	0	0	0	-1289.7	347223	0	0        0   3394.93      0      0.33748    0.457415    0
0.538693	5929	0	200.291	3.29174	0	0	0	0	0	0	0	0	0	0	-1288.22	638815	0	0        0   6313.35      0      0.457415    0.619972    0
0.730136	10551	0	198.039	2.44335	0	0	0	0	0	0	0	0	0	0	-1266.81	1.14022e+06	0	0        0   11311.9      0      0.619972    0.8403    0
0.989614	19482	0	200.193	1.81599	0	0	0	0	0	0	0	0	0	0	-1282.51	2.10771e+06	0	0        0   20863.8      0      0.8403    1.13893    0
1.34131	35830	0	201.967	1.3575	0	0	0	0	0	0	0	0	0	0	-1292.69	3.87456e+06	0	0        0   38370.5      0      1.13893    1.54368    0
1.81798	65221	0	200.461	0.996067	0	0	0	0	0	0	0	0	0	0	-1284.74	7.06002e+06	0	0        0   69830.1      0      1.54368    2.09228    0
2.46406	119220	0	198.994	0.729712	0	0	0	0	0	0	0	0	0	0	-1273.17	1.28868e+07	0	0        0   127775      0      2.09228    2.83584    0
3.33975	218151	0	200.197	0.543035	0	0	0	0	0	0	0	0	0	0	-1282.81	2.36211e+07	0	0        0   233635      0      2.83584    3.84365    0
4.52664	397814	0	199.377	0.400186	0	0	0	0	0	0	0	0	0	0	-1278.8	4.30167e+07	0	0        0   425387      0      3.84365    5.20962    0
6.13533	726214	0	199.406	0.29641	0	0	0	0	0	0	0	0	0	0	-1278.23	7.85215e+07	0	0        0   776808      0      5.20962    7.06103    0
8.31572	1333888	0	199.642	0.218884	0	0	0	0	0	0	0	0	0	0	-1281.15	1.44357e+08	0	0        0   1.42586e+06      0      7.06103    9.5704    0
11.271	2444752	0	199.774	0.161849	0	0	0	0	0	0	0	0	0	0	-1281.47	2.64606e+08	0	0        0   2.61437e+06      0      9.5704    12.9716    0
15.2765	4455317	0	199.645	0.119787	0	0	0	0	0	0	0	0	0	0	-1281.36	4.82124e+08	0	0        0   4.76092e+06      0      12.9716    17.5814    0
20.7055	8135009	0	199.621	0.0886504	0	0	0	0	0	0	0	0	0	0	-1281.15	8.80551e+08	0	0        0   8.69397e+06      0      17.5814    23.8296    0
28.0639	14824452	0	199.712	0.0657171	0	0	0	0	0	0	0	0	0	0	-1282.01	1.60524e+09	0	0        0   1.58402e+07      0      23.8296    32.2982    0
38.0373	26985744	0	199.778	0.0487332	0	0	0	0	0	0	0	0	0	0	-1282.79	2.92284e+09	0	0        0   2.88275e+07      0      32.2982    43.7764    0
51.5551	48988404	0	199.848	0.0361901	0	0	0	0	0	0	0	0	0	0	-1283.57	5.3069e+09	0	0        0   5.23134e+07      0      43.7764    59.3338    0
69.8769	88607738	0	199.734	0.0269023	0	0	0	0	0	0	0	0	0	0	-1283.19	9.60682e+09	0	0        0   9.46031e+07      0      59.3338    80.42    0
94.7099	159669319	0	199.672	0.0200407	0	0	0	0	0	0	0	0	0	0	-1283.28	1.73197e+10	0	0        0   1.70396e+08      0      80.42    109    0
