# 1bin_value	2data_points	3sqrt(data_points)	4W	5W_err	6e+	7e+_err	8eX 9eX_err	10e++ 	11e++_err		12eXX	13eXX_err		14e+X	15e+X_err 	16theta          17theta_err       17num_den	18num_err 19LS_err     20wt_num     21wt_num_err  22r_low   23r_high 24sig_crit
0.117769	293	0	212.835	16.7304	0	0	0	0	0	0	0	0	0	0	-1353.66	32585.7	0	0        0   315.728      0      0.1    0.135538    0
0.159622	527	0	188.267	10.443	0	0	0	0	0	0	0	0	0	0	-1214.13	59086.1	0	0        0   562.409      0      0.135538    0.183706    0
0.216349	918	0	187.54	7.80408	0	0	0	0	0	0	0	0	0	0	-1218.04	100009	0	0        0   966.755      0      0.183706    0.248992    0
0.293236	1761	0	205.959	6.30895	0	0	0	0	0	0	0	0	0	0	-1328.9	192941	0	0        0   1876.16      0      0.248992    0.33748    0
0.397447	3187	0	199.584	4.46482	0	0	0	0	0	0	0	0	0	0	-1291.2	347223	0	0        0   3384.05      0      0.33748    0.457415    0
0.538693	5897	0	199.528	3.28999	0	0	0	0	0	0	0	0	0	0	-1282.07	638815	0	0        0   6282.59      0      0.457415    0.619972    0
0.730136	10502	0	198.059	2.45409	0	0	0	0	0	0	0	0	0	0	-1266.97	1.14022e+06	0	0        0   11263.6      0      0.619972    0.8403    0
0.989614	19431	0	200.207	1.82123	0	0	0	0	0	0	0	0	0	0	-1282.7	2.10771e+06	0	0        0   20804.9      0      0.8403    1.13893    0
1.34131	35787	0	202.325	1.36222	0	0	0	0	0	0	0	0	0	0	-1295	3.87456e+06	0	0        0   38327      0      1.13893    1.54368    0
1.81798	65046	0	200.586	0.999435	0	0	0	0	0	0	0	0	0	0	-1285.32	7.06002e+06	0	0        0   69655.7      0      1.54368    2.09228    0
2.46406	118855	0	199.073	0.732238	0	0	0	0	0	0	0	0	0	0	-1273.61	1.28868e+07	0	0        0   127397      0      2.09228    2.83584    0
3.33975	217675	0	200.444	0.545037	0	0	0	0	0	0	0	0	0	0	-1284.23	2.36211e+07	0	0        0   233153      0      2.83584    3.84365    0
4.52664	396893	0	199.507	0.401499	0	0	0	0	0	0	0	0	0	0	-1279.63	4.30167e+07	0	0        0   424370      0      3.84365    5.20962    0
6.13533	724340	0	199.493	0.297325	0	0	0	0	0	0	0	0	0	0	-1278.7	7.85215e+07	0	0        0   774877      0      5.20962    7.06103    0
8.31572	1330534	0	199.804	0.219637	0	0	0	0	0	0	0	0	0	0	-1282.04	1.44357e+08	0	0        0   1.42247e+06      0      7.06103    9.5704    0
11.271	2438257	0	199.909	0.162415	0	0	0	0	0	0	0	0	0	0	-1282.25	2.64606e+08	0	0        0   2.60761e+06      0      9.5704    12.9716    0
15.2765	4443400	0	199.824	0.120241	0	0	0	0	0	0	0	0	0	0	-1282.42	4.82124e+08	0	0        0   4.74855e+06      0      12.9716    17.5814    0
20.7055	8109470	0	199.735	0.0889913	0	0	0	0	0	0	0	0	0	0	-1281.83	8.80551e+08	0	0        0   8.66714e+06      0      17.5814    23.8296    0
28.0639	14770938	0	199.803	0.0659885	0	0	0	0	0	0	0	0	0	0	-1282.5	1.60524e+09	0	0        0   1.57845e+07      0      23.8296    32.2982    0
38.0373	26875419	0	199.86	0.0489559	0	0	0	0	0	0	0	0	0	0	-1283.24	2.92284e+09	0	0        0   2.87117e+07      0      32.2982    43.7764    0
51.5551	48755639	0	199.908	0.0363741	0	0	0	0	0	0	0	0	0	0	-1283.86	5.3069e+09	0	0        0   5.20694e+07      0      43.7764    59.3338    0
69.8769	88130999	0	199.797	0.0270563	0	0	0	0	0	0	0	0	0	0	-1283.47	9.60682e+09	0	0        0   9.41038e+07      0      59.3338    80.42    0
94.7099	158642256	0	199.696	0.0201713	0	0	0	0	0	0	0	0	0	0	-1283.3	1.73197e+10	0	0        0   1.69319e+08      0      80.42    109    0
