# 1bin_value	2data_points	3sqrt(data_points)	4W	5W_err	6e+	7e+_err	8eX 9eX_err	10e++ 	11e++_err		12eXX	13eXX_err		14e+X	15e+X_err 	16theta          17theta_err       17num_den	18num_err 19LS_err     20wt_num     21wt_num_err  22r_low   23r_high 24sig_crit
0.117769	614	0	803.825	37.8681	17.7802	6.05535	1.26896	5.36539	0	0	0	0	0	0	-42406.7	117.151	0	0        0   648.621      0      0.1    0.135538    0
0.159622	827	0	610.495	24.0905	3.06993	3.35731	0.081952	3.43771	0	0	0	0	0	0	-56660.2	66.4645	0	0        0   878.885      0      0.135538    0.183706    0
0.216349	1249	0	491.005	15.4404	2.7389	2.14536	-0.583122	2.33722	0	0	0	0	0	0	-85431	36.2158	0	0        0   1331.37      0      0.183706    0.248992    0
0.293236	1927	0	413.985	10.2797	6.17649	1.60108	-2.89951	1.60159	0	0	0	0	0	0	-132163	23.4518	0	0        0   2021.97      0      0.248992    0.33748    0
0.397447	3621	0	429.234	7.76228	3.80108	1.22785	2.71873	1.2079	0	0	0	0	0	0	-247979	15.5544	0	0        0   3858.29      0      0.33748    0.457415    0
0.538693	7319	0	485.95	6.18628	2.95252	0.987088	1.52839	0.98296	0	0	0	0	0	0	-502753	11.9833	0	0        0   7867.04      0      0.457415    0.619972    0
0.730136	10835	0	399.181	4.1646	3.16901	0.667232	-0.502999	0.670341	0	0	0	0	0	0	-742506	6.8694	0	0        0   11755.3      0      0.619972    0.8403    0
0.989614	17176	0	344.177	2.81019	1.00776	0.454855	0.812763	0.458077	0	0	0	0	0	0	-1.17775e+06	4.38357	0	0        0   18454.4      0      0.8403    1.13893    0
1.34131	28617	0	312.194	1.96776	0.785243	0.325286	0.0802346	0.326545	0	0	0	0	0	0	-1.96303e+06	2.88999	0	0        0   30572.1      0      1.13893    1.54368    0
1.81798	48467	0	289.015	1.39319	0.805395	0.227374	0.022665	0.228546	0	0	0	0	0	0	-3.32457e+06	1.96284	0	0        0   51601.4      0      1.54368    2.09228    0
2.46406	83861	0	273.679	1.00161	0.477638	0.165433	0.202431	0.164087	0	0	0	0	0	0	-5.74685e+06	1.37572	0	0        0   89344.1      0      2.09228    2.83584    0
3.33975	145669	0	259.994	0.719961	0.482092	0.117862	0.266924	0.118491	0	0	0	0	0	0	-9.98974e+06	0.960374	0	0        0   154902      0      2.83584    3.84365    0
4.52664	252523	0	247.864	0.521406	0.407143	0.0860792	-0.0676492	0.0858779	0	0	0	0	0	0	-1.73189e+07	0.677101	0	0        0   268848      0      3.84365    5.20962    0
6.13533	444281	0	238.977	0.378735	0.212107	0.0622881	-0.146316	0.0625771	0	0	0	0	0	0	-3.04761e+07	0.486975	0	0        0   472754      0      5.20962    7.06103    0
8.31572	783492	0	230.107	0.274539	0.328496	0.0452042	-0.026627	0.0453005	0	0	0	0	0	0	-5.37431e+07	0.34914	0	0        0   833083      0      7.06103    9.5704    0
11.271	1391002	0	223.13	0.199625	0.245155	0.0331037	-0.00402639	0.0329683	0	0	0	0	0	0	-9.54198e+07	0.252921	0	0        0   1.47725e+06      0      9.5704    12.9716    0
15.2765	2460251	0	216.79	0.145803	0.194162	0.024114	0.026474	0.0241494	0	0	0	0	0	0	-1.68759e+08	0.184443	0	0        0   2.61363e+06      0      12.9716    17.5814    0
20.7055	4404229	0	212.75	0.106898	0.141448	0.0177033	0.003474	0.0176875	0	0	0	0	0	0	-3.02107e+08	0.135199	0	0        0   4.67756e+06      0      17.5814    23.8296    0
28.0639	7881158	0	209.231	0.0785931	0.0972785	0.0129973	-0.0019514	0.0129946	0	0	0	0	0	0	-5.4057e+08	0.0996357	0	0        0   8.37014e+06      0      23.8296    32.2982    0
38.0373	14159001	0	206.861	0.0580067	0.069823	0.00959778	-0.029221	0.00959281	0	0	0	0	0	0	-9.71126e+08	0.0742755	0	0        0   1.50361e+07      0      32.2982    43.7764    0
51.5551	25475113	0	205.345	0.0429459	0.048704	0.00710577	-0.0229807	0.0071027	0	0	0	0	0	0	-1.74738e+09	0.0556273	0	0        0   2.70538e+07      0      43.7764    59.3338    0
69.8769	45949876	0	205.019	0.0319573	0.0375475	0.00528085	-0.0208871	0.00528392	0	0	0	0	0	0	-3.15185e+09	0.0419585	0	0        0   4.88201e+07      0      59.3338    80.42    0
94.7099	82664782	0	204.826	0.0238227	0.0313547	0.00393727	-0.023519	0.00393792	0	0	0	0	0	0	-5.67083e+09	0.0318789	0	0        0   8.77978e+07      0      80.42    109    0
