# 1bin_value	2data_points	3sqrt(data_points)	4W	5W_err	6e+	7e+_err	8eX 9eX_err	10e++ 	11e++_err		12eXX	13eXX_err		14e+X	15e+X_err 	16theta          17theta_err       17num_den	18num_err 19LS_err     20wt_num     21wt_num_err  22r_low   23r_high 24sig_crit
0.117769	287	0	218.989	17.0135	0	0	0	0	0	0	0	0	0	0	-1330.47	31849.2	0	0        0   322.495      0      0.1    0.135538    0
0.159622	538	0	204.549	11.343	0	0	0	0	0	0	0	0	0	0	-1346.42	59557.6	0	0        0   564.628      0      0.135538    0.183706    0
0.216349	947	0	203.73	8.60151	0	0	0	0	0	0	0	0	0	0	-1290.71	103873	0	0        0   1028.32      0      0.183706    0.248992    0
0.293236	1753	0	210.843	6.52865	0	0	0	0	0	0	0	0	0	0	-1341.4	189337	0	0        0   1887.98      0      0.248992    0.33748    0
0.397447	3146	0	196.373	4.42679	0	0	0	0	0	0	0	0	0	0	-1274.69	344160	0	0        0   3343.62      0      0.33748    0.457415    0
0.538693	5839	0	198.687	3.2894	0	0	0	0	0	0	0	0	0	0	-1273.85	631915	0	0        0   6251.86      0      0.457415    0.619972    0
0.730136	10338	0	196.07	2.43494	0	0	0	0	0	0	0	0	0	0	-1255.96	1.11026e+06	0	0        0   11053.7      0      0.619972    0.8403    0
0.989614	19212	0	201.503	1.84529	0	0	0	0	0	0	0	0	0	0	-1293.29	2.07685e+06	0	0        0   20553.2      0      0.8403    1.13893    0
1.34131	35219	0	199.432	1.34241	0	0	0	0	0	0	0	0	0	0	-1283.02	3.7966e+06	0	0        0   37540.9      0      1.13893    1.54368    0
1.81798	64389	0	200.828	1.00261	0	0	0	0	0	0	0	0	0	0	-1283.67	6.93143e+06	0	0        0   69068.4      0      1.54368    2.09228    0
2.46406	118212	0	200.652	0.738949	0	0	0	0	0	0	0	0	0	0	-1287.02	1.27121e+07	0	0        0   126292      0      2.09228    2.83584    0
3.33975	216184	0	200.883	0.547061	0	0	0	0	0	0	0	0	0	0	-1289.82	2.32684e+07	0	0        0   230858      0      2.83584    3.84365    0
4.52664	392512	0	199.878	0.403741	0	0	0	0	0	0	0	0	0	0	-1283.22	4.22582e+07	0	0        0   419338      0      3.84365    5.20962    0
6.13533	718989	0	200.219	0.29877	0	0	0	0	0	0	0	0	0	0	-1285.8	7.74436e+07	0	0        0   768021      0      5.20962    7.06103    0
8.31572	1319763	0	200.281	0.220569	0	0	0	0	0	0	0	0	0	0	-1285.86	1.42129e+08	0	0        0   1.41002e+06      0      7.06103    9.5704    0
11.271	2419703	0	200.545	0.163196	0	0	0	0	0	0	0	0	0	0	-1287.77	2.60602e+08	0	0        0   2.58473e+06      0      9.5704    12.9716    0
15.2765	4404980	0	200.101	0.120648	0	0	0	0	0	0	0	0	0	0	-1285.09	4.74362e+08	0	0        0   4.7046e+06      0      12.9716    17.5814    0
20.7055	8045563	0	200.174	0.0893044	0	0	0	0	0	0	0	0	0	0	-1285.44	8.66292e+08	0	0        0   8.59288e+06      0      17.5814    23.8296    0
28.0639	14660652	0	200.071	0.0661154	0	0	0	0	0	0	0	0	0	0	-1285.22	1.5787e+09	0	0        0   1.56523e+07      0      23.8296    32.2982    0
38.0373	26688184	0	200.051	0.0489982	0	0	0	0	0	0	0	0	0	0	-1285.64	2.87372e+09	0	0        0   2.84808e+07      0      32.2982    43.7764    0
51.5551	48442407	0	200.032	0.0363669	0	0	0	0	0	0	0	0	0	0	-1285.93	5.21629e+09	0	0        0   5.16801e+07      0      43.7764    59.3338    0
69.8769	87654618	0	199.977	0.0270279	0	0	0	0	0	0	0	0	0	0	-1285.89	9.43855e+09	0	0        0   9.34932e+07      0      59.3338    80.42    0
94.7099	158011256	0	199.883	0.0201188	0	0	0	0	0	0	0	0	0	0	-1285.87	1.70108e+10	0	0        0   1.68455e+08      0      80.42    109    0
