# 1bin_value	2data_points	3sqrt(data_points)	4W	5W_err	6e+	7e+_err	8eX 9eX_err	10e++ 	11e++_err		12eXX	13eXX_err		14e+X	15e+X_err 	16theta          17theta_err       17num_den	18num_err 19LS_err     20wt_num     21wt_num_err  22r_low   23r_high 24sig_crit
0.117769	14695	0	200	0	0	0	0	0	0	0	0	0	0	0	0	0	0	0        0   14695      0      0.1    0.135538    0
0.159622	26700	0	200	0	0	0	0	0	0	0	0	0	0	0	0	0	0	0        0   26700      0      0.135538    0.183706    0
0.216349	48843	0	200	0	0	0	0	0	0	0	0	0	0	0	0	0	0	0        0   48843      0      0.183706    0.248992    0
0.293236	89582	0	200	0	0	0	0	0	0	0	0	0	0	0	0	0	0	0        0   89582      0      0.248992    0.33748    0
0.397447	164078	0	200	0	0	0	0	0	0	0	0	0	0	0	0	0	0	0        0   164078      0      0.33748    0.457415    0
0.538693	297890	0	200	0	0	0	0	0	0	0	0	0	0	0	0	0	0	0        0   297890      0      0.457415    0.619972    0
0.730136	544258	0	200	0	0	0	0	0	0	0	0	0	0	0	0	0	0	0        0   544258      0      0.619972    0.8403    0
0.989614	996132	0	200	0	0	0	0	0	0	0	0	0	0	0	0	0	0	0        0   996132      0      0.8403    1.13893    0
1.34131	1825238	0	200	0	0	0	0	0	0	0	0	0	0	0	0	0	0	0        0   1.82524e+06      0      1.13893    1.54368    0
1.81798	3335367	0	200	0	0	0	0	0	0	0	0	0	0	0	0	0	0	0        0   3.33537e+06      0      1.54368    2.09228    0
2.46406	6104186	0	200	0	0	0	0	0	0	0	0	0	0	0	0	0	0	0        0   6.10419e+06      0      2.09228    2.83584    0
3.33975	11157526	0	200	0	0	0	0	0	0	0	0	0	0	0	0	0	0	0        0   1.11575e+07      0      2.83584    3.84365    0
4.52664	20361405	0	200	0	0	0	0	0	0	0	0	0	0	0	0	0	0	0        0   2.03614e+07      0      3.84365    5.20962    0
6.13533	37227643	0	200	0	0	0	0	0	0	0	0	0	0	0	0	0	0	0        0   3.72276e+07      0      5.20962    7.06103    0
8.31572	68213239	0	200	0	0	0	0	0	0	0	0	0	0	0	0	0	0	0        0   6.82132e+07      0      7.06103    9.5704    0
11.271	124939652	0	200	0	0	0	0	0	0	0	0	0	0	0	0	0	0	0        0   1.2494e+08      0      9.5704    12.9716    0
15.2765	227802304	0	200	0	0	0	0	0	0	0	0	0	0	0	0	0	0	0        0   2.27802e+08      0      12.9716    17.5814    0
20.7055	415863850	0	200	0	0	0	0	0	0	0	0	0	0	0	0	0	0	0        0   4.15864e+08      0      17.5814    23.8296    0
28.0639	757498822	0	200	0	0	0	0	0	0	0	0	0	0	0	0	0	0	0        0   7.57499e+08      0      23.8296    32.2982    0
38.0373	1377222218	0	200	0	0	0	0	0	0	0	0	0	0	0	0	0	0	0        0   1.37722e+09      0      32.2982    43.7764    0
51.5551	2497640260	0	200	0	0	0	0	0	0	0	0	0	0	0	0	0	0	0        0   2.49764e+09      0      43.7764    59.3338    0
69.8769	4517158392	0	200	0	0	0	0	0	0	0	0	0	0	0	0	0	0	0        0   4.51716e+09      0      59.3338    80.42    0
94.7099	8136521136	0	200	0	0	0	0	0	0	0	0	0	0	0	0	0	0	0        0   8.13652e+09      0      80.42    109    0
