# 1bin_value	2data_points	3sqrt(data_points)	4W	5W_err	6e+	7e+_err	8eX 9eX_err	10e++ 	11e++_err		12eXX	13eXX_err		14e+X	15e+X_err 	16theta          17theta_err       17num_den	18num_err 19LS_err     20wt_num     21wt_num_err  22r_low   23r_high 24sig_crit
0.117769	296	0	232.721	17.9974	0	0	0	0	0	0	0	0	0	0	-1545.57	32517.2	0	0        0   304.417      0      0.1    0.135538    0
0.159622	486	0	194.449	11.2623	0	0	0	0	0	0	0	0	0	0	-1274.92	54554.8	0	0        0   511.587      0      0.135538    0.183706    0
0.216349	897	0	207.982	8.90291	0	0	0	0	0	0	0	0	0	0	-1334.47	97532	0	0        0   956.789      0      0.183706    0.248992    0
0.293236	1615	0	192.109	6.01403	0	0	0	0	0	0	0	0	0	0	-1239.49	175213	0	0        0   1715.79      0      0.248992    0.33748    0
0.397447	2969	0	192.25	4.44928	0	0	0	0	0	0	0	0	0	0	-1240.31	320169	0	0        0   3150.45      0      0.33748    0.457415    0
0.538693	5508	0	207.786	3.58657	0	0	0	0	0	0	0	0	0	0	-1330.82	600158	0	0        0   5916.7      0      0.457415    0.619972    0
0.730136	9933	0	199.351	2.53534	0	0	0	0	0	0	0	0	0	0	-1281.11	1.07572e+06	0	0        0   10611.2      0      0.619972    0.8403    0
0.989614	18257	0	199.009	1.874	0	0	0	0	0	0	0	0	0	0	-1275.84	1.96993e+06	0	0        0   19518.4      0      0.8403    1.13893    0
1.34131	33422	0	199.567	1.38327	0	0	0	0	0	0	0	0	0	0	-1282.2	3.61356e+06	0	0        0   35682.7      0      1.13893    1.54368    0
1.81798	61109	0	199.271	1.02105	0	0	0	0	0	0	0	0	0	0	-1279.99	6.62063e+06	0	0        0   65291.2      0      1.54368    2.09228    0
2.46406	111290	0	198.433	0.754319	0	0	0	0	0	0	0	0	0	0	-1270.95	1.20392e+07	0	0        0   119179      0      2.09228    2.83584    0
3.33975	203936	0	199.671	0.560798	0	0	0	0	0	0	0	0	0	0	-1281.2	2.20545e+07	0	0        0   218001      0      2.83584    3.84365    0
4.52664	373119	0	199.714	0.414365	0	0	0	0	0	0	0	0	0	0	-1281.53	4.03325e+07	0	0        0   398781      0      3.84365    5.20962    0
6.13533	681902	0	199.609	0.306247	0	0	0	0	0	0	0	0	0	0	-1281.56	7.37157e+07	0	0        0   728350      0      5.20962    7.06103    0
8.31572	1251692	0	199.675	0.226265	0	0	0	0	0	0	0	0	0	0	-1282.27	1.35379e+08	0	0        0   1.33693e+06      0      7.06103    9.5704    0
11.271	2291883	0	199.507	0.166995	0	0	0	0	0	0	0	0	0	0	-1280.94	2.47784e+08	0	0        0   2.44807e+06      0      9.5704    12.9716    0
15.2765	4179022	0	199.505	0.123693	0	0	0	0	0	0	0	0	0	0	-1281.16	4.52091e+08	0	0        0   4.46352e+06      0      12.9716    17.5814    0
20.7055	7647175	0	199.926	0.091665	0	0	0	0	0	0	0	0	0	0	-1284.02	8.27101e+08	0	0        0   8.16653e+06      0      17.5814    23.8296    0
28.0639	13919856	0	199.826	0.0678967	0	0	0	0	0	0	0	0	0	0	-1283.54	1.5055e+09	0	0        0   1.48628e+07      0      23.8296    32.2982    0
38.0373	25317947	0	199.739	0.0503246	0	0	0	0	0	0	0	0	0	0	-1283.58	2.73885e+09	0	0        0   2.70211e+07      0      32.2982    43.7764    0
51.5551	45958028	0	199.711	0.0373529	0	0	0	0	0	0	0	0	0	0	-1283.57	4.97183e+09	0	0        0   4.9041e+07      0      43.7764    59.3338    0
69.8769	83234165	0	199.853	0.0277844	0	0	0	0	0	0	0	0	0	0	-1284.89	9.00871e+09	0	0        0   8.87964e+07      0      59.3338    80.42    0
94.7099	150003207	0	199.738	0.0206887	0	0	0	0	0	0	0	0	0	0	-1284.86	1.62422e+10	0	0        0   1.59935e+08      0      80.42    109    0
