# 1bin_value	2data_points	3sqrt(data_points)	4W	5W_err	6e+	7e+_err	8eX 9eX_err	10e++ 	11e++_err		12eXX	13eXX_err		14e+X	15e+X_err 	16theta          17theta_err       17num_den	18num_err 19LS_err     20wt_num     21wt_num_err  22r_low   23r_high 24sig_crit
0.117769	648	0	811.017	36.8129	17.5458	5.29781	6.31429	5.14391	0	0	0	0	0	0	-44701.5	111.423	0	0        0   681.761      0      0.1    0.135538    0
0.159622	866	0	620.771	23.7618	5.08032	3.53282	-6.14524	3.45071	0	0	0	0	0	0	-59343.2	64.5043	0	0        0   914.318      0      0.135538    0.183706    0
0.216349	1320	0	508.35	15.4441	6.3997	2.35556	0.90168	2.34618	0	0	0	0	0	0	-90660.9	36.4727	0	0        0   1392.67      0      0.183706    0.248992    0
0.293236	1867	0	399.101	10.1037	2.56521	1.58754	1.53438	1.70343	0	0	0	0	0	0	-128125	21.3943	0	0        0   1979.08      0      0.248992    0.33748    0
0.397447	3738	0	445.617	7.93608	1.18854	1.24484	-3.37095	1.20521	0	0	0	0	0	0	-255306	15.8721	0	0        0   4011.92      0      0.33748    0.457415    0
0.538693	7433	0	496.926	6.2998	3.4998	1.01816	1.16539	1.01805	0	0	0	0	0	0	-511115	11.9413	0	0        0   8079.14      0      0.457415    0.619972    0
0.730136	10942	0	396.759	4.09224	1.9489	0.662222	0.639061	0.661792	0	0	0	0	0	0	-748786	6.84765	0	0        0   11801.3      0      0.619972    0.8403    0
0.989614	17604	0	347.838	2.80607	1.34128	0.464033	0.876684	0.454902	0	0	0	0	0	0	-1.20563e+06	4.38078	0	0        0   18871.4      0      0.8403    1.13893    0
1.34131	29466	0	316.283	1.95247	1.04355	0.324183	-0.0632758	0.322849	0	0	0	0	0	0	-2.01937e+06	2.84033	0	0        0   31317.2      0      1.13893    1.54368    0
1.81798	49092	0	289.274	1.38371	0.571546	0.225855	0.215694	0.228587	0	0	0	0	0	0	-3.37299e+06	1.93356	0	0        0   52259.5      0      1.54368    2.09228    0
2.46406	84791	0	273.756	0.997043	0.372364	0.164168	-0.269594	0.163913	0	0	0	0	0	0	-5.81081e+06	1.34046	0	0        0   90312.5      0      2.09228    2.83584    0
3.33975	147635	0	260.518	0.716199	0.430018	0.119141	-0.0179944	0.118387	0	0	0	0	0	0	-1.01262e+07	0.941233	0	0        0   156870      0      2.83584    3.84365    0
4.52664	255467	0	247.664	0.51764	0.428794	0.0860671	-0.00851853	0.0857683	0	0	0	0	0	0	-1.75252e+07	0.664536	0	0        0   271581      0      3.84365    5.20962    0
6.13533	448849	0	238.494	0.375642	0.33367	0.0623153	0.0634272	0.0621934	0	0	0	0	0	0	-3.07957e+07	0.471936	0	0        0   477256      0      5.20962    7.06103    0
8.31572	790557	0	229.23	0.271812	0.25586	0.0451325	0.0207703	0.0450969	0	0	0	0	0	0	-5.42097e+07	0.337648	0	0        0   839457      0      7.06103    9.5704    0
11.271	1407332	0	223.074	0.198151	0.208873	0.0329242	0.0687815	0.0329082	0	0	0	0	0	0	-9.65142e+07	0.244612	0	0        0   1.49401e+06      0      9.5704    12.9716    0
15.2765	2488373	0	216.494	0.144616	0.165239	0.0240549	0.0263209	0.0240734	0	0	0	0	0	0	-1.70644e+08	0.178042	0	0        0   2.6408e+06      0      12.9716    17.5814    0
20.7055	4449659	0	212.23	0.105987	0.0904047	0.0176243	0.0460389	0.0176186	0	0	0	0	0	0	-3.05205e+08	0.130268	0	0        0   4.72192e+06      0      17.5814    23.8296    0
28.0639	7974500	0	209.006	0.0779854	0.0950543	0.0129646	-0.00680179	0.0129715	0	0	0	0	0	0	-5.46968e+08	0.0956738	0	0        0   8.46593e+06      0      23.8296    32.2982    0
38.0373	14330385	0	206.541	0.0574718	0.0457243	0.00955895	-0.0125464	0.00955335	0	0	0	0	0	0	-9.82925e+08	0.070531	0	0        0   1.52073e+07      0      32.2982    43.7764    0
51.5551	25829134	0	205.248	0.0425397	0.0653316	0.00707415	0.0135775	0.00707173	0	0	0	0	0	0	-1.77176e+09	0.0523135	0	0        0   2.74097e+07      0      43.7764    59.3338    0
69.8769	46660076	0	205.018	0.0316313	0.0450563	0.00525941	0.0180369	0.0052557	0	0	0	0	0	0	-3.20098e+09	0.0389817	0	0        0   4.95401e+07      0      59.3338    80.42    0
94.7099	84097847	0	204.928	0.0235512	0.0224582	0.00391323	0.00623963	0.00391161	0	0	0	0	0	0	-5.76946e+09	0.0290796	0	0        0   8.92661e+07      0      80.42    109    0
