# 1bin_value	2data_points	3sqrt(data_points)	4W	5W_err	6e+	7e+_err	8eX 9eX_err	10e++ 	11e++_err		12eXX	13eXX_err		14e+X	15e+X_err 	16theta          17theta_err       17num_den	18num_err 19LS_err     20wt_num     21wt_num_err  22r_low   23r_high 24sig_crit
0.117769	275	0	228.196	17.9524	3.59094	2.63044	0.0985827	2.3336	0	0	0	0	0	0	-18992.6	78.803	0	0        0   275      0      0.1    0.135538    0
0.159622	489	0	197.144	11.0955	0.00325562	1.52516	0.61965	1.50539	0	0	0	0	0	0	-33878.6	46.0059	0	0        0   489      0      0.135538    0.183706    0
0.216349	890	0	207.116	8.7368	-0.136523	1.18077	-0.332369	1.19297	0	0	0	0	0	0	-61031.9	36.3827	0	0        0   890      0      0.183706    0.248992    0
0.293236	1670	0	200.913	6.09592	0.0893716	0.874464	-0.12421	0.865052	0	0	0	0	0	0	-114621	24.9936	0	0        0   1670      0      0.248992    0.33748    0
0.397447	2999	0	196.42	4.4278	-1.06269	0.627847	0.5986	0.621577	0	0	0	0	0	0	-206860	18.0889	0	0        0   2999      0      0.33748    0.457415    0
0.538693	5512	0	207.489	3.47699	0.739714	0.490018	0.0517678	0.493763	0	0	0	0	0	0	-377146	14.3321	0	0        0   5512      0      0.457415    0.619972    0
0.730136	9905	0	199.043	2.46865	0.289257	0.352007	-0.196668	0.345959	0	0	0	0	0	0	-678748	10.0535	0	0        0   9905      0      0.619972    0.8403    0
0.989614	18498	0	201.749	1.83328	0.343536	0.257431	-0.185388	0.259436	0	0	0	0	0	0	-1.26794e+06	7.49267	0	0        0   18498      0      0.8403    1.13893    0
1.34131	33504	0	200.744	1.35393	-0.0906605	0.190621	-0.0473456	0.190092	0	0	0	0	0	0	-2.29718e+06	5.52661	0	0        0   33504      0      1.13893    1.54368    0
1.81798	61569	0	201.362	1.00186	0.146921	0.141107	-0.038638	0.141839	0	0	0	0	0	0	-4.21951e+06	4.08897	0	0        0   61569      0      1.54368    2.09228    0
2.46406	112440	0	200.422	0.737582	-0.126105	0.103984	0.0363262	0.104311	0	0	0	0	0	0	-7.71971e+06	3.01157	0	0        0   112440      0      2.09228    2.83584    0
3.33975	206314	0	202.458	0.551122	-0.0400562	0.0772809	-0.039655	0.0773432	0	0	0	0	0	0	-1.41501e+07	2.25526	0	0        0   206314      0      2.83584    3.84365    0
4.52664	377172	0	202.353	0.407275	-0.0416272	0.0573734	-0.0783285	0.0573803	0	0	0	0	0	0	-2.58636e+07	1.66603	0	0        0   377172      0      3.84365    5.20962    0
6.13533	687786	0	201.944	0.300911	-0.000501654	0.0423352	0.0184745	0.0422683	0	0	0	0	0	0	-4.71556e+07	1.23013	0	0        0   687786      0      5.20962    7.06103    0
8.31572	1261888	0	201.904	0.222121	0.0131987	0.0312705	-0.00567697	0.031233	0	0	0	0	0	0	-8.65333e+07	0.908302	0	0        0   1.26189e+06      0      7.06103    9.5704    0
11.271	2315715	0	202.261	0.164318	0.048208	0.0231004	-0.00210179	0.0231123	0	0	0	0	0	0	-1.58797e+08	0.672458	0	0        0   2.31572e+06      0      9.5704    12.9716    0
15.2765	4223214	0	202.36	0.121773	0.00895988	0.0171309	0.020308	0.0171079	0	0	0	0	0	0	-2.89641e+08	0.498627	0	0        0   4.22321e+06      0      12.9716    17.5814    0
20.7055	7706023	0	202.333	0.0901499	0.0132108	0.0126745	-0.0166488	0.0126739	0	0	0	0	0	0	-5.28502e+08	0.369244	0	0        0   7.70602e+06      0      17.5814    23.8296    0
28.0639	14049668	0	202.661	0.0669122	0.0188748	0.00940699	-0.00450251	0.00940213	0	0	0	0	0	0	-9.63622e+08	0.274372	0	0        0   1.40497e+07      0      23.8296    32.2982    0
38.0373	25579918	0	202.964	0.0496954	0.00721017	0.00698202	-0.0230393	0.00698264	0	0	0	0	0	0	-1.75458e+09	0.204027	0	0        0   2.55799e+07      0      32.2982    43.7764    0
51.5551	46394557	0	202.954	0.0369191	0.00666306	0.0051878	-0.00735415	0.00518779	0	0	0	0	0	0	-3.18203e+09	0.151704	0	0        0   4.63946e+07      0      43.7764    59.3338    0
69.8769	83788297	0	202.772	0.0274636	0.00277003	0.00385946	-0.0181254	0.00385965	0	0	0	0	0	0	-5.74726e+09	0.112979	0	0        0   8.37883e+07      0      59.3338    80.42    0
94.7099	150844711	0	202.824	0.0204942	0.0105116	0.00287899	-0.0134616	0.00287937	0	0	0	0	0	0	-1.03464e+10	0.0844534	0	0        0   1.50845e+08      0      80.42    109    0
