# 1bin_value	2data_points	3sqrt(data_points)	4W	5W_err	6e+	7e+_err	8eX 9eX_err	10e++ 	11e++_err		12eXX	13eXX_err		14e+X	15e+X_err 	16theta          17theta_err       17num_den	18num_err 19LS_err     20wt_num     21wt_num_err  22r_low   23r_high 24sig_crit
0.117769	1406	0	193.325	5.44677	-0.412955	0.849993	-1.39295	0.872517	0	0	0	0	0	0	-95952.1	12.8006	0	0        0   1406      0      0.1    0.135538    0
0.159622	2750	0	207.369	4.18252	0.811691	0.660108	-0.0162038	0.651593	0	0	0	0	0	0	-188518	9.88024	0	0        0   2750      0      0.135538    0.183706    0
0.216349	4965	0	206.417	3.10615	0.110256	0.487684	-0.149713	0.488883	0	0	0	0	0	0	-340395	7.46813	0	0        0   4965      0      0.183706    0.248992    0
0.293236	9023	0	203.815	2.27041	0.286895	0.357222	-0.725471	0.357665	0	0	0	0	0	0	-618862	5.41504	0	0        0   9023      0      0.248992    0.33748    0
0.397447	16146	0	199.561	1.65946	-0.0529503	0.263575	-0.133378	0.263009	0	0	0	0	0	0	-1.10616e+06	3.92309	0	0        0   16146      0      0.33748    0.457415    0
0.538693	29810	0	203.344	1.2456	0.181463	0.19863	-0.440125	0.197157	0	0	0	0	0	0	-2.04313e+06	2.95578	0	0        0   29810      0      0.457415    0.619972    0
0.730136	54596	0	203.91	0.922692	-0.143669	0.146215	-0.0265583	0.146314	0	0	0	0	0	0	-3.74607e+06	2.19088	0	0        0   54596      0      0.619972    0.8403    0
0.989614	98803	0	200.961	0.675706	-0.102758	0.107036	-0.100534	0.107177	0	0	0	0	0	0	-6.77304e+06	1.59752	0	0        0   98803      0      0.8403    1.13893    0
1.34131	181740	0	202.096	0.501154	-0.0221476	0.0794627	-0.0648381	0.0794766	0	0	0	0	0	0	-1.24657e+07	1.18765	0	0        0   181740      0      1.13893    1.54368    0
1.81798	332369	0	201.984	0.37033	-0.00114891	0.058677	0.0583815	0.0586817	0	0	0	0	0	0	-2.27871e+07	0.876793	0	0        0   332369      0      1.54368    2.09228    0
2.46406	607485	0	201.649	0.273462	0.0328414	0.0433312	0.00140953	0.043298	0	0	0	0	0	0	-4.1654e+07	0.647239	0	0        0   607485      0      2.09228    2.83584    0
3.33975	1113461	0	202.294	0.202675	0.00290457	0.0321009	-0.0213943	0.0321197	0	0	0	0	0	0	-7.63796e+07	0.480662	0	0        0   1.11346e+06      0      2.83584    3.84365    0
4.52664	2037430	0	202.818	0.150241	0.0148042	0.0238196	-0.020757	0.0237997	0	0	0	0	0	0	-1.39723e+08	0.356558	0	0        0   2.03743e+06      0      3.84365    5.20962    0
6.13533	3722247	0	202.763	0.111134	-0.00318912	0.0176003	-0.0100473	0.0175982	0	0	0	0	0	0	-2.55271e+08	0.263906	0	0        0   3.72225e+06      0      5.20962    7.06103    0
8.31572	6832926	0	203.102	0.0821752	0.00938561	0.0130199	0.0114698	0.0130132	0	0	0	0	0	0	-4.68624e+08	0.195394	0	0        0   6.83293e+06      0      7.06103    9.5704    0
11.271	12521363	0	203.227	0.0607514	-0.00942774	0.00962311	-0.0120447	0.00962182	0	0	0	0	0	0	-8.58729e+08	0.144641	0	0        0   1.25214e+07      0      9.5704    12.9716    0
15.2765	22863063	0	203.523	0.0450357	0.00575	0.00713076	-0.0112916	0.00713056	0	0	0	0	0	0	-1.56803e+09	0.107413	0	0        0   2.28631e+07      0      12.9716    17.5814    0
20.7055	41763048	0	203.651	0.0333511	0.00684162	0.00528083	-0.0132031	0.00528063	0	0	0	0	0	0	-2.86432e+09	0.0796924	0	0        0   4.1763e+07      0      17.5814    23.8296    0
28.0639	76119310	0	203.833	0.0247353	0.0063154	0.0039158	-0.016942	0.00391618	0	0	0	0	0	0	-5.22076e+09	0.059272	0	0        0   7.61193e+07      0      23.8296    32.2982    0
38.0373	138626970	0	204.199	0.0183717	0.01533	0.00290836	-0.0196235	0.00290799	0	0	0	0	0	0	-9.50752e+09	0.0441872	0	0        0   1.38627e+08      0      32.2982    43.7764    0
51.5551	251644382	0	204.419	0.0136595	-0.000452834	0.00216164	-0.0173781	0.00216111	0	0	0	0	0	0	-1.72585e+10	0.0330063	0	0        0   2.51644e+08      0      43.7764    59.3338    0
69.8769	455256765	0	204.571	0.0101715	0.00920731	0.00160889	-0.0221706	0.00160913	0	0	0	0	0	0	-3.12246e+10	0.0247209	0	0        0   4.55257e+08      0      59.3338    80.42    0
94.7099	820498747	0	204.813	0.00759403	0.0124159	0.00120103	-0.0221794	0.001201	0	0	0	0	0	0	-5.62757e+10	0.0185981	0	0        0   8.20499e+08      0      80.42    109    0
