# 1bin_value	2data_points	3sqrt(data_points)	4W	5W_err	6e+	7e+_err	8eX 9eX_err	10e++ 	11e++_err		12eXX	13eXX_err		14e+X	15e+X_err 	16theta          17theta_err       17num_den	18num_err 19LS_err     20wt_num     21wt_num_err  22r_low   23r_high 24sig_crit
0.117769	683	inf	764.355	125.399	13.7777	7.57986	-3.18865	7.05065	0	0	0	0	0	0	-5224.45	758.322	0	inf        0   0      0      0.1    0.135538    0
0.159622	893	19.5245	493.078	62.2262	10.9366	4.45334	0.0208891	4.07705	0	0	0	0	0	0	-3129.45	366.201	0	19.5245        0   0      0      0.135538    0.183706    0
0.216349	1310	14.4286	332.366	34.2661	9.47887	3.09404	-3.30654	2.87539	0	0	0	0	0	0	-2093.8	180.915	0	14.4286        0   0      0      0.183706    0.248992    0
0.293236	1798	10.5198	222.122	20.9904	5.71409	1.95564	-0.71609	1.93618	0	0	0	0	0	0	-1320.25	108.618	0	10.5198        0   0      0      0.248992    0.33748    0
0.397447	3507	6.79492	246.107	15.0112	5.50205	1.49013	-1.09134	1.44493	0	0	0	0	0	0	-1413.97	73.872	0	6.79492        0   0      0      0.33748    0.457415    0
0.538693	7172	4.40056	321.255	12.7873	4.77459	1.23001	-1.48565	1.26636	0	0	0	0	0	0	-1966.43	63.0165	0	4.40056        0   0      0      0.457415    0.619972    0
0.730136	10339	3.3397	211.54	7.37435	2.02067	0.808246	0.364226	0.815495	0	0	0	0	0	0	-1228.18	32.5098	0	3.3397        0   0      0      0.619972    0.8403    0
0.989614	16248	2.45556	147.16	4.75496	0.404809	0.559521	0.330429	0.559919	0	0	0	0	0	0	-840.115	19.2144	0	2.45556        0   0      0      0.8403    1.13893    0
1.34131	27056	1.81648	118.613	3.29473	1.13927	0.40267	0.581967	0.401932	0	0	0	0	0	0	-666.315	12.4543	0	1.81648        0   0      0      1.13893    1.54368    0
1.81798	45784	1.34771	93.3499	2.30647	0.853552	0.285177	0.203354	0.284231	0	0	0	0	0	0	-507.798	8.2565	0	1.34771        0   0      0      1.54368    2.09228    0
2.46406	78485	0.997581	76.1643	1.63568	0.840463	0.205575	-0.169567	0.206851	0	0	0	0	0	0	-389.452	5.53677	0	0.997581        0   0      0      2.09228    2.83584    0
3.33975	135990	0.737867	60.5248	1.18306	0.73403	0.150334	0.148533	0.14988	0	0	0	0	0	0	-300	3.86965	0	0.737867        0   0      0      2.83584    3.84365    0
4.52664	235860	0.547312	47.7868	0.855687	0.530468	0.109331	0.105173	0.109482	0	0	0	0	0	0	-217.135	2.70805	0	0.547312        0   0      0      3.84365    5.20962    0
6.13533	412726	0.405596	38.2259	0.621226	0.351803	0.0796681	0.019421	0.0796167	0	0	0	0	0	0	-156.209	1.91541	0	0.405596        0   0      0      5.20962    7.06103    0
8.31572	727158	0.300385	28.7578	0.451561	0.30645	0.0581496	0.0873155	0.0580547	0	0	0	0	0	0	-97.1815	1.3662	0	0.300385        0   0      0      7.06103    9.5704    0
11.271	1285632	0.222821	20.7806	0.329551	0.162528	0.0423842	0.0239043	0.0424117	0	0	0	0	0	0	-45.2949	0.985041	0	0.222821        0   0      0      9.5704    12.9716    0
15.2765	2275899	0.165747	14.4819	0.242032	0.176555	0.0311126	-0.0138803	0.0311042	0	0	0	0	0	0	-4.52106	0.717141	0	0.165747        0   0      0      12.9716    17.5814    0
20.7055	4060680	0.123192	9.4809	0.178109	0.149674	0.0228772	0.0284448	0.0228826	0	0	0	0	0	0	24.491	0.52471	0	0.123192        0   0      0      17.5814    23.8296    0
28.0639	7266771	0.0916241	5.81858	0.13144	0.145528	0.0168762	0.0427178	0.0168632	0	0	0	0	0	0	49.107	0.386349	0	0.0916241        0   0      0      23.8296    32.2982    0
38.0373	13031332	0.068176	2.8263	0.0971745	0.103882	0.0124495	0.0484758	0.0124595	0	0	0	0	0	0	68.6588	0.285427	0	0.068176        0   0      0      32.2982    43.7764    0
51.5551	23441944	0.0507336	1.23407	0.0720369	0.0564055	0.00922969	0.00044818	0.00923145	0	0	0	0	0	0	79.0073	0.211531	0	0.0507336        0   0      0      43.7764    59.3338    0
69.8769	42240861	0.0377707	0.624038	0.0535824	0.0314027	0.00686394	0.00158299	0.00686617	0	0	0	0	0	0	82.2537	0.157428	0	0.0377707        0   0      0      59.3338    80.42    0
94.7099	75920458	0.0281627	0.259569	0.0399456	0.0169487	0.00511599	-0.0193143	0.0051159	0	0	0	0	0	0	84.6796	0.117629	0	0.0281627        0   0      0      80.42    109    0
