# 1bin_value	2data_points	3sqrt(data_points)	4W	5W_err	6e+	7e+_err	8eX 9eX_err	10e++ 	11e++_err		12eXX	13eXX_err		14e+X	15e+X_err 	16theta          17theta_err       17num_den	18num_err 19LS_err     20wt_num     21wt_num_err  22r_low   23r_high 24sig_crit
0.117769	276	0	196.969	15.2654	-1.77301	2.00271	-3.69038	2.03082	0	0	0	0	0	0	-18691	63.4918	0	0        0   276      0      0.1    0.135538    0
0.159622	527	0	188.395	10.0959	0.899561	1.50769	0.848982	1.47239	0	0	0	0	0	0	-35891.5	40.2634	0	0        0   527      0      0.135538    0.183706    0
0.216349	931	0	190.866	7.70955	-0.326351	1.09359	2.27285	1.10263	0	0	0	0	0	0	-63412.3	30.9651	0	0        0   931      0      0.183706    0.248992    0
0.293236	1707	0	199.997	6.02018	-0.0924594	0.828198	-1.05771	0.85226	0	0	0	0	0	0	-117791	24.8583	0	0        0   1707      0      0.248992    0.33748    0
0.397447	3254	0	204.532	4.43527	0.504213	0.640148	-0.989578	0.632787	0	0	0	0	0	0	-222582	18.128	0	0        0   3254      0      0.33748    0.457415    0
0.538693	5931	0	201.007	3.21893	0.189635	0.454378	0.00967778	0.453309	0	0	0	0	0	0	-406354	13.0835	0	0        0   5931      0      0.457415    0.619972    0
0.730136	10992	0	205.852	2.4272	-0.0844423	0.344483	-0.0438944	0.347544	0	0	0	0	0	0	-754346	9.93478	0	0        0   10992      0      0.619972    0.8403    0
0.989614	19553	0	200.456	1.76385	0.338595	0.248103	0.409701	0.251842	0	0	0	0	0	0	-1.34103e+06	7.1533	0	0        0   19553      0      0.8403    1.13893    0
1.34131	36196	0	203.684	1.32133	0.0114505	0.187125	0.0597015	0.187311	0	0	0	0	0	0	-2.48388e+06	5.38985	0	0        0   36196      0      1.13893    1.54368    0
1.81798	66906	0	205.409	0.981072	-0.0869889	0.138672	-0.161631	0.139288	0	0	0	0	0	0	-4.5922e+06	4.01276	0	0        0   66906      0      1.54368    2.09228    0
2.46406	121454	0	202.295	0.71513	0.0964934	0.101668	-0.0112466	0.101736	0	0	0	0	0	0	-8.33333e+06	2.90867	0	0        0   121454      0      2.09228    2.83584    0
3.33975	221346	0	202.789	0.531244	-0.0495798	0.0754906	-0.00983658	0.0755536	0	0	0	0	0	0	-1.51887e+07	2.16319	0	0        0   221346      0      2.83584    3.84365    0
4.52664	405615	0	203.193	0.393339	-0.0155303	0.0557445	-0.00679302	0.0557318	0	0	0	0	0	0	-2.78248e+07	1.60186	0	0        0   405615      0      3.84365    5.20962    0
6.13533	740873	0	203.248	0.291151	0.0492094	0.0413577	-0.0597598	0.0413285	0	0	0	0	0	0	-5.0819e+07	1.18564	0	0        0   740873      0      5.20962    7.06103    0
8.31572	1359896	0	203.491	0.215217	-0.0332487	0.0305016	0.0540952	0.0305507	0	0	0	0	0	0	-9.32405e+07	0.876676	0	0        0   1.3599e+06      0      7.06103    9.5704    0
11.271	2492928	0	203.622	0.159081	-0.0177696	0.0225593	-0.0602672	0.0225562	0	0	0	0	0	0	-1.7096e+08	0.648256	0	0        0   2.49293e+06      0      9.5704    12.9716    0
15.2765	4552480	0	204.053	0.11801	-0.0195551	0.0167451	0.0311822	0.016726	0	0	0	0	0	0	-3.12231e+08	0.481262	0	0        0   4.55248e+06      0      12.9716    17.5814    0
20.7055	8317715	0	204.139	0.0873525	0.0117884	0.0123855	0.0083731	0.0123834	0	0	0	0	0	0	-5.70458e+08	0.356312	0	0        0   8.31772e+06      0      17.5814    23.8296    0
28.0639	15178638	0	204.562	0.0648253	-0.00349262	0.00918365	-0.00997688	0.00918634	0	0	0	0	0	0	-1.04089e+09	0.264596	0	0        0   1.51786e+07      0      23.8296    32.2982    0
38.0373	27639487	0	204.766	0.0481025	-0.00403519	0.00681509	0.00294077	0.00681574	0	0	0	0	0	0	-1.89551e+09	0.196459	0	0        0   2.76395e+07      0      32.2982    43.7764    0
51.5551	50186914	0	204.992	0.0357521	-0.0139452	0.0050618	0.0144779	0.00506255	0	0	0	0	0	0	-3.44188e+09	0.146129	0	0        0   5.01869e+07      0      43.7764    59.3338    0
69.8769	90966806	0	205.383	0.0266225	3.08333e-05	0.00376752	-0.00360308	0.00376705	0	0	0	0	0	0	-6.23854e+09	0.108932	0	0        0   9.09668e+07      0      59.3338    80.42    0
94.7099	164229324	0	205.877	0.0198784	-0.00442861	0.00281042	-0.00795103	0.00281046	0	0	0	0	0	0	-1.12632e+10	0.0814615	0	0        0   1.64229e+08      0      80.42    109    0
