# 1bin_value	2data_points	3sqrt(data_points)	4W	5W_err	6e+	7e+_err	8eX 9eX_err	10e++ 	11e++_err		12eXX	13eXX_err		14e+X	15e+X_err 	16theta          17theta_err       17num_den	18num_err 19LS_err     20wt_num     21wt_num_err  22r_low   23r_high 24sig_crit
0.117769	603	25.5321	529.642	75.5175	2.93297	6.07323	9.80717	5.69902	0	0	0	0	0	0	-3462.83	433.9	0	25.5321        0   0      0      0.1    0.135538    0
0.159622	828	18.6156	373.864	46.3808	1.69252	3.77167	3.96654	3.50368	0	0	0	0	0	0	-2260.98	256.187	0	18.6156        0   0      0      0.135538    0.183706    0
0.216349	1214	13.9518	280.567	29.4543	1.1138	2.55469	-4.04428	2.52235	0	0	0	0	0	0	-1704.74	159.057	0	13.9518        0   0      0      0.183706    0.248992    0
0.293236	1753	10.2892	184.469	19.5225	4.88888	1.96151	0.811701	1.90274	0	0	0	0	0	0	-1151.88	98.1493	0	10.2892        0   0      0      0.248992    0.33748    0
0.397447	3409	6.54864	223.486	14.7988	4.57404	1.4281	1.40124	1.44446	0	0	0	0	0	0	-1329.86	73.3622	0	6.54864        0   0      0      0.33748    0.457415    0
0.538693	7031	4.27814	277.07	11.1546	2.8322	1.14948	-2.65749	1.152	0	0	0	0	0	0	-1656.38	53.3882	0	4.27814        0   0      0      0.457415    0.619972    0
0.730136	10624	3.18382	193.937	6.92029	0.999598	0.801229	-0.539715	0.797813	0	0	0	0	0	0	-1109.29	29.8598	0	3.18382        0   0      0      0.619972    0.8403    0
0.989614	16712	2.37498	136.631	4.45194	0.168617	0.540697	-0.510135	0.548063	0	0	0	0	0	0	-783.785	17.281	0	2.37498        0   0      0      0.8403    1.13893    0
1.34131	28189	1.75519	106.649	3.14116	0.439357	0.387693	-0.25272	0.38971	0	0	0	0	0	0	-612.141	11.6251	0	1.75519        0   0      0      1.13893    1.54368    0
1.81798	47729	1.30439	84.9453	2.23346	0.602506	0.280608	-0.0325522	0.280856	0	0	0	0	0	0	-461.716	7.90999	0	1.30439        0   0      0      1.54368    2.09228    0
2.46406	82676	0.962959	71.128	1.57324	0.445065	0.199646	0.0203717	0.200824	0	0	0	0	0	0	-369.206	5.30237	0	0.962959        0   0      0      2.09228    2.83584    0
3.33975	142500	0.715565	56.1312	1.13805	0.563308	0.146283	-0.0481291	0.146193	0	0	0	0	0	0	-277.257	3.68909	0	0.715565        0   0      0      2.83584    3.84365    0
4.52664	248018	0.530707	44.5176	0.822739	0.234196	0.106138	0.0931167	0.106469	0	0	0	0	0	0	-198.647	2.59115	0	0.530707        0   0      0      3.84365    5.20962    0
6.13533	435791	0.392935	35.0799	0.598428	0.243798	0.0776927	0.00286176	0.0775864	0	0	0	0	0	0	-140.133	1.84168	0	0.392935        0   0      0      5.20962    7.06103    0
8.31572	769567	0.291106	26.4559	0.436493	0.241056	0.0566773	-0.21323	0.0565928	0	0	0	0	0	0	-86.3862	1.32171	0	0.291106        0   0      0      7.06103    9.5704    0
11.271	1366446	0.215848	19.3767	0.319149	0.129858	0.041394	0.0842335	0.0413859	0	0	0	0	0	0	-41.5858	0.955107	0	0.215848        0   0      0      9.5704    12.9716    0
15.2765	2424254	0.160459	13.3666	0.2344	0.0933346	0.0304251	-0.0618868	0.0304183	0	0	0	0	0	0	-3.03066	0.696832	0	0.160459        0   0      0      12.9716    17.5814    0
20.7055	4338814	0.11915	9.19151	0.172495	0.0913754	0.0223723	0.00945216	0.0223659	0	0	0	0	0	0	23.7756	0.510371	0	0.11915        0   0      0      17.5814    23.8296    0
28.0639	7753808	0.0886664	5.0992	0.12732	0.124196	0.0165015	0.006065	0.0165133	0	0	0	0	0	0	50.1233	0.375556	0	0.0886664        0   0      0      23.8296    32.2982    0
38.0373	13949731	0.0659158	2.69369	0.0941727	0.0703004	0.012206	-0.0130863	0.0121985	0	0	0	0	0	0	65.1237	0.277495	0	0.0659158        0   0      0      32.2982    43.7764    0
51.5551	25122785	0.0490326	1.08427	0.0698452	0.0613201	0.00904047	0.00840989	0.00904558	0	0	0	0	0	0	74.9426	0.205869	0	0.0490326        0   0      0      43.7764    59.3338    0
69.8769	45308257	0.0364778	0.398628	0.051962	0.0359621	0.00672701	-0.00386991	0.00672798	0	0	0	0	0	0	80.3368	0.153371	0	0.0364778        0   0      0      59.3338    80.42    0
94.7099	81539812	0.0271807	0.0499939	0.0387628	0.0344039	0.00501719	0.00936065	0.00501777	0	0	0	0	0	0	83.0253	0.114741	0	0.0271807        0   0      0      80.42    109    0
