# 1bin_value	2data_points	3sqrt(data_points)	4W	5W_err	6e+	7e+_err	8eX 9eX_err	10e++ 	11e++_err		12eXX	13eXX_err		14e+X	15e+X_err 	16theta          17theta_err       17num_den	18num_err 19LS_err     20wt_num     21wt_num_err  22r_low   23r_high 24sig_crit
0.117769	288	0	219.918	16.9837	0	0	0	0	0	0	0	0	0	0	-1338.24	31849.2	0	0        0   323.487      0      0.1    0.135538    0
0.159622	533	0	203.595	11.406	0	0	0	0	0	0	0	0	0	0	-1340.92	59557.6	0	0        0   559.184      0      0.135538    0.183706    0
0.216349	940	0	202.372	8.58713	0	0	0	0	0	0	0	0	0	0	-1282.35	103873	0	0        0   1020.16      0      0.183706    0.248992    0
0.293236	1740	0	208.724	6.49226	0	0	0	0	0	0	0	0	0	0	-1328.16	189337	0	0        0   1872.76      0      0.248992    0.33748    0
0.397447	3138	0	196.393	4.43684	0	0	0	0	0	0	0	0	0	0	-1274.04	344160	0	0        0   3336.61      0      0.33748    0.457415    0
0.538693	5821	0	198.843	3.30791	0	0	0	0	0	0	0	0	0	0	-1277.33	631915	0	0        0   6221.86      0      0.457415    0.619972    0
0.730136	10290	0	195.898	2.44357	0	0	0	0	0	0	0	0	0	0	-1254.59	1.11026e+06	0	0        0   11003.6      0      0.619972    0.8403    0
0.989614	19167	0	201.82	1.85343	0	0	0	0	0	0	0	0	0	0	-1295.5	2.07685e+06	0	0        0   20507.1      0      0.8403    1.13893    0
1.34131	35076	0	199.332	1.34715	0	0	0	0	0	0	0	0	0	0	-1282.63	3.7966e+06	0	0        0   37383.1      0      1.13893    1.54368    0
1.81798	64098	0	200.694	1.00683	0	0	0	0	0	0	0	0	0	0	-1283.49	6.93143e+06	0	0        0   68720.4      0      1.54368    2.09228    0
2.46406	117715	0	200.625	0.74213	0	0	0	0	0	0	0	0	0	0	-1287.17	1.27121e+07	0	0        0   125729      0      2.09228    2.83584    0
3.33975	215200	0	200.758	0.549272	0	0	0	0	0	0	0	0	0	0	-1289.43	2.32684e+07	0	0        0   229744      0      2.83584    3.84365    0
4.52664	390755	0	199.803	0.405492	0	0	0	0	0	0	0	0	0	0	-1283.12	4.22582e+07	0	0        0   417334      0      3.84365    5.20962    0
6.13533	715724	0	200.065	0.299916	0	0	0	0	0	0	0	0	0	0	-1285.19	7.74436e+07	0	0        0   764320      0      5.20962    7.06103    0
8.31572	1313881	0	200.175	0.221451	0	0	0	0	0	0	0	0	0	0	-1285.48	1.42129e+08	0	0        0   1.40343e+06      0      7.06103    9.5704    0
11.271	2409261	0	200.431	0.163817	0	0	0	0	0	0	0	0	0	0	-1287.33	2.60602e+08	0	0        0   2.57301e+06      0      9.5704    12.9716    0
15.2765	4386166	0	200.014	0.121118	0	0	0	0	0	0	0	0	0	0	-1284.76	4.74362e+08	0	0        0   4.68368e+06      0      12.9716    17.5814    0
20.7055	8011044	0	200.057	0.0896404	0	0	0	0	0	0	0	0	0	0	-1285	8.66292e+08	0	0        0   8.55414e+06      0      17.5814    23.8296    0
28.0639	14600050	0	199.985	0.0663644	0	0	0	0	0	0	0	0	0	0	-1284.91	1.5787e+09	0	0        0   1.55847e+07      0      23.8296    32.2982    0
38.0373	26577953	0	199.966	0.049184	0	0	0	0	0	0	0	0	0	0	-1285.38	2.87372e+09	0	0        0   2.83574e+07      0      32.2982    43.7764    0
51.5551	48239409	0	199.949	0.0365074	0	0	0	0	0	0	0	0	0	0	-1285.67	5.21629e+09	0	0        0   5.14531e+07      0      43.7764    59.3338    0
69.8769	87274755	0	199.911	0.0271394	0	0	0	0	0	0	0	0	0	0	-1285.75	9.43855e+09	0	0        0   9.30686e+07      0      59.3338    80.42    0
94.7099	157275546	0	199.828	0.0202104	0	0	0	0	0	0	0	0	0	0	-1285.85	1.70108e+10	0	0        0   1.6763e+08      0      80.42    109    0
