# 1bin_value	2data_points	3sqrt(data_points)	4W	5W_err	6e+	7e+_err	8eX 9eX_err	10e++ 	11e++_err		12eXX	13eXX_err		14e+X	15e+X_err 	16theta          17theta_err       17num_den	18num_err 19LS_err     20wt_num     21wt_num_err  22r_low   23r_high 24sig_crit
0.117769	273	0	194.515	15.1709	-1.83315	2.00344	-3.52745	2.02253	0	0	0	0	0	0	-18510.6	63.0349	0	0        0   273      0      0.1    0.135538    0
0.159622	523	0	186.975	10.0589	0.986304	1.50452	1.0678	1.46812	0	0	0	0	0	0	-35623.4	40.1342	0	0        0   523      0      0.135538    0.183706    0
0.216349	929	0	191.073	7.73442	-0.40536	1.09647	2.15581	1.10532	0	0	0	0	0	0	-63285.6	31.1158	0	0        0   929      0      0.183706    0.248992    0
0.293236	1696	0	198.989	6.02031	0.0948015	0.828729	-0.942834	0.853772	0	0	0	0	0	0	-117044	24.9345	0	0        0   1696      0      0.248992    0.33748    0
0.397447	3230	0	203.193	4.43013	0.553073	0.640842	-1.01595	0.633302	0	0	0	0	0	0	-221096	18.1499	0	0        0   3230      0      0.33748    0.457415    0
0.538693	5896	0	200.696	3.23165	0.257398	0.456457	0.0810454	0.455427	0	0	0	0	0	0	-404028	13.1951	0	0        0   5896      0      0.457415    0.619972    0
0.730136	10907	0	204.892	2.4309	-0.0406247	0.345513	-0.0555909	0.348636	0	0	0	0	0	0	-748432	9.9937	0	0        0   10907      0      0.619972    0.8403    0
0.989614	19403	0	199.47	1.76577	0.263774	0.248771	0.417602	0.252534	0	0	0	0	0	0	-1.33048e+06	7.19218	0	0        0   19403      0      0.8403    1.13893    0
1.34131	35902	0	202.726	1.32376	0.025388	0.187768	0.0594305	0.187954	0	0	0	0	0	0	-2.464e+06	5.4243	0	0        0   35902      0      1.13893    1.54368    0
1.81798	66342	0	204.262	0.982037	-0.0942087	0.139071	-0.187586	0.139693	0	0	0	0	0	0	-4.55362e+06	4.03428	0	0        0   66342      0      1.54368    2.09228    0
2.46406	120456	0	201.315	0.716411	0.0507896	0.102018	-0.0175543	0.102084	0	0	0	0	0	0	-8.26525e+06	2.92762	0	0        0   120456      0      2.09228    2.83584    0
3.33975	219536	0	201.777	0.532047	-0.0516424	0.0757321	-0.0136428	0.0757953	0	0	0	0	0	0	-1.50643e+07	2.17636	0	0        0   219536      0      2.83584    3.84365    0
4.52664	402230	0	202.273	0.394248	-0.0188136	0.0559589	-0.00405401	0.0559461	0	0	0	0	0	0	-2.75919e+07	1.61364	0	0        0   402230      0      3.84365    5.20962    0
6.13533	734464	0	202.295	0.291857	0.0569661	0.0415236	-0.0554983	0.0414943	0	0	0	0	0	0	-5.03786e+07	1.19471	0	0        0   734464      0      5.20962    7.06103    0
8.31572	1348282	0	202.522	0.215691	-0.0372934	0.0306179	0.0497616	0.0306672	0	0	0	0	0	0	-9.24438e+07	0.88303	0	0        0   1.34828e+06      0      7.06103    9.5704    0
11.271	2471281	0	202.646	0.159447	-0.0182826	0.0226479	-0.0638954	0.0226447	0	0	0	0	0	0	-1.69475e+08	0.653091	0	0        0   2.47128e+06      0      9.5704    12.9716    0
15.2765	4511548	0	203.058	0.118305	-0.0201274	0.0168147	0.0319235	0.0167956	0	0	0	0	0	0	-3.09427e+08	0.485047	0	0        0   4.51155e+06      0      12.9716    17.5814    0
20.7055	8240018	0	203.089	0.0875698	0.0122407	0.0124379	0.00466335	0.0124358	0	0	0	0	0	0	-5.65128e+08	0.359169	0	0        0   8.24002e+06      0      17.5814    23.8296    0
28.0639	15031338	0	203.485	0.0649997	-0.00581913	0.00922481	-0.00785404	0.00922751	0	0	0	0	0	0	-1.03079e+09	0.266834	0	0        0   1.50313e+07      0      23.8296    32.2982    0
38.0373	27355971	0	203.633	0.0482414	-0.00376877	0.00684761	0.00126497	0.00684827	0	0	0	0	0	0	-1.87607e+09	0.198226	0	0        0   2.7356e+07      0      32.2982    43.7764    0
51.5551	49641088	0	203.82	0.0358686	-0.0124153	0.00508818	0.0122796	0.00508893	0	0	0	0	0	0	-3.40449e+09	0.147561	0	0        0   4.96411e+07      0      43.7764    59.3338    0
69.8769	89888527	0	204.099	0.0267166	-0.00303267	0.00378888	-0.00158161	0.00378841	0	0	0	0	0	0	-6.16466e+09	0.11009	0	0        0   8.98885e+07      0      59.3338    80.42    0
94.7099	162089493	0	204.456	0.0199549	-0.00941237	0.00282788	-0.00427813	0.00282791	0	0	0	0	0	0	-1.11165e+10	0.0824064	0	0        0   1.62089e+08      0      80.42    109    0
