# 1bin_value	2data_points	3sqrt(data_points)	4W	5W_err	6e+	7e+_err	8eX 9eX_err	10e++ 	11e++_err		12eXX	13eXX_err		14e+X	15e+X_err 	16theta          17theta_err       17num_den	18num_err 19LS_err     20wt_num     21wt_num_err  22r_low   23r_high 24sig_crit
0.117769	586	0	200	0	0	0	0	0	0	0	0	0	0	0	0	0	0	0        0   586      0      0.1    0.135538    0
0.159622	1128	0	200	0	0	0	0	0	0	0	0	0	0	0	0	0	0	0        0   1128      0      0.135538    0.183706    0
0.216349	1960	0	200	0	0	0	0	0	0	0	0	0	0	0	0	0	0	0        0   1960      0      0.183706    0.248992    0
0.293236	3445	0	200	0	0	0	0	0	0	0	0	0	0	0	0	0	0	0        0   3445      0      0.248992    0.33748    0
0.397447	6381	0	200	0	0	0	0	0	0	0	0	0	0	0	0	0	0	0        0   6381      0      0.33748    0.457415    0
0.538693	11834	0	200	0	0	0	0	0	0	0	0	0	0	0	0	0	0	0        0   11834      0      0.457415    0.619972    0
0.730136	21390	0	200	0	0	0	0	0	0	0	0	0	0	0	0	0	0	0        0   21390      0      0.619972    0.8403    0
0.989614	39037	0	200	0	0	0	0	0	0	0	0	0	0	0	0	0	0	0        0   39037      0      0.8403    1.13893    0
1.34131	71145	0	200	0	0	0	0	0	0	0	0	0	0	0	0	0	0	0        0   71145      0      1.13893    1.54368    0
1.81798	130397	0	200	0	0	0	0	0	0	0	0	0	0	0	0	0	0	0        0   130397      0      1.54368    2.09228    0
2.46406	240233	0	200	0	0	0	0	0	0	0	0	0	0	0	0	0	0	0        0   240233      0      2.09228    2.83584    0
3.33975	436578	0	200	0	0	0	0	0	0	0	0	0	0	0	0	0	0	0        0   436578      0      2.83584    3.84365    0
4.52664	798493	0	200	0	0	0	0	0	0	0	0	0	0	0	0	0	0	0        0   798493      0      3.84365    5.20962    0
6.13533	1457763	0	200	0	0	0	0	0	0	0	0	0	0	0	0	0	0	0        0   1.45776e+06      0      5.20962    7.06103    0
8.31572	2672326	0	200	0	0	0	0	0	0	0	0	0	0	0	0	0	0	0        0   2.67233e+06      0      7.06103    9.5704    0
11.271	4897141	0	200	0	0	0	0	0	0	0	0	0	0	0	0	0	0	0        0   4.89714e+06      0      9.5704    12.9716    0
15.2765	8921223	0	200	0	0	0	0	0	0	0	0	0	0	0	0	0	0	0        0   8.92122e+06      0      12.9716    17.5814    0
20.7055	16291796	0	200	0	0	0	0	0	0	0	0	0	0	0	0	0	0	0        0   1.62918e+07      0      17.5814    23.8296    0
28.0639	29666533	0	200	0	0	0	0	0	0	0	0	0	0	0	0	0	0	0        0   2.96665e+07      0      23.8296    32.2982    0
38.0373	53959920	0	200	0	0	0	0	0	0	0	0	0	0	0	0	0	0	0        0   5.39599e+07      0      32.2982    43.7764    0
51.5551	97860507	0	200	0	0	0	0	0	0	0	0	0	0	0	0	0	0	0        0   9.78605e+07      0      43.7764    59.3338    0
69.8769	177032180	0	200	0	0	0	0	0	0	0	0	0	0	0	0	0	0	0        0   1.77032e+08      0      59.3338    80.42    0
94.7099	318956888	0	200	0	0	0	0	0	0	0	0	0	0	0	0	0	0	0        0   3.18957e+08      0      80.42    109    0
