# 1bin_value	2data_points	3sqrt(data_points)	4W	5W_err	6e+	7e+_err	8eX 9eX_err	10e++ 	11e++_err		12eXX	13eXX_err		14e+X	15e+X_err 	16theta          17theta_err       17num_den	18num_err 19LS_err     20wt_num     21wt_num_err  22r_low   23r_high 24sig_crit
0.117769	275	0	228.747	18.0314	3.12857	2.64881	0.0757577	2.34102	0	0	0	0	0	0	-18994.3	79.1935	0	0        0   275      0      0.1    0.135538    0
0.159622	490	0	197.524	11.0812	0.130388	1.52077	0.532414	1.50068	0	0	0	0	0	0	-33949	45.8142	0	0        0   490      0      0.135538    0.183706    0
0.216349	896	0	208.093	8.74201	-0.0826451	1.1791	-0.0409011	1.19132	0	0	0	0	0	0	-61370.6	36.4161	0	0        0   896      0      0.183706    0.248992    0
0.293236	1681	0	202.11	6.10682	0.190116	0.874419	-0.043091	0.864796	0	0	0	0	0	0	-115363	24.9901	0	0        0   1681      0      0.248992    0.33748    0
0.397447	3005	0	196.939	4.4336	-0.994654	0.628128	0.72268	0.621679	0	0	0	0	0	0	-207266	18.114	0	0        0   3005      0      0.33748    0.457415    0
0.538693	5526	0	207.15	3.46003	0.663961	0.48777	0.0369602	0.491638	0	0	0	0	0	0	-378253	14.2074	0	0        0   5526      0      0.457415    0.619972    0
0.730136	9946	0	200.018	2.47432	0.313646	0.352233	-0.188674	0.346221	0	0	0	0	0	0	-681515	10.0672	0	0        0   9946      0      0.619972    0.8403    0
0.989614	18543	0	202.258	1.83489	0.37442	0.257433	-0.204927	0.259431	0	0	0	0	0	0	-1.27111e+06	7.49345	0	0        0   18543      0      0.8403    1.13893    0
1.34131	33578	0	200.922	1.35252	-0.104994	0.190384	-0.0750433	0.189851	0	0	0	0	0	0	-2.30219e+06	5.51268	0	0        0   33578      0      1.13893    1.54368    0
1.81798	61654	0	201.437	1.001	0.133201	0.140968	-0.0495719	0.141698	0	0	0	0	0	0	-4.22588e+06	4.08067	0	0        0   61654      0      1.54368    2.09228    0
2.46406	112702	0	200.621	0.736828	-0.136787	0.103844	0.0536542	0.104168	0	0	0	0	0	0	-7.73796e+06	3.00361	0	0        0   112702      0      2.09228    2.83584    0
3.33975	206789	0	202.603	0.550377	-0.0267214	0.0771571	-0.0489282	0.0772194	0	0	0	0	0	0	-1.41832e+07	2.24832	0	0        0   206789      0      2.83584    3.84365    0
4.52664	377990	0	202.579	0.407004	-0.0536914	0.0573131	-0.0745609	0.05732	0	0	0	0	0	0	-2.59204e+07	1.66267	0	0        0   377990      0      3.84365    5.20962    0
6.13533	689534	0	202.18	0.300622	-0.0034307	0.042278	0.0146405	0.0422111	0	0	0	0	0	0	-4.72771e+07	1.22691	0	0        0   689534      0      5.20962    7.06103    0
8.31572	1265524	0	202.202	0.221921	0.0028975	0.0312267	-0.00931647	0.0311893	0	0	0	0	0	0	-8.67827e+07	0.905887	0	0        0   1.26552e+06      0      7.06103    9.5704    0
11.271	2323165	0	202.569	0.164124	0.0479152	0.0230613	5.41884e-06	0.0230732	0	0	0	0	0	0	-1.59309e+08	0.67029	0	0        0   2.32316e+06      0      9.5704    12.9716    0
15.2765	4237781	0	202.687	0.121617	0.0103588	0.0170997	0.0166651	0.0170767	0	0	0	0	0	0	-2.90644e+08	0.496893	0	0        0   4.23778e+06      0      12.9716    17.5814    0
20.7055	7734589	0	202.658	0.0900097	0.00713301	0.012648	-0.0137332	0.0126474	0	0	0	0	0	0	-5.3047e+08	0.367769	0	0        0   7.73459e+06      0      17.5814    23.8296    0
28.0639	14110714	0	203.037	0.0667884	0.0195219	0.00938373	-0.0026344	0.00937888	0	0	0	0	0	0	-9.67822e+08	0.273081	0	0        0   1.41107e+07      0      23.8296    32.2982    0
38.0373	25708557	0	203.382	0.0495829	0.0056954	0.00696139	-0.021113	0.00696201	0	0	0	0	0	0	-1.76343e+09	0.202881	0	0        0   2.57086e+07      0      32.2982    43.7764    0
51.5551	46670433	0	203.419	0.0368134	0.00667349	0.00516895	-0.00383367	0.00516895	0	0	0	0	0	0	-3.201e+09	0.150659	0	0        0   4.66704e+07      0      43.7764    59.3338    0
69.8769	84394209	0	203.299	0.0273611	0.00212029	0.0038417	-0.0184752	0.00384189	0	0	0	0	0	0	-5.78894e+09	0.111993	0	0        0   8.43942e+07      0      59.3338    80.42    0
94.7099	152188520	0	203.392	0.0203894	0.0112443	0.00286156	-0.0119552	0.00286194	0	0	0	0	0	0	-1.04389e+10	0.0834839	0	0        0   1.52189e+08      0      80.42    109    0
