# 1bin_value	2data_points	3sqrt(data_points)	4W	5W_err	6e+	7e+_err	8eX 9eX_err	10e++ 	11e++_err		12eXX	13eXX_err		14e+X	15e+X_err 	16theta          17theta_err       17num_den	18num_err 19LS_err     20wt_num     21wt_num_err  22r_low   23r_high 24sig_crit
0.117769	611	0	801.108	37.984	18.6525	6.07908	1.97205	5.38298	0	0	0	0	0	0	-42187.8	118.574	0	0        0   644.147      0      0.1    0.135538    0
0.159622	827	0	609.466	23.9981	2.72925	3.34674	0.0672508	3.4291	0	0	0	0	0	0	-56765.8	65.4089	0	0        0   880.007      0      0.135538    0.183706    0
0.216349	1259	0	496.269	15.4873	2.87053	2.1506	-0.380686	2.34192	0	0	0	0	0	0	-86103.6	35.7908	0	0        0   1343.12      0      0.183706    0.248992    0
0.293236	1943	0	417.159	10.2891	6.36388	1.60191	-3.14178	1.6031	0	0	0	0	0	0	-133257	22.8372	0	0        0   2036.11      0      0.248992    0.33748    0
0.397447	3609	0	427.673	7.75424	3.97392	1.22691	2.50532	1.20764	0	0	0	0	0	0	-247042	15.7317	0	0        0   3846.27      0      0.33748    0.457415    0
0.538693	7339	0	487.575	6.18967	3.0965	0.987177	1.37611	0.983001	0	0	0	0	0	0	-504212	11.8666	0	0        0   7892.97      0      0.457415    0.619972    0
0.730136	10840	0	399.028	4.1648	3.16981	0.667309	-0.420524	0.670496	0	0	0	0	0	0	-742815	6.84107	0	0        0   11748.3      0      0.619972    0.8403    0
0.989614	17227	0	345.097	2.81028	0.984677	0.454848	0.787851	0.458064	0	0	0	0	0	0	-1.18117e+06	4.30075	0	0        0   18506.2      0      0.8403    1.13893    0
1.34131	28646	0	312.547	1.96798	0.823839	0.32531	0.0584538	0.326556	0	0	0	0	0	0	-1.96483e+06	2.87326	0	0        0   30605.7      0      1.13893    1.54368    0
1.81798	48490	0	289.095	1.39314	0.857139	0.227361	0.0332109	0.228536	0	0	0	0	0	0	-3.3258e+06	1.95673	0	0        0   51616.5      0      1.54368    2.09228    0
2.46406	83971	0	273.963	1.00161	0.482195	0.165425	0.205957	0.16408	0	0	0	0	0	0	-5.75491e+06	1.35629	0	0        0   89440.8      0      2.09228    2.83584    0
3.33975	145853	0	260.222	0.719994	0.498885	0.117866	0.263489	0.118494	0	0	0	0	0	0	-1.0003e+07	0.947141	0	0        0   155038      0      2.83584    3.84365    0
4.52664	252751	0	248.063	0.521442	0.432702	0.0860841	-0.0607019	0.0858834	0	0	0	0	0	0	-1.73332e+07	0.671443	0	0        0   269041      0      3.84365    5.20962    0
6.13533	444987	0	239.326	0.378759	0.198489	0.0622906	-0.141538	0.0625797	0	0	0	0	0	0	-3.05228e+07	0.478977	0	0        0   473419      0      5.20962    7.06103    0
8.31572	784282	0	230.319	0.274559	0.31883	0.0452071	-0.0361152	0.0453032	0	0	0	0	0	0	-5.37981e+07	0.344904	0	0        0   833789      0      7.06103    9.5704    0
11.271	1392468	0	223.336	0.199634	0.244206	0.0331048	0.00264861	0.0329694	0	0	0	0	0	0	-9.55201e+07	0.249875	0	0        0   1.47856e+06      0      9.5704    12.9716    0
15.2765	2462581	0	216.975	0.145814	0.197394	0.0241156	0.0195854	0.0241511	0	0	0	0	0	0	-1.68917e+08	0.182432	0	0        0   2.61565e+06      0      12.9716    17.5814    0
20.7055	4407365	0	212.874	0.106906	0.139906	0.0177044	0.00399422	0.0176886	0	0	0	0	0	0	-3.02319e+08	0.134083	0	0        0   4.67995e+06      0      17.5814    23.8296    0
28.0639	7887716	0	209.369	0.0785928	0.0990771	0.0129972	-0.000304857	0.0129944	0	0	0	0	0	0	-5.41021e+08	0.0986632	0	0        0   8.37575e+06      0      23.8296    32.2982    0
38.0373	14175788	0	207.027	0.0579966	0.0712067	0.00959602	-0.0363482	0.00959105	0	0	0	0	0	0	-9.72299e+08	0.0732241	0	0        0   1.5051e+07      0      32.2982    43.7764    0
51.5551	25516160	0	205.552	0.0429275	0.0508477	0.00710265	-0.0214778	0.00709958	0	0	0	0	0	0	-1.75027e+09	0.054555	0	0        0   2.7093e+07      0      43.7764    59.3338    0
69.8769	46033405	0	205.182	0.0319301	0.0379051	0.0052763	-0.0207317	0.00527938	0	0	0	0	0	0	-3.15771e+09	0.0410632	0	0        0   4.89012e+07      0      59.3338    80.42    0
94.7099	82841398	0	204.93	0.0237882	0.0266649	0.00393155	-0.0147871	0.0039322	0	0	0	0	0	0	-5.68299e+09	0.0311144	0	0        0   8.79702e+07      0      80.42    109    0
