# 1bin_value	2data_points	3sqrt(data_points)	4W	5W_err	6e+	7e+_err	8eX 9eX_err	10e++ 	11e++_err		12eXX	13eXX_err		14e+X	15e+X_err 	16theta          17theta_err       17num_den	18num_err 19LS_err     20wt_num     21wt_num_err  22r_low   23r_high 24sig_crit
0.117769	1477	0	200.054	5.67947	0	0	0	0	0	0	0	0	0	0	-1297.91	161247	0	0        0   1567.9      0      0.1    0.135538    0
0.159622	2667	0	201.78	4.30003	0	0	0	0	0	0	0	0	0	0	-1289.55	292174	0	0        0   2869.8      0      0.135538    0.183706    0
0.216349	4824	0	197.991	3.12338	0	0	0	0	0	0	0	0	0	0	-1271.3	524059	0	0        0   5154.55      0      0.183706    0.248992    0
0.293236	8862	0	198.165	2.29734	0	0	0	0	0	0	0	0	0	0	-1274.68	962014	0	0        0   9460.18      0      0.248992    0.33748    0
0.397447	16384	0	200.377	1.71994	0	0	0	0	0	0	0	0	0	0	-1284.91	1.77918e+06	0	0        0   17537      0      0.33748    0.457415    0
0.538693	29885	0	201.262	1.27638	0	0	0	0	0	0	0	0	0	0	-1291.59	3.23881e+06	0	0        0   31946.5      0      0.457415    0.619972    0
0.730136	55086	0	202.868	0.946466	0	0	0	0	0	0	0	0	0	0	-1301	5.94656e+06	0	0        0   58831.9      0      0.619972    0.8403    0
0.989614	98537	0	198.561	0.693491	0	0	0	0	0	0	0	0	0	0	-1272.66	1.06769e+07	0	0        0   105443      0      0.8403    1.13893    0
1.34131	181186	0	199.093	0.512576	0	0	0	0	0	0	0	0	0	0	-1277.02	1.96146e+07	0	0        0   193700      0      1.13893    1.54368    0
1.81798	332745	0	200.312	0.380947	0	0	0	0	0	0	0	0	0	0	-1283.69	3.60405e+07	0	0        0   356091      0      1.54368    2.09228    0
2.46406	608904	0	200.074	0.281143	0	0	0	0	0	0	0	0	0	0	-1283.73	6.59908e+07	0	0        0   650988      0      2.09228    2.83584    0
3.33975	1111566	0	199.958	0.208061	0	0	0	0	0	0	0	0	0	0	-1281.88	1.20396e+08	0	0        0   1.18899e+06      0      2.83584    3.84365    0
4.52664	2033214	0	200.332	0.154046	0	0	0	0	0	0	0	0	0	0	-1285.26	2.20363e+08	0	0        0   2.17393e+06      0      3.84365    5.20962    0
6.13533	3712060	0	200.055	0.113882	0	0	0	0	0	0	0	0	0	0	-1283.53	4.02442e+08	0	0        0   3.96878e+06      0      5.20962    7.06103    0
8.31572	6810248	0	200.244	0.0841499	0	0	0	0	0	0	0	0	0	0	-1285.07	7.38221e+08	0	0        0   7.27882e+06      0      7.06103    9.5704    0
11.271	12463056	0	200.091	0.0621623	0	0	0	0	0	0	0	0	0	0	-1283.88	1.35079e+09	0	0        0   1.33211e+07      0      9.5704    12.9716    0
15.2765	22726769	0	200.122	0.0460479	0	0	0	0	0	0	0	0	0	0	-1284.31	2.4642e+09	0	0        0   2.42893e+07      0      12.9716    17.5814    0
20.7055	41486667	0	200.122	0.0340893	0	0	0	0	0	0	0	0	0	0	-1284.45	4.50017e+09	0	0        0   4.43349e+07      0      17.5814    23.8296    0
28.0639	75550652	0	200.045	0.0252557	0	0	0	0	0	0	0	0	0	0	-1284.24	8.19827e+09	0	0        0   8.07158e+07      0      23.8296    32.2982    0
38.0373	137378525	0	200.036	0.018734	0	0	0	0	0	0	0	0	0	0	-1284.66	1.49178e+10	0	0        0   1.46721e+08      0      32.2982    43.7764    0
51.5551	249115402	0	199.996	0.0139153	0	0	0	0	0	0	0	0	0	0	-1284.77	2.70754e+10	0	0        0   2.65975e+08      0      43.7764    59.3338    0
69.8769	450413688	0	199.954	0.0103534	0	0	0	0	0	0	0	0	0	0	-1284.88	4.90158e+10	0	0        0   4.80758e+08      0      59.3338    80.42    0
94.7099	810813535	0	199.858	0.00771898	0	0	0	0	0	0	0	0	0	0	-1284.83	8.83821e+10	0	0        0   8.65062e+08      0      80.42    109    0
