# 1bin_value	2data_points	3sqrt(data_points)	4W	5W_err	6e+	7e+_err	8eX 9eX_err	10e++ 	11e++_err		12eXX	13eXX_err		14e+X	15e+X_err 	16theta          17theta_err       17num_den	18num_err 19LS_err     20wt_num     21wt_num_err  22r_low   23r_high 24sig_crit
0.117769	688	inf	772.735	125.106	14.2519	7.53445	-3.83967	7.00434	0	0	0	0	0	0	-5217.6	756.341	0	inf        0   0      0      0.1    0.135538    0
0.159622	901	19.4861	500.36	62.5829	10.2449	4.45187	0.415489	4.08087	0	0	0	0	0	0	-3168.09	368.207	0	19.4861        0   0      0      0.135538    0.183706    0
0.216349	1320	14.3962	342.961	35.0721	9.92863	3.12198	-2.88924	2.89354	0	0	0	0	0	0	-2152.91	186.897	0	14.3962        0   0      0      0.183706    0.248992    0
0.293236	1815	10.4554	225.765	21.0931	5.85933	1.95286	-0.47551	1.93381	0	0	0	0	0	0	-1347.09	109.415	0	10.4554        0   0      0      0.248992    0.33748    0
0.397447	3532	6.7661	247.436	14.9551	5.76902	1.48158	-1.35719	1.4368	0	0	0	0	0	0	-1418.24	73.5319	0	6.7661        0   0      0      0.33748    0.457415    0
0.538693	7244	4.37954	324.224	12.7832	4.82033	1.22612	-1.5766	1.26205	0	0	0	0	0	0	-1986.59	62.9545	0	4.37954        0   0      0      0.457415    0.619972    0
0.730136	10430	3.32124	212.666	7.3768	1.99001	0.80658	0.621955	0.813862	0	0	0	0	0	0	-1237.86	32.4881	0	3.32124        0   0      0      0.619972    0.8403    0
0.989614	16384	2.44632	147.596	4.74842	0.31753	0.557663	0.19916	0.558095	0	0	0	0	0	0	-844.48	19.1571	0	2.44632        0   0      0      0.8403    1.13893    0
1.34131	27300	1.81015	119.879	3.2939	1.17455	0.40158	0.572865	0.400863	0	0	0	0	0	0	-674.818	12.4312	0	1.81015        0   0      0      1.13893    1.54368    0
1.81798	46101	1.34305	93.6455	2.30209	0.824278	0.284318	0.152995	0.283372	0	0	0	0	0	0	-510.584	8.2153	0	1.34305        0   0      0      1.54368    2.09228    0
2.46406	78964	0.994483	76.3439	1.63343	0.859842	0.205042	-0.152693	0.206311	0	0	0	0	0	0	-391.4	5.51722	0	0.994483        0   0      0      2.09228    2.83584    0
3.33975	136964	0.73529	60.5983	1.18048	0.731898	0.14985	0.137834	0.149397	0	0	0	0	0	0	-301.813	3.84497	0	0.73529        0   0      0      2.83584    3.84365    0
4.52664	237453	0.545477	47.852	0.853536	0.551799	0.108974	0.103107	0.109125	0	0	0	0	0	0	-217.976	2.68779	0	0.545477        0   0      0      3.84365    5.20962    0
6.13533	415646	0.404206	38.2495	0.619768	0.343519	0.0794169	0.0251332	0.0793658	0	0	0	0	0	0	-157.479	1.90064	0	0.404206        0   0      0      5.20962    7.06103    0
8.31572	732684	0.299307	28.8935	0.450349	0.307996	0.0579511	0.0916328	0.0578565	0	0	0	0	0	0	-98.8472	1.35426	0	0.299307        0   0      0      7.06103    9.5704    0
11.271	1296002	0.221978	20.9015	0.328699	0.172699	0.04224	0.0265356	0.0422674	0	0	0	0	0	0	-47.0753	0.976032	0	0.221978        0   0      0      9.5704    12.9716    0
15.2765	2294751	0.165104	14.634	0.24139	0.175615	0.0310055	-0.00764264	0.0309971	0	0	0	0	0	0	-6.23848	0.710262	0	0.165104        0   0      0      12.9716    17.5814    0
20.7055	4095976	0.122696	9.67376	0.177596	0.154589	0.0227932	0.0264978	0.0227986	0	0	0	0	0	0	22.6849	0.519353	0	0.122696        0   0      0      17.5814    23.8296    0
28.0639	7331542	0.0912422	5.90998	0.131034	0.14828	0.0168104	0.0387636	0.0167974	0	0	0	0	0	0	47.5259	0.382164	0	0.0912422        0   0      0      23.8296    32.2982    0
38.0373	13153365	0.067876	2.90913	0.0968568	0.100418	0.0123982	0.0492681	0.0124082	0	0	0	0	0	0	67.1565	0.282167	0	0.067876        0   0      0      32.2982    43.7764    0
51.5551	23669841	0.0504993	1.27711	0.0717827	0.0534131	0.00918916	-0.00224646	0.00919091	0	0	0	0	0	0	77.8284	0.208972	0	0.0504993        0   0      0      43.7764    59.3338    0
69.8769	42664970	0.0375888	0.65641	0.0533652	0.0330331	0.00683038	0.00382356	0.0068326	0	0	0	0	0	0	81.3385	0.155355	0	0.0375888        0   0      0      59.3338    80.42    0
94.7099	76701281	0.0280214	0.233886	0.0397596	0.0165399	0.00508805	-0.0187639	0.00508797	0	0	0	0	0	0	84.3024	0.115945	0	0.0280214        0   0      0      80.42    109    0
