# 1bin_value	2data_points	3sqrt(data_points)	4W	5W_err	6e+	7e+_err	8eX 9eX_err	10e++ 	11e++_err		12eXX	13eXX_err		14e+X	15e+X_err 	16theta          17theta_err       17num_den	18num_err 19LS_err     20wt_num     21wt_num_err  22r_low   23r_high 24sig_crit
0.117769	1420	0	195.391	5.45621	-0.383977	0.851402	-1.18632	0.874119	0	0	0	0	0	0	-96944.5	12.4129	0	0        0   1420      0      0.1    0.135538    0
0.159622	2740	0	206.493	4.17746	0.729424	0.659629	-0.0220385	0.65105	0	0	0	0	0	0	-187761	9.98378	0	0        0   2740      0      0.135538    0.183706    0
0.216349	4969	0	206.935	3.11225	0.23136	0.488576	-0.210515	0.489654	0	0	0	0	0	0	-340548	7.49264	0	0        0   4969      0      0.183706    0.248992    0
0.293236	9017	0	203.854	2.27267	0.367979	0.357602	-0.685183	0.358014	0	0	0	0	0	0	-618541	5.43344	0	0        0   9017      0      0.248992    0.33748    0
0.397447	16133	0	199.411	1.65934	-0.100148	0.26358	-0.0629529	0.263012	0	0	0	0	0	0	-1.10537e+06	3.92832	0	0        0   16133      0      0.33748    0.457415    0
0.538693	29862	0	203.738	1.24604	0.212623	0.198658	-0.451686	0.197187	0	0	0	0	0	0	-2.04678e+06	2.94049	0	0        0   29862      0      0.457415    0.619972    0
0.730136	54618	0	204.025	0.922932	-0.161017	0.146245	-0.0168451	0.146339	0	0	0	0	0	0	-3.7474e+06	2.18982	0	0        0   54618      0      0.619972    0.8403    0
0.989614	98894	0	201.272	0.676235	-0.105391	0.107105	-0.103494	0.107247	0	0	0	0	0	0	-6.7792e+06	1.59543	0	0        0   98894      0      0.8403    1.13893    0
1.34131	181967	0	202.423	0.501417	-0.0205368	0.0794924	-0.0576196	0.0795063	0	0	0	0	0	0	-1.24808e+07	1.18433	0	0        0   181967      0      1.13893    1.54368    0
1.81798	332428	0	202.11	0.370514	0.00897953	0.0587025	0.0585042	0.0587074	0	0	0	0	0	0	-2.2792e+07	0.876752	0	0        0   332428      0      1.54368    2.09228    0
2.46406	607804	0	201.803	0.273546	0.0451924	0.0433414	0.000532172	0.0433083	0	0	0	0	0	0	-4.16776e+07	0.646327	0	0        0   607804      0      2.09228    2.83584    0
3.33975	1114153	0	202.455	0.202725	0.00298234	0.0321065	-0.0193967	0.0321253	0	0	0	0	0	0	-7.64293e+07	0.47982	0	0        0   1.11415e+06      0      2.83584    3.84365    0
4.52664	2038398	0	202.975	0.150297	0.0182913	0.0238268	-0.017943	0.0238069	0	0	0	0	0	0	-1.3979e+08	0.356255	0	0        0   2.0384e+06      0      3.84365    5.20962    0
6.13533	3724328	0	202.933	0.111174	-0.00326452	0.0176053	-0.00644918	0.0176032	0	0	0	0	0	0	-2.55413e+08	0.263612	0	0        0   3.72433e+06      0      5.20962    7.06103    0
8.31572	6836243	0	203.255	0.0822036	0.00902993	0.0130235	0.0106953	0.0130168	0	0	0	0	0	0	-4.68857e+08	0.195196	0	0        0   6.83624e+06      0      7.06103    9.5704    0
11.271	12528189	0	203.404	0.060776	-0.0102299	0.00962623	-0.0114361	0.00962493	0	0	0	0	0	0	-8.59205e+08	0.144483	0	0        0   1.25282e+07      0      9.5704    12.9716    0
15.2765	22877773	0	203.726	0.0450558	0.00238142	0.00713328	-0.00923446	0.00713308	0	0	0	0	0	0	-1.56904e+09	0.107277	0	0        0   2.28778e+07      0      12.9716    17.5814    0
20.7055	41790747	0	203.876	0.0333693	0.00456411	0.00528317	-0.0110691	0.00528297	0	0	0	0	0	0	-2.86621e+09	0.0796025	0	0        0   4.17907e+07      0      17.5814    23.8296    0
28.0639	76172297	0	204.072	0.0247497	0.00341235	0.00391766	-0.0150599	0.00391804	0	0	0	0	0	0	-5.22439e+09	0.0592028	0	0        0   7.61723e+07      0      23.8296    32.2982    0
38.0373	138737896	0	204.457	0.0183824	0.0130946	0.00290971	-0.015897	0.00290933	0	0	0	0	0	0	-9.51511e+09	0.0441222	0	0        0   1.38738e+08      0      32.2982    43.7764    0
51.5551	251866174	0	204.696	0.0136678	-0.00193355	0.00216267	-0.0132124	0.00216214	0	0	0	0	0	0	-1.72736e+10	0.0329529	0	0        0   2.51866e+08      0      43.7764    59.3338    0
69.8769	455715894	0	204.875	0.0101778	0.0093834	0.00160966	-0.0209632	0.00160991	0	0	0	0	0	0	-3.12558e+10	0.0246739	0	0        0   4.55716e+08      0      59.3338    80.42    0
94.7099	821418100	0	205.148	0.0075991	0.0119949	0.00120165	-0.0240129	0.00120162	0	0	0	0	0	0	-5.63382e+10	0.0185587	0	0        0   8.21418e+08      0      80.42    109    0
