# 1bin_value	2data_points	3sqrt(data_points)	4W	5W_err	6e+	7e+_err	8eX 9eX_err	10e++ 	11e++_err		12eXX	13eXX_err		14e+X	15e+X_err 	16theta          17theta_err       17num_den	18num_err 19LS_err     20wt_num     21wt_num_err  22r_low   23r_high 24sig_crit
0.117769	603	0	735.583	72.508	0.650124	5.8076	6.81349	5.4012	0	0	0	0	0	0	-41619.6	429.925	0	0        0   633.516      0      0.1    0.135538    0
0.159622	827	0	538.658	42.1323	2.91683	3.38974	5.55775	3.12055	0	0	0	0	0	0	-56409.3	240.357	0	0        0   875.775      0      0.135538    0.183706    0
0.216349	1231	0	463.982	27.4369	0.890638	2.2981	-2.12635	2.25443	0	0	0	0	0	0	-84285.3	156.786	0	0        0   1287.93      0      0.183706    0.248992    0
0.293236	1757	0	389.764	17.2487	4.81861	1.76715	-0.574603	1.68459	0	0	0	0	0	0	-120791	93.4846	0	0        0   1867.13      0      0.248992    0.33748    0
0.397447	3419	0	426.658	13.3005	4.89124	1.27147	0.218461	1.29378	0	0	0	0	0	0	-234448	70.4491	0	0        0   3671.21      0      0.33748    0.457415    0
0.538693	7034	0	476.97	10.0637	2.78524	1.05163	-2.5748	1.05507	0	0	0	0	0	0	-483701	51.1203	0	0        0   7632.7      0      0.457415    0.619972    0
0.730136	10630	0	396.815	6.02598	0.998523	0.724054	-0.559844	0.718918	0	0	0	0	0	0	-728000	28.3105	0	0        0   11485.7      0      0.619972    0.8403    0
0.989614	16774	0	336.847	3.65539	0.52352	0.479504	-0.0570979	0.485792	0	0	0	0	0	0	-1.14962e+06	15.6759	0	0        0   17977.9      0      0.8403    1.13893    0
1.34131	28310	0	312.594	2.50914	0.344698	0.339323	-0.29083	0.341511	0	0	0	0	0	0	-1.94056e+06	10.3081	0	0        0   30197.6      0      1.13893    1.54368    0
1.81798	47839	0	290.255	1.74008	0.53294	0.243723	-0.12651	0.243663	0	0	0	0	0	0	-3.28088e+06	6.79412	0	0        0   51048.4      0      1.54368    2.09228    0
2.46406	82879	0	272.359	1.19818	0.529717	0.171908	0.0218235	0.173236	0	0	0	0	0	0	-5.6794e+06	4.43602	0	0        0   88131.5      0      2.09228    2.83584    0
3.33975	142924	0	258.859	0.848185	0.507169	0.125288	-0.0982305	0.12514	0	0	0	0	0	0	-9.79612e+06	2.98608	0	0        0   152165      0      2.83584    3.84365    0
4.52664	248753	0	246.858	0.602006	0.181061	0.0903019	0.111986	0.0906987	0	0	0	0	0	0	-1.70615e+07	2.03144	0	0        0   264842      0      3.84365    5.20962    0
6.13533	437088	0	237.5	0.430829	0.279584	0.0657528	-0.0635021	0.0656455	0	0	0	0	0	0	-2.99709e+07	1.40428	0	0        0   464750      0      5.20962    7.06103    0
8.31572	772365	0	229.43	0.310371	0.215618	0.0477478	-0.162047	0.0476158	0	0	0	0	0	0	-5.29838e+07	0.984124	0	0        0   821382      0      7.06103    9.5704    0
11.271	1370874	0	222.447	0.224344	0.1157	0.0346868	0.0327071	0.0346791	0	0	0	0	0	0	-9.40237e+07	0.697196	0	0        0   1.45715e+06      0      9.5704    12.9716    0
15.2765	2430723	0	216.552	0.163209	0.0852471	0.0253844	-0.0349974	0.025389	0	0	0	0	0	0	-1.66727e+08	0.500717	0	0        0   2.58139e+06      0      12.9716    17.5814    0
20.7055	4351227	0	212.476	0.11937	0.109401	0.0186195	0.00666639	0.0186132	0	0	0	0	0	0	-2.98422e+08	0.362909	0	0        0   4.61965e+06      0      17.5814    23.8296    0
28.0639	7775634	0	208.806	0.087634	0.127832	0.0137009	-0.00610174	0.0137134	0	0	0	0	0	0	-5.33335e+08	0.264587	0	0        0   8.25894e+06      0      23.8296    32.2982    0
38.0373	13985733	0	206.622	0.0646005	0.0740798	0.0101201	-0.012483	0.0101106	0	0	0	0	0	0	-9.59321e+08	0.194534	0	0        0   1.48537e+07      0      32.2982    43.7764    0
51.5551	25183668	0	205.264	0.0478081	0.0485053	0.00748591	0.0218754	0.00749159	0	0	0	0	0	0	-1.72739e+09	0.143925	0	0        0   2.67428e+07      0      43.7764    59.3338    0
69.8769	45407982	0	204.8	0.0355493	0.0313346	0.00556902	-0.00491041	0.00557052	0	0	0	0	0	0	-3.11455e+09	0.107113	0	0        0   4.82331e+07      0      59.3338    80.42    0
94.7099	81699942	0	204.693	0.0265116	0.0293453	0.00415269	0.00771604	0.00415336	0	0	0	0	0	0	-5.60421e+09	0.080135	0	0        0   8.67658e+07      0      80.42    109    0
