# 1bin_value	2data_points	3sqrt(data_points)	4W	5W_err	6e+	7e+_err	8eX 9eX_err	10e++ 	11e++_err		12eXX	13eXX_err		14e+X	15e+X_err 	16theta          17theta_err       17num_den	18num_err 19LS_err     20wt_num     21wt_num_err  22r_low   23r_high 24sig_crit
0.117769	293	0	212.426	16.8119	0	0	0	0	0	0	0	0	0	0	-1351.79	32585.7	0	0        0   315.728      0      0.1    0.135538    0
0.159622	528	0	187.888	10.4104	0	0	0	0	0	0	0	0	0	0	-1214.67	59086.1	0	0        0   561.914      0      0.135538    0.183706    0
0.216349	919	0	186.828	7.738	0	0	0	0	0	0	0	0	0	0	-1213.4	100009	0	0        0   968.829      0      0.183706    0.248992    0
0.293236	1773	0	206.205	6.27775	0	0	0	0	0	0	0	0	0	0	-1331.13	192941	0	0        0   1887.33      0      0.248992    0.33748    0
0.397447	3209	0	200.211	4.45307	0	0	0	0	0	0	0	0	0	0	-1295.43	347223	0	0        0   3407.76      0      0.33748    0.457415    0
0.538693	5922	0	200.068	3.29029	0	0	0	0	0	0	0	0	0	0	-1286.73	638815	0	0        0   6306.96      0      0.457415    0.619972    0
0.730136	10556	0	198.177	2.44539	0	0	0	0	0	0	0	0	0	0	-1268.33	1.14022e+06	0	0        0   11311.5      0      0.619972    0.8403    0
0.989614	19495	0	200.16	1.81466	0	0	0	0	0	0	0	0	0	0	-1282.35	2.10771e+06	0	0        0   20874.1      0      0.8403    1.13893    0
1.34131	35911	0	202.272	1.35759	0	0	0	0	0	0	0	0	0	0	-1295.21	3.87456e+06	0	0        0   38445.3      0      1.13893    1.54368    0
1.81798	65363	0	200.687	0.995446	0	0	0	0	0	0	0	0	0	0	-1286.26	7.06002e+06	0	0        0   69978.3      0      1.54368    2.09228    0
2.46406	119403	0	199.029	0.729017	0	0	0	0	0	0	0	0	0	0	-1273.9	1.28868e+07	0	0        0   127922      0      2.09228    2.83584    0
3.33975	218500	0	200.318	0.542642	0	0	0	0	0	0	0	0	0	0	-1283.68	2.36211e+07	0	0        0   233986      0      2.83584    3.84365    0
4.52664	398391	0	199.35	0.399653	0	0	0	0	0	0	0	0	0	0	-1279.05	4.30167e+07	0	0        0   425883      0      3.84365    5.20962    0
6.13533	727445	0	199.443	0.29604	0	0	0	0	0	0	0	0	0	0	-1278.74	7.85215e+07	0	0        0   777968      0      5.20962    7.06103    0
8.31572	1336364	0	199.696	0.218591	0	0	0	0	0	0	0	0	0	0	-1281.69	1.44357e+08	0	0        0   1.42827e+06      0      7.06103    9.5704    0
11.271	2449311	0	199.842	0.161656	0	0	0	0	0	0	0	0	0	0	-1282.19	2.64606e+08	0	0        0   2.61867e+06      0      9.5704    12.9716    0
15.2765	4463441	0	199.717	0.119656	0	0	0	0	0	0	0	0	0	0	-1282.16	4.82124e+08	0	0        0   4.76843e+06      0      12.9716    17.5814    0
20.7055	8149512	0	199.694	0.0885588	0	0	0	0	0	0	0	0	0	0	-1281.99	8.80551e+08	0	0        0   8.70711e+06      0      17.5814    23.8296    0
28.0639	14848083	0	199.785	0.0656619	0	0	0	0	0	0	0	0	0	0	-1282.86	1.60524e+09	0	0        0   1.58613e+07      0      23.8296    32.2982    0
38.0373	27021866	0	199.848	0.0487038	0	0	0	0	0	0	0	0	0	0	-1283.6	2.92284e+09	0	0        0   2.88581e+07      0      32.2982    43.7764    0
51.5551	49037901	0	199.895	0.0361755	0	0	0	0	0	0	0	0	0	0	-1284.27	5.3069e+09	0	0        0   5.23507e+07      0      43.7764    59.3338    0
69.8769	88684988	0	199.799	0.0268987	0	0	0	0	0	0	0	0	0	0	-1284.02	9.60682e+09	0	0        0   9.46559e+07      0      59.3338    80.42    0
94.7099	159733569	0	199.707	0.0200434	0	0	0	0	0	0	0	0	0	0	-1283.9	1.73197e+10	0	0        0   1.70412e+08      0      80.42    109    0
