# 1bin_value	2data_points	3sqrt(data_points)	4W	5W_err	6e+	7e+_err	8eX 9eX_err	10e++ 	11e++_err		12eXX	13eXX_err		14e+X	15e+X_err 	16theta          17theta_err       17num_den	18num_err 19LS_err     20wt_num     21wt_num_err  22r_low   23r_high 24sig_crit
0.117769	615	0	805.989	37.9808	17.4788	6.07308	0.881808	5.37173	0	0	0	0	0	0	-42459.5	117.88	0	0        0   649.362      0      0.1    0.135538    0
0.159622	835	0	612.114	23.9109	3.4322	3.33112	0.198059	3.41372	0	0	0	0	0	0	-57290.8	64.1042	0	0        0   887.487      0      0.135538    0.183706    0
0.216349	1258	0	494.143	15.4466	2.91889	2.14429	-0.617088	2.33765	0	0	0	0	0	0	-86035.1	35.6465	0	0        0   1340.35      0      0.183706    0.248992    0
0.293236	1932	0	414.393	10.2873	6.3109	1.60265	-3.29334	1.60299	0	0	0	0	0	0	-132587	23.1251	0	0        0   2021.11      0      0.248992    0.33748    0
0.397447	3630	0	429.655	7.757	3.71262	1.22727	2.53074	1.20724	0	0	0	0	0	0	-248511	15.4439	0	0        0   3865.28      0      0.33748    0.457415    0
0.538693	7344	0	487.324	6.18406	3.03933	0.98649	1.38428	0.982321	0	0	0	0	0	0	-504481	11.8056	0	0        0   7893.53      0      0.457415    0.619972    0
0.730136	10869	0	399.592	4.1612	3.2517	0.666621	-0.412798	0.669816	0	0	0	0	0	0	-744916	6.72562	0	0        0   11777      0      0.619972    0.8403    0
0.989614	17246	0	345.154	2.80939	1.03148	0.454654	0.774044	0.457882	0	0	0	0	0	0	-1.18225e+06	4.27653	0	0        0   18515.2      0      0.8403    1.13893    0
1.34131	28746	0	313.31	1.96745	0.773602	0.325202	0.0992678	0.326444	0	0	0	0	0	0	-1.97149e+06	2.79414	0	0        0   30690.2      0      1.13893    1.54368    0
1.81798	48665	0	289.802	1.39241	0.779236	0.227235	0.00654025	0.228408	0	0	0	0	0	0	-3.33792e+06	1.88879	0	0        0   51771.2      0      1.54368    2.09228    0
2.46406	84265	0	274.621	1.00125	0.478391	0.165361	0.22603	0.164015	0	0	0	0	0	0	-5.77457e+06	1.31074	0	0        0   89689.5      0      2.09228    2.83584    0
3.33975	146350	0	260.873	0.719645	0.494406	0.117805	0.268158	0.118432	0	0	0	0	0	0	-1.00361e+07	0.914033	0	0        0   155504      0      2.83584    3.84365    0
4.52664	253646	0	248.634	0.521128	0.4349	0.0860292	-0.0749573	0.0858283	0	0	0	0	0	0	-1.73947e+07	0.644068	0	0        0   269828      0      3.84365    5.20962    0
6.13533	446555	0	239.906	0.378522	0.216831	0.06225	-0.137901	0.0625387	0	0	0	0	0	0	-3.06324e+07	0.458218	0	0        0   474879      0      5.20962    7.06103    0
8.31572	787378	0	230.936	0.274374	0.322026	0.0451753	-0.0254222	0.0452715	0	0	0	0	0	0	-5.40115e+07	0.328412	0	0        0   836621      0      7.06103    9.5704    0
11.271	1398147	0	223.948	0.199484	0.247069	0.0330789	0.00414302	0.0329437	0	0	0	0	0	0	-9.59071e+07	0.237585	0	0        0   1.48377e+06      0      9.5704    12.9716    0
15.2765	2473707	0	217.631	0.145683	0.201789	0.0240931	0.0202839	0.0241285	0	0	0	0	0	0	-1.69677e+08	0.172366	0	0        0   2.62601e+06      0      12.9716    17.5814    0
20.7055	4428712	0	213.557	0.10679	0.141552	0.0176847	0.00925234	0.017669	0	0	0	0	0	0	-3.03782e+08	0.126091	0	0        0   4.70016e+06      0      17.5814    23.8296    0
28.0639	7926163	0	209.983	0.0784889	0.0939073	0.0129797	-0.00258561	0.0129769	0	0	0	0	0	0	-5.43655e+08	0.0927234	0	0        0   8.41164e+06      0      23.8296    32.2982    0
38.0373	14248489	0	207.626	0.0579014	0.0692542	0.00958001	-0.0385568	0.00957505	0	0	0	0	0	0	-9.77266e+08	0.0686332	0	0        0   1.51197e+07      0      32.2982    43.7764    0
51.5551	25650874	0	206.062	0.0428353	0.0521155	0.00708722	-0.0233989	0.00708417	0	0	0	0	0	0	-1.75941e+09	0.0510969	0	0        0   2.72191e+07      0      43.7764    59.3338    0
69.8769	46318975	0	205.727	0.0318378	0.0397784	0.00526092	-0.0192654	0.00526399	0	0	0	0	0	0	-3.17709e+09	0.0380509	0	0        0   4.91741e+07      0      59.3338    80.42    0
94.7099	83455645	0	205.524	0.0236968	0.0300079	0.00391633	-0.0163716	0.00391698	0	0	0	0	0	0	-5.72482e+09	0.0284311	0	0        0   8.85678e+07      0      80.42    109    0
