# 1bin_value	2data_points	3sqrt(data_points)	4W	5W_err	6e+	7e+_err	8eX 9eX_err	10e++ 	11e++_err		12eXX	13eXX_err		14e+X	15e+X_err 	16theta          17theta_err       17num_den	18num_err 19LS_err     20wt_num     21wt_num_err  22r_low   23r_high 24sig_crit
0.117769	686	inf	771.113	127.736	15.6698	7.69411	-2.78813	7.06767	0	0	0	0	0	0	-5228.29	773.36	0	inf        0   0      0      0.1    0.135538    0
0.159622	891	19.6117	497.805	62.8219	10.6559	4.47054	1.4456	4.09256	0	0	0	0	0	0	-3145.11	370.339	0	19.6117        0   0      0      0.135538    0.183706    0
0.216349	1310	14.4872	336.435	34.2947	9.68003	3.10035	-3.3262	2.87653	0	0	0	0	0	0	-2109.43	181.317	0	14.4872        0   0      0      0.183706    0.248992    0
0.293236	1808	10.5153	222.606	20.8703	5.88197	1.94994	-0.688408	1.93086	0	0	0	0	0	0	-1332.19	107.783	0	10.5153        0   0      0      0.248992    0.33748    0
0.397447	3498	6.82359	242.899	14.9325	5.78834	1.48549	-1.24476	1.44016	0	0	0	0	0	0	-1388.94	73.3263	0	6.82359        0   0      0      0.33748    0.457415    0
0.538693	7198	4.39602	323.334	12.8752	4.61415	1.23281	-1.88902	1.26927	0	0	0	0	0	0	-1984.54	63.5248	0	4.39602        0   0      0      0.457415    0.619972    0
0.730136	10357	3.33512	212.039	7.41273	1.93731	0.810413	0.407508	0.817764	0	0	0	0	0	0	-1234.56	32.7405	0	3.33512        0   0      0      0.619972    0.8403    0
0.989614	16283	2.45255	147.558	4.75142	0.398807	0.559108	0.095897	0.559509	0	0	0	0	0	0	-841.752	19.1853	0	2.45255        0   0      0      0.8403    1.13893    0
1.34131	27112	1.81659	119.309	3.29694	1.17233	0.40246	0.644667	0.401747	0	0	0	0	0	0	-670.945	12.4823	0	1.81659        0   0      0      1.13893    1.54368    0
1.81798	45780	1.34791	93.2652	2.30696	0.807219	0.285261	0.136578	0.284319	0	0	0	0	0	0	-508.113	8.2609	0	1.34791        0   0      0      1.54368    2.09228    0
2.46406	78414	0.997927	75.7187	1.63677	0.863351	0.205688	-0.105494	0.206964	0	0	0	0	0	0	-387.764	5.54646	0	0.997927        0   0      0      2.09228    2.83584    0
3.33975	135987	0.738011	60.2363	1.18405	0.71359	0.150404	0.161384	0.149948	0	0	0	0	0	0	-299.382	3.87666	0	0.738011        0   0      0      2.83584    3.84365    0
4.52664	235598	0.547572	47.6487	0.856	0.532176	0.109375	0.0845029	0.109526	0	0	0	0	0	0	-215.737	2.7112	0	0.547572        0   0      0      3.84365    5.20962    0
6.13533	412475	0.405742	38.1387	0.621399	0.340973	0.0796922	0.0179802	0.0796406	0	0	0	0	0	0	-155.775	1.91718	0	0.405742        0   0      0      5.20962    7.06103    0
8.31572	727002	0.300427	28.7137	0.451687	0.316976	0.0581664	0.0861856	0.0580714	0	0	0	0	0	0	-96.7762	1.36721	0	0.300427        0   0      0      7.06103    9.5704    0
11.271	1285652	0.222842	20.7814	0.329756	0.184341	0.0424071	0.0270924	0.0424346	0	0	0	0	0	0	-45.5021	0.986172	0	0.222842        0   0      0      9.5704    12.9716    0
15.2765	2276134	0.165751	14.5012	0.242199	0.166362	0.0311314	0.00602192	0.031123	0	0	0	0	0	0	-4.83491	0.717968	0	0.165751        0   0      0      12.9716    17.5814    0
20.7055	4062713	0.123179	9.60198	0.178241	0.150485	0.0228914	0.0316136	0.0228969	0	0	0	0	0	0	23.6633	0.525271	0	0.123179        0   0      0      17.5814    23.8296    0
28.0639	7269952	0.091618	5.93702	0.131558	0.138111	0.0168892	0.0444993	0.0168761	0	0	0	0	0	0	48.0732	0.38687	0	0.091618        0   0      0      23.8296    32.2982    0
38.0373	13033905	0.0681789	2.96697	0.0972728	0.0951353	0.0124608	0.0528937	0.0124709	0	0	0	0	0	0	67.6707	0.285918	0	0.0681789        0   0      0      32.2982    43.7764    0
51.5551	23425583	0.0507532	1.23155	0.0721252	0.0556432	0.00924063	0.000433415	0.00924239	0	0	0	0	0	0	78.7942	0.212072	0	0.0507532        0   0      0      43.7764    59.3338    0
69.8769	42183295	0.0377965	0.614121	0.0536563	0.0321042	0.00687364	0.00295157	0.00687587	0	0	0	0	0	0	82.3066	0.157939	0	0.0377965        0   0      0      59.3338    80.42    0
94.7099	75757333	0.0281916	0.200874	0.0400115	0.0183428	0.00512494	-0.0176889	0.00512486	0	0	0	0	0	0	85.029	0.118117	0	0.0281916        0   0      0      80.42    109    0
