# 1bin_value	2data_points	3sqrt(data_points)	4W	5W_err	6e+	7e+_err	8eX 9eX_err	10e++ 	11e++_err		12eXX	13eXX_err		14e+X	15e+X_err 	16theta          17theta_err       17num_den	18num_err 19LS_err     20wt_num     21wt_num_err  22r_low   23r_high 24sig_crit
0.117769	260	0	191.55	15.0577	2.43634	2.10211	0.227212	2.10563	0	0	0	0	0	0	-18041.7	63.754	0	0        0   260      0      0.1    0.135538    0
0.159622	502	0	196.23	11.0418	0.00224517	1.51976	-1.80683	1.46127	0	0	0	0	0	0	-34493	46.4459	0	0        0   502      0      0.135538    0.183706    0
0.216349	934	0	199.622	8.18778	0.709862	1.17585	0.426819	1.13888	0	0	0	0	0	0	-64173.2	33.9283	0	0        0   934      0      0.183706    0.248992    0
0.293236	1710	0	205.401	6.21057	1.20688	0.876629	0.9268	0.898248	0	0	0	0	0	0	-116614	25.5543	0	0        0   1710      0      0.248992    0.33748    0
0.397447	3158	0	198.483	4.35789	-0.304481	0.625442	0.228329	0.624294	0	0	0	0	0	0	-216659	17.7435	0	0        0   3158      0      0.33748    0.457415    0
0.538693	5711	0	195.733	3.19057	-0.00817411	0.459547	0.248495	0.460967	0	0	0	0	0	0	-391396	12.95	0	0        0   5711      0      0.457415    0.619972    0
0.730136	10487	0	200.178	2.41443	-0.212042	0.342753	-0.110894	0.347294	0	0	0	0	0	0	-720496	9.86954	0	0        0   10487      0      0.619972    0.8403    0
0.989614	19180	0	202.122	1.80329	-0.186887	0.261699	-0.277791	0.258622	0	0	0	0	0	0	-1.31746e+06	7.37889	0	0        0   19180      0      0.8403    1.13893    0
1.34131	35161	0	201.002	1.32322	-0.471066	0.190789	0.0629012	0.190174	0	0	0	0	0	0	-2.40852e+06	5.39393	0	0        0   35161      0      1.13893    1.54368    0
1.81798	63913	0	199.748	0.974123	0.0671948	0.141105	0.213742	0.14023	0	0	0	0	0	0	-4.38331e+06	3.96607	0	0        0   63913      0      1.54368    2.09228    0
2.46406	117559	0	201.054	0.724039	0.0226493	0.104161	-0.0157871	0.104107	0	0	0	0	0	0	-8.05945e+06	2.9549	0	0        0   117559      0      2.09228    2.83584    0
3.33975	215549	0	201.863	0.537099	0.175193	0.0771066	-0.0773563	0.0772329	0	0	0	0	0	0	-1.47869e+07	2.19582	0	0        0   215549      0      2.83584    3.84365    0
4.52664	391303	0	200.736	0.396095	-0.0074637	0.057057	-0.0500397	0.0569614	0	0	0	0	0	0	-2.68331e+07	1.61622	0	0        0   391303      0      3.84365    5.20962    0
6.13533	718047	0	201.376	0.293455	0.080212	0.0421804	0.0655119	0.0422622	0	0	0	0	0	0	-4.92495e+07	1.19848	0	0        0   718047      0      5.20962    7.06103    0
8.31572	1314406	0	200.921	0.216347	-0.0114721	0.0311069	0.0547206	0.0311536	0	0	0	0	0	0	-9.01474e+07	0.883154	0	0        0   1.31441e+06      0      7.06103    9.5704    0
11.271	2411270	0	201.378	0.160184	0.00766294	0.0230619	0.00918054	0.0230574	0	0	0	0	0	0	-1.6538e+08	0.654565	0	0        0   2.41127e+06      0      9.5704    12.9716    0
15.2765	4403598	0	201.63	0.118715	-0.00517894	0.0170757	0.0285856	0.0170844	0	0	0	0	0	0	-3.02007e+08	0.485315	0	0        0   4.4036e+06      0      12.9716    17.5814    0
20.7055	8056034	0	202.079	0.0880095	-0.00514873	0.0126558	-0.00056684	0.0126611	0	0	0	0	0	0	-5.52532e+08	0.360137	0	0        0   8.05603e+06      0      17.5814    23.8296    0
28.0639	14680943	0	202.127	0.0652267	-0.00747086	0.00938098	0.00625952	0.0093774	0	0	0	0	0	0	-1.00687e+09	0.26702	0	0        0   1.46809e+07      0      23.8296    32.2982    0
38.0373	26716031	0	202.242	0.0483978	-0.0149934	0.00695816	0.00520397	0.00695806	0	0	0	0	0	0	-1.83221e+09	0.198253	0	0        0   2.6716e+07      0      32.2982    43.7764    0
51.5551	48475241	0	202.349	0.0359662	-0.00520804	0.00516887	-0.00718549	0.00516978	0	0	0	0	0	0	-3.32455e+09	0.14746	0	0        0   4.84752e+07      0      43.7764    59.3338    0
69.8769	87733657	0	202.566	0.0267803	-0.00706029	0.00384833	-0.0188124	0.00384794	0	0	0	0	0	0	-6.0171e+09	0.109925	0	0        0   8.77337e+07      0      59.3338    80.42    0
94.7099	158111770	0	202.744	0.0199815	0.00646748	0.0028698	-0.0156936	0.00286995	0	0	0	0	0	0	-1.08441e+10	0.0821294	0	0        0   1.58112e+08      0      80.42    109    0
