# 1bin_value	2data_points	3sqrt(data_points)	4W	5W_err	6e+	7e+_err	8eX 9eX_err	10e++ 	11e++_err		12eXX	13eXX_err		14e+X	15e+X_err 	16theta          17theta_err       17num_den	18num_err 19LS_err     20wt_num     21wt_num_err  22r_low   23r_high 24sig_crit
0.117769	497	0	658.597	75.5227	5.65183	5.35911	-9.90991	5.59341	0	0	0	0	0	0	-33922.2	446.682	0	0        0   525.77      0      0.1    0.135538    0
0.159622	628	0	457.808	38.5642	0.971313	3.49811	3.12248	3.16521	0	0	0	0	0	0	-43267.9	220.91	0	0        0   661.252      0      0.135538    0.183706    0
0.216349	938	0	388.012	24.8308	3.19608	2.28818	-2.42089	2.30815	0	0	0	0	0	0	-64072.9	137.938	0	0        0   986.275      0      0.183706    0.248992    0
0.293236	1359	0	327.625	15.5274	1.99664	1.65997	-2.6718	1.68135	0	0	0	0	0	0	-93146.7	81.2891	0	0        0   1451.47      0      0.248992    0.33748    0
0.397447	2791	0	343.884	10.4977	-0.417887	1.20616	-0.517025	1.27915	0	0	0	0	0	0	-191749	51.7575	0	0        0   2996.03      0      0.33748    0.457415    0
0.538693	6291	0	422.84	8.63133	0.700586	1.01085	-0.383122	1.01235	0	0	0	0	0	0	-431998	41.2607	0	0        0   6854.26      0      0.457415    0.619972    0
0.730136	9592	0	363.288	5.53023	-1.6962	0.698138	-0.861893	0.701726	0	0	0	0	0	0	-657817	25.1037	0	0        0   10343.9      0      0.619972    0.8403    0
0.989614	15714	0	328.019	3.61172	0.556737	0.495581	-0.401612	0.493138	0	0	0	0	0	0	-1.07894e+06	15.1365	0	0        0   16911.8      0      0.8403    1.13893    0
1.34131	26324	0	296.72	2.41493	0.447623	0.341697	0.340276	0.339874	0	0	0	0	0	0	-1.80631e+06	9.53855	0	0        0   28154.4      0      1.13893    1.54368    0
1.81798	44921	0	275.591	1.6614	0.0533726	0.240981	-0.0957541	0.240649	0	0	0	0	0	0	-3.08374e+06	6.2288	0	0        0   47942.7      0      1.54368    2.09228    0
2.46406	78230	0	262.968	1.17364	0.347208	0.173884	0.0766512	0.174356	0	0	0	0	0	0	-5.36213e+06	4.22009	0	0        0   83303.4      0      2.09228    2.83584    0
3.33975	136151	0	250.867	0.832686	-0.0775193	0.126196	0.0164692	0.126178	0	0	0	0	0	0	-9.33786e+06	2.85297	0	0        0   145000      0      2.83584    3.84365    0
4.52664	238143	0	240.706	0.594483	-0.0167082	0.0907815	0.0526193	0.0912818	0	0	0	0	0	0	-1.63282e+07	1.96048	0	0        0   253754      0      3.84365    5.20962    0
6.13533	418757	0	231.699	0.427031	0.0908748	0.0660686	0.0398965	0.0662895	0	0	0	0	0	0	-2.87191e+07	1.36714	0	0        0   445684      0      5.20962    7.06103    0
8.31572	744071	0	224.529	0.308165	0.0889241	0.0482348	-0.00232659	0.0482061	0	0	0	0	0	0	-5.10421e+07	0.965065	0	0        0   791197      0      7.06103    9.5704    0
11.271	1323037	0	218.291	0.223396	0.0899685	0.0352187	0.00643035	0.0351072	0	0	0	0	0	0	-9.07445e+07	0.687091	0	0        0   1.40655e+06      0      9.5704    12.9716    0
15.2765	2356512	0	213.304	0.16287	0.0315905	0.0257284	0.0577669	0.0256877	0	0	0	0	0	0	-1.61647e+08	0.494761	0	0        0   2.50427e+06      0      12.9716    17.5814    0
20.7055	4225936	0	209.864	0.119443	-0.00533483	0.018877	0.0307032	0.018885	0	0	0	0	0	0	-2.89905e+08	0.359767	0	0        0   4.49287e+06      0      17.5814    23.8296    0
28.0639	7580993	0	206.722	0.0876675	0.0160389	0.013883	0.0459973	0.0138752	0	0	0	0	0	0	-5.20012e+08	0.262713	0	0        0   8.05726e+06      0      23.8296    32.2982    0
38.0373	13650997	0	204.689	0.0646309	0.0389413	0.0102521	0.0406504	0.0102522	0	0	0	0	0	0	-9.363e+08	0.193096	0	0        0   1.4504e+07      0      32.2982    43.7764    0
51.5551	24583629	0	203.336	0.047827	0.0201252	0.00758698	-0.0294006	0.00758968	0	0	0	0	0	0	-1.68632e+09	0.142674	0	0        0   2.61224e+07      0      43.7764    59.3338    0
69.8769	44328466	0	202.836	0.0355365	-0.0135867	0.00563982	-0.01256	0.00564025	0	0	0	0	0	0	-3.04035e+09	0.106017	0	0        0   4.71082e+07      0      59.3338    80.42    0
94.7099	79843545	0	202.848	0.0264958	-0.0127698	0.00420296	-0.00465699	0.00420202	0	0	0	0	0	0	-5.47724e+09	0.0792213	0	0        0   8.4828e+07      0      80.42    109    0
