# 1bin_value	2data_points	3sqrt(data_points)	4W	5W_err	6e+	7e+_err	8eX 9eX_err	10e++ 	11e++_err		12eXX	13eXX_err		14e+X	15e+X_err 	16theta          17theta_err       17num_den	18num_err 19LS_err     20wt_num     21wt_num_err  22r_low   23r_high 24sig_crit
0.117769	1467	0	198.824	5.68041	0	0	0	0	0	0	0	0	0	0	-1288.62	161247	0	0        0   1557.11      0      0.1    0.135538    0
0.159622	2670	0	202.104	4.30086	0	0	0	0	0	0	0	0	0	0	-1290.73	292174	0	0        0   2874.22      0      0.135538    0.183706    0
0.216349	4821	0	198.021	3.125	0	0	0	0	0	0	0	0	0	0	-1271.13	524059	0	0        0   5152.5      0      0.183706    0.248992    0
0.293236	8834	0	197.486	2.29749	0	0	0	0	0	0	0	0	0	0	-1271.52	962014	0	0        0   9423.04      0      0.248992    0.33748    0
0.397447	16357	0	200.159	1.72021	0	0	0	0	0	0	0	0	0	0	-1283.26	1.77918e+06	0	0        0   17513.9      0      0.33748    0.457415    0
0.538693	29794	0	200.782	1.27669	0	0	0	0	0	0	0	0	0	0	-1288.42	3.23881e+06	0	0        0   31855.6      0      0.457415    0.619972    0
0.730136	54981	0	202.448	0.94618	0	0	0	0	0	0	0	0	0	0	-1298.35	5.94656e+06	0	0        0   58717.2      0      0.619972    0.8403    0
0.989614	98413	0	198.41	0.693822	0	0	0	0	0	0	0	0	0	0	-1271.98	1.06769e+07	0	0        0   105303      0      0.8403    1.13893    0
1.34131	180871	0	198.767	0.512578	0	0	0	0	0	0	0	0	0	0	-1275.02	1.96146e+07	0	0        0   193351      0      1.13893    1.54368    0
1.81798	332257	0	200.066	0.38104	0	0	0	0	0	0	0	0	0	0	-1282.29	3.60405e+07	0	0        0   355530      0      1.54368    2.09228    0
2.46406	607991	0	199.806	0.281166	0	0	0	0	0	0	0	0	0	0	-1282.03	6.59908e+07	0	0        0   649993      0      2.09228    2.83584    0
3.33975	1110007	0	199.725	0.208081	0	0	0	0	0	0	0	0	0	0	-1280.34	1.20396e+08	0	0        0   1.18736e+06      0      2.83584    3.84365    0
4.52664	2029999	0	200.049	0.154058	0	0	0	0	0	0	0	0	0	0	-1283.48	2.20363e+08	0	0        0   2.17043e+06      0      3.84365    5.20962    0
6.13533	3706941	0	199.818	0.113894	0	0	0	0	0	0	0	0	0	0	-1282.03	4.02442e+08	0	0        0   3.96324e+06      0      5.20962    7.06103    0
8.31572	6799830	0	199.968	0.0841525	0	0	0	0	0	0	0	0	0	0	-1283.31	7.38221e+08	0	0        0   7.26772e+06      0      7.06103    9.5704    0
11.271	12442869	0	199.792	0.0621637	0	0	0	0	0	0	0	0	0	0	-1281.98	1.35079e+09	0	0        0   1.32993e+07      0      9.5704    12.9716    0
15.2765	22690914	0	199.817	0.0460457	0	0	0	0	0	0	0	0	0	0	-1282.39	2.4642e+09	0	0        0   2.42504e+07      0      12.9716    17.5814    0
20.7055	41423317	0	199.816	0.0340852	0	0	0	0	0	0	0	0	0	0	-1282.5	4.50017e+09	0	0        0   4.42666e+07      0      17.5814    23.8296    0
28.0639	75443250	0	199.741	0.0252505	0	0	0	0	0	0	0	0	0	0	-1282.3	8.19827e+09	0	0        0   8.05998e+07      0      23.8296    32.2982    0
38.0373	137203565	0	199.73	0.0187268	0	0	0	0	0	0	0	0	0	0	-1282.7	1.49178e+10	0	0        0   1.46533e+08      0      32.2982    43.7764    0
51.5551	248884438	0	199.714	0.0139069	0	0	0	0	0	0	0	0	0	0	-1282.96	2.70754e+10	0	0        0   2.65729e+08      0      43.7764    59.3338    0
69.8769	450191614	0	199.685	0.0103436	0	0	0	0	0	0	0	0	0	0	-1283.17	4.90158e+10	0	0        0   4.80513e+08      0      59.3338    80.42    0
94.7099	810890914	0	199.598	0.00770749	0	0	0	0	0	0	0	0	0	0	-1283.19	8.83821e+10	0	0        0   8.65131e+08      0      80.42    109    0
