# 1bin_value	2data_points	3sqrt(data_points)	4W	5W_err	6e+	7e+_err	8eX 9eX_err	10e++ 	11e++_err		12eXX	13eXX_err		14e+X	15e+X_err 	16theta          17theta_err       17num_den	18num_err 19LS_err     20wt_num     21wt_num_err  22r_low   23r_high 24sig_crit
0.117769	609	inf	601.69	38.4871	18.4358	6.08781	2.30323	5.41048	0	0	0	0	0	0	-4094.91	117.509	0	inf        0   0      0      0.1    0.135538    0
0.159622	833	21.9278	406.593	24.8083	3.01065	3.41565	0.00223736	3.49657	0	0	0	0	0	0	-2552.91	66.025	0	21.9278        0   0      0      0.135538    0.183706    0
0.216349	1254	12.5968	282.627	16.0871	2.62111	2.20148	-0.566726	2.39041	0	0	0	0	0	0	-1744.42	36.7221	0	12.5968        0   0      0      0.183706    0.248992    0
0.293236	1931	9.10589	209.399	10.7549	6.02027	1.6371	-2.35073	1.63732	0	0	0	0	0	0	-1307.43	23.774	0	9.10589        0   0      0      0.248992    0.33748    0
0.397447	3590	5.69964	226.09	8.09074	4.07593	1.25175	2.71598	1.23277	0	0	0	0	0	0	-1360.14	16.3924	0	5.69964        0   0      0      0.33748    0.457415    0
0.538693	7314	3.53379	281.27	6.43655	2.65993	1.00606	1.75318	1.00166	0	0	0	0	0	0	-1708.19	12.377	0	3.53379        0   0      0      0.457415    0.619972    0
0.730136	10802	2.67989	192.226	4.36246	3.29488	0.682083	-0.415591	0.685112	0	0	0	0	0	0	-1112.91	7.29408	0	2.67989        0   0      0      0.619972    0.8403    0
0.989614	17185	1.97964	143.653	2.96825	1.10275	0.466568	0.902361	0.469739	0	0	0	0	0	0	-817.854	4.63349	0	1.97964        0   0      0      0.8403    1.13893    0
1.34131	28615	1.46956	109.91	2.09179	0.773478	0.334297	0.196456	0.335531	0	0	0	0	0	0	-615.751	3.11709	0	1.46956        0   0      0      1.13893    1.54368    0
1.81798	48460	1.09422	86.1452	1.48897	0.780888	0.234436	-0.0808392	0.235569	0	0	0	0	0	0	-474.568	2.14503	0	1.09422        0   0      0      1.54368    2.09228    0
2.46406	83954	0.808585	71.868	1.07407	0.439611	0.170702	0.2178	0.169395	0	0	0	0	0	0	-377.296	1.5002	0	0.808585        0   0      0      2.09228    2.83584    0
3.33975	145784	0.600212	57.5353	0.775094	0.485033	0.12192	0.291203	0.122527	0	0	0	0	0	0	-287.665	1.06164	0	0.600212        0   0      0      2.83584    3.84365    0
4.52664	252691	0.445788	44.7395	0.563014	0.428823	0.08912	-0.0617695	0.0889219	0	0	0	0	0	0	-203.71	0.757848	0	0.445788        0   0      0      3.84365    5.20962    0
6.13533	445004	0.329852	35.9261	0.410032	0.213906	0.0645794	-0.137408	0.0648563	0	0	0	0	0	0	-149.269	0.543204	0	0.329852        0   0      0      5.20962    7.06103    0
8.31572	784745	0.244821	26.924	0.298092	0.320923	0.0469339	-0.0477975	0.0470244	0	0	0	0	0	0	-90.8937	0.392121	0	0.244821        0   0      0      7.06103    9.5704    0
11.271	1393141	0.181693	19.8276	0.217306	0.256295	0.0343934	0.00932318	0.0342634	0	0	0	0	0	0	-46.6606	0.286158	0	0.181693        0   0      0      9.5704    12.9716    0
15.2765	2465670	0.135389	13.1883	0.159044	0.198163	0.025081	0.0271511	0.0251149	0	0	0	0	0	0	-3.35473	0.208107	0	0.135389        0   0      0      12.9716    17.5814    0
20.7055	4415057	0.100651	8.95979	0.116762	0.138575	0.018421	0.0163495	0.0184059	0	0	0	0	0	0	23.4196	0.152498	0	0.100651        0   0      0      17.5814    23.8296    0
28.0639	7902722	0.0749751	5.21251	0.0859254	0.0883866	0.013529	0.0131732	0.0135264	0	0	0	0	0	0	47.9809	0.112184	0	0.0749751        0   0      0      23.8296    32.2982    0
38.0373	14210211	0.0558106	2.42607	0.0634386	0.0551456	0.0099886	-0.0161938	0.00998376	0	0	0	0	0	0	65.5135	0.0828466	0	0.0558106        0   0      0      32.2982    43.7764    0
51.5551	25591078	0.041543	0.706585	0.0469578	0.0515092	0.00739129	-0.0115581	0.00738822	0	0	0	0	0	0	76.8955	0.0614251	0	0.041543        0   0      0      43.7764    59.3338    0
69.8769	46202625	0.0309055	0.253081	0.034912	0.0329807	0.00548867	0.00046067	0.00549167	0	0	0	0	0	0	81.0417	0.0458321	0	0.0309055        0   0      0      59.3338    80.42    0
94.7099	83233881	0.0230224	-0.130631	0.0260008	0.0218697	0.00408818	0.00204056	0.00408879	0	0	0	0	0	0	83.5472	0.0342967	0	0.0230224        0   0      0      80.42    109    0
