# 1bin_value	2data_points	3sqrt(data_points)	4W	5W_err	6e+	7e+_err	8eX 9eX_err	10e++ 	11e++_err		12eXX	13eXX_err		14e+X	15e+X_err 	16theta          17theta_err       17num_den	18num_err 19LS_err     20wt_num     21wt_num_err  22r_low   23r_high 24sig_crit
0.117769	605	0	747.151	75.684	0.193321	5.8648	6.20232	5.43127	0	0	0	0	0	0	-41704.5	452.334	0	0        0   635.555      0      0.1    0.135538    0
0.159622	827	0	541.288	42.6661	2.65589	3.40131	5.68706	3.13203	0	0	0	0	0	0	-56408.7	243.679	0	0        0   876.353      0      0.135538    0.183706    0
0.216349	1225	0	464.704	27.5991	0.789874	2.3131	-1.89874	2.26804	0	0	0	0	0	0	-83896.2	157.777	0	0        0   1281.96      0      0.183706    0.248992    0
0.293236	1751	0	390.407	17.4385	4.57042	1.77623	-0.860648	1.69471	0	0	0	0	0	0	-120393	94.8372	0	0        0   1860.33      0      0.248992    0.33748    0
0.397447	3409	0	425.358	13.2929	4.77238	1.26992	0.337776	1.29305	0	0	0	0	0	0	-233819	70.4547	0	0        0   3661.59      0      0.33748    0.457415    0
0.538693	7029	0	475.956	10.0402	2.83163	1.04954	-2.65953	1.05312	0	0	0	0	0	0	-483483	50.9604	0	0        0   7629.19      0      0.457415    0.619972    0
0.730136	10620	0	395.931	5.99969	1.04932	0.722899	-0.534064	0.717703	0	0	0	0	0	0	-726982	28.1265	0	0        0   11480.2      0      0.619972    0.8403    0
0.989614	16746	0	336.568	3.65507	0.509311	0.479661	-0.0717567	0.485946	0	0	0	0	0	0	-1.14768e+06	15.6665	0	0        0   17954.5      0      0.8403    1.13893    0
1.34131	28273	0	312.532	2.50983	0.361669	0.339348	-0.231902	0.341538	0	0	0	0	0	0	-1.93802e+06	10.3138	0	0        0   30187.8      0      1.13893    1.54368    0
1.81798	47856	0	290.391	1.74043	0.532082	0.243654	-0.236513	0.243593	0	0	0	0	0	0	-3.28198e+06	6.79739	0	0        0   51086      0      1.54368    2.09228    0
2.46406	82888	0	272.091	1.19604	0.523588	0.171675	0.00111119	0.173006	0	0	0	0	0	0	-5.67961e+06	4.42359	0	0        0   88162.4      0      2.09228    2.83584    0
3.33975	142866	0	258.758	0.847518	0.48977	0.125231	-0.101937	0.125085	0	0	0	0	0	0	-9.79228e+06	2.98076	0	0        0   152171      0      2.83584    3.84365    0
4.52664	248444	0	246.446	0.601255	0.188248	0.090236	0.113516	0.0906329	0	0	0	0	0	0	-1.70402e+07	2.02868	0	0        0   264585      0      3.84365    5.20962    0
6.13533	436700	0	237.284	0.430528	0.278784	0.0657218	-0.0880357	0.0656144	0	0	0	0	0	0	-2.9946e+07	1.40326	0	0        0   464547      0      5.20962    7.06103    0
8.31572	771520	0	229.138	0.310127	0.203687	0.0477234	-0.166395	0.0475914	0	0	0	0	0	0	-5.29271e+07	0.983741	0	0        0   820739      0      7.06103    9.5704    0
11.271	1369203	0	222.12	0.224139	0.120072	0.0346656	0.0187496	0.034658	0	0	0	0	0	0	-9.39084e+07	0.696949	0	0        0   1.45587e+06      0      9.5704    12.9716    0
15.2765	2428011	0	216.275	0.163085	0.0787806	0.0253719	-0.0375716	0.0253764	0	0	0	0	0	0	-1.66542e+08	0.500602	0	0        0   2.57934e+06      0      12.9716    17.5814    0
20.7055	4345887	0	212.185	0.119278	0.102456	0.0186103	0.00726753	0.018604	0	0	0	0	0	0	-2.98055e+08	0.362905	0	0        0   4.61561e+06      0      17.5814    23.8296    0
28.0639	7766941	0	208.571	0.0875808	0.121417	0.0136956	-0.00330891	0.0137081	0	0	0	0	0	0	-5.32729e+08	0.264635	0	0        0   8.25294e+06      0      23.8296    32.2982    0
38.0373	13967356	0	206.363	0.0645639	0.073313	0.0101168	-0.00813078	0.0101073	0	0	0	0	0	0	-9.58028e+08	0.194637	0	0        0   1.48399e+07      0      32.2982    43.7764    0
51.5551	25147619	0	205.013	0.0477847	0.0453201	0.00748402	0.0302962	0.00748969	0	0	0	0	0	0	-1.72487e+09	0.144032	0	0        0   2.67172e+07      0      43.7764    59.3338    0
69.8769	45333719	0	204.52	0.0355326	0.0322923	0.00556789	-8.97385e-05	0.00556938	0	0	0	0	0	0	-3.10947e+09	0.107213	0	0        0   4.81774e+07      0      59.3338    80.42    0
94.7099	81536375	0	204.356	0.0264981	0.0256903	0.00415188	0.00430465	0.00415255	0	0	0	0	0	0	-5.593e+09	0.0802331	0	0        0   8.66398e+07      0      80.42    109    0
