# 1bin_value	2data_points	3sqrt(data_points)	4W	5W_err	6e+	7e+_err	8eX 9eX_err	10e++ 	11e++_err		12eXX	13eXX_err		14e+X	15e+X_err 	16theta          17theta_err       17num_den	18num_err 19LS_err     20wt_num     21wt_num_err  22r_low   23r_high 24sig_crit
0.117769	645	0	810.812	36.9609	18.0157	5.30664	5.80638	5.16236	0	0	0	0	0	0	-44487.7	112.76	0	0        0   679.318      0      0.1    0.135538    0
0.159622	867	0	621.685	23.7847	5.56457	3.53343	-5.17028	3.45346	0	0	0	0	0	0	-59367.4	64.7174	0	0        0   914.897      0      0.135538    0.183706    0
0.216349	1308	0	501.652	15.3919	6.57394	2.3515	1.01886	2.34284	0	0	0	0	0	0	-89876.9	36.991	0	0        0   1376.76      0      0.183706    0.248992    0
0.293236	1861	0	397.617	10.0899	2.50135	1.58652	1.38669	1.70188	0	0	0	0	0	0	-127638	21.5802	0	0        0   1972.96      0      0.248992    0.33748    0
0.397447	3725	0	443.178	7.92732	1.03589	1.24443	-3.37529	1.20478	0	0	0	0	0	0	-254442	16.0162	0	0        0   3991.96      0      0.33748    0.457415    0
0.538693	7422	0	495.861	6.29696	3.49738	1.01755	1.18199	1.0176	0	0	0	0	0	0	-510384	12.036	0	0        0   8067.44      0      0.457415    0.619972    0
0.730136	10959	0	397.04	4.09044	1.947	0.661893	0.425765	0.661504	0	0	0	0	0	0	-749774	6.80459	0	0        0   11815.9      0      0.619972    0.8403    0
0.989614	17646	0	348.275	2.80414	1.31353	0.463702	0.764037	0.454565	0	0	0	0	0	0	-1.20833e+06	4.31913	0	0        0   18910.5      0      0.8403    1.13893    0
1.34131	29476	0	316.093	1.95133	1.03927	0.323998	0.0179991	0.322669	0	0	0	0	0	0	-2.01983e+06	2.83617	0	0        0   31316      0      1.13893    1.54368    0
1.81798	49161	0	289.479	1.38293	0.56429	0.225712	0.224574	0.228453	0	0	0	0	0	0	-3.37802e+06	1.90868	0	0        0   52334.8      0      1.54368    2.09228    0
2.46406	84878	0	273.823	0.996413	0.390132	0.164063	-0.266651	0.163807	0	0	0	0	0	0	-5.81698e+06	1.32613	0	0        0   90397.5      0      2.09228    2.83584    0
3.33975	147746	0	260.531	0.715781	0.427861	0.119072	-0.0253329	0.118318	0	0	0	0	0	0	-1.01342e+07	0.932691	0	0        0   156975      0      2.83584    3.84365    0
4.52664	255635	0	247.654	0.517372	0.419921	0.086022	-0.0147302	0.0857233	0	0	0	0	0	0	-1.75376e+07	0.659272	0	0        0   271726      0      3.84365    5.20962    0
6.13533	448881	0	238.347	0.375442	0.319498	0.0622827	0.0590538	0.0621606	0	0	0	0	0	0	-3.07968e+07	0.472232	0	0        0   477233      0      5.20962    7.06103    0
8.31572	790784	0	229.15	0.271674	0.252573	0.0451099	0.0352072	0.0450742	0	0	0	0	0	0	-5.4225e+07	0.336602	0	0        0   839614      0      7.06103    9.5704    0
11.271	1407710	0	222.974	0.198049	0.21983	0.0329075	0.0659289	0.0328914	0	0	0	0	0	0	-9.6543e+07	0.243588	0	0        0   1.49413e+06      0      9.5704    12.9716    0
15.2765	2490493	0	216.543	0.14455	0.170613	0.0240437	0.028749	0.0240622	0	0	0	0	0	0	-1.70789e+08	0.1762	0	0        0   2.64268e+06      0      12.9716    17.5814    0
20.7055	4452520	0	212.25	0.105944	0.0974316	0.0176171	0.0448835	0.0176115	0	0	0	0	0	0	-3.05397e+08	0.129262	0	0        0   4.72433e+06      0      17.5814    23.8296    0
28.0639	7981042	0	209.08	0.0779635	0.101086	0.0129609	-0.00797704	0.0129678	0	0	0	0	0	0	-5.4741e+08	0.0947483	0	0        0   8.47147e+06      0      23.8296    32.2982    0
38.0373	14337914	0	206.577	0.0574636	0.0494923	0.00955758	-0.0138487	0.00955198	0	0	0	0	0	0	-9.83444e+08	0.0700914	0	0        0   1.52124e+07      0      32.2982    43.7764    0
51.5551	25836251	0	205.276	0.0425426	0.0704329	0.00707461	0.0113994	0.0070722	0	0	0	0	0	0	-1.77222e+09	0.052174	0	0        0   2.7412e+07      0      43.7764    59.3338    0
69.8769	46654763	0	205.019	0.0316411	0.051894	0.00526105	0.0166815	0.00525734	0	0	0	0	0	0	-3.20067e+09	0.0390371	0	0        0   4.9525e+07      0      59.3338    80.42    0
94.7099	84057383	0	204.897	0.0235632	0.0302934	0.00391524	0.00258246	0.00391361	0	0	0	0	0	0	-5.76676e+09	0.0292603	0	0        0   8.92072e+07      0      80.42    109    0
