# 1bin_value	2data_points	3sqrt(data_points)	4W	5W_err	6e+	7e+_err	8eX 9eX_err	10e++ 	11e++_err		12eXX	13eXX_err		14e+X	15e+X_err 	16theta          17theta_err       17num_den	18num_err 19LS_err     20wt_num     21wt_num_err  22r_low   23r_high 24sig_crit
0.117769	597	0	722.526	71.645	0.260659	5.72055	4.49497	5.32826	0	0	0	0	0	0	-41137.2	424.928	0	0        0   627.616      0      0.1    0.135538    0
0.159622	818	0	529.91	41.7392	3.1659	3.3834	4.78691	3.11477	0	0	0	0	0	0	-55801.2	239.249	0	0        0   863.457      0      0.135538    0.183706    0
0.216349	1220	0	470.519	28.6989	0.71181	2.35163	-2.35573	2.30986	0	0	0	0	0	0	-83576.2	165.495	0	0        0   1276.76      0      0.183706    0.248992    0
0.293236	1747	0	389.341	17.325	4.89212	1.77472	-0.622985	1.69322	0	0	0	0	0	0	-120173	94.0095	0	0        0   1857.52      0      0.248992    0.33748    0
0.397447	3395	0	424.201	13.2991	5.00291	1.27199	0.427581	1.29484	0	0	0	0	0	0	-232721	70.5776	0	0        0   3645.7      0      0.33748    0.457415    0
0.538693	7025	0	477.15	10.0948	2.96732	1.05331	-2.82522	1.0568	0	0	0	0	0	0	-482976	51.3269	0	0        0   7623.17      0      0.457415    0.619972    0
0.730136	10600	0	395.64	6.01334	0.809093	0.724187	-0.459223	0.719054	0	0	0	0	0	0	-725545	28.2474	0	0        0   11448.7      0      0.619972    0.8403    0
0.989614	16715	0	336.193	3.66164	0.489622	0.480182	-0.0555616	0.486527	0	0	0	0	0	0	-1.14547e+06	15.7302	0	0        0   17915      0      0.8403    1.13893    0
1.34131	28196	0	311.76	2.50459	0.331954	0.339423	-0.290052	0.341623	0	0	0	0	0	0	-1.93279e+06	10.2763	0	0        0   30106.5      0      1.13893    1.54368    0
1.81798	47705	0	289.776	1.74143	0.535031	0.24399	-0.138707	0.243913	0	0	0	0	0	0	-3.27179e+06	6.81168	0	0        0   50908.9      0      1.54368    2.09228    0
2.46406	82587	0	271.241	1.19593	0.579184	0.171817	0.00901887	0.173148	0	0	0	0	0	0	-5.65879e+06	4.43039	0	0        0   87813.6      0      2.09228    2.83584    0
3.33975	142477	0	258.082	0.847287	0.521235	0.125291	-0.0848972	0.125147	0	0	0	0	0	0	-9.76523e+06	2.98485	0	0        0   151699      0      2.83584    3.84365    0
4.52664	247900	0	246.02	0.601345	0.194365	0.0902952	0.10266	0.090693	0	0	0	0	0	0	-1.70025e+07	2.03232	0	0        0   263961      0      3.84365    5.20962    0
6.13533	435633	0	236.695	0.430435	0.291105	0.0657489	-0.0623842	0.0656414	0	0	0	0	0	0	-2.98725e+07	1.40573	0	0        0   463197      0      5.20962    7.06103    0
8.31572	769476	0	228.638	0.310185	0.200459	0.0477576	-0.164532	0.0476255	0	0	0	0	0	0	-5.27889e+07	0.986258	0	0        0   818366      0      7.06103    9.5704    0
11.271	1365483	0	221.65	0.224214	0.119192	0.034693	0.0229428	0.0346853	0	0	0	0	0	0	-9.36579e+07	0.699083	0	0        0   1.45161e+06      0      9.5704    12.9716    0
15.2765	2421747	0	215.874	0.163168	0.0786027	0.0253947	-0.0288117	0.0253992	0	0	0	0	0	0	-1.66112e+08	0.502346	0	0        0   2.57223e+06      0      12.9716    17.5814    0
20.7055	4332850	0	211.671	0.119314	0.0998252	0.0186247	0.0112924	0.0186184	0	0	0	0	0	0	-2.97157e+08	0.364257	0	0        0   4.60083e+06      0      17.5814    23.8296    0
28.0639	7743220	0	208.071	0.0876142	0.124209	0.0137072	-0.00569408	0.0137197	0	0	0	0	0	0	-5.31121e+08	0.265664	0	0        0   8.22611e+06      0      23.8296    32.2982    0
38.0373	13921318	0	205.848	0.0645988	0.0704598	0.0101271	-0.00897554	0.0101176	0	0	0	0	0	0	-9.54893e+08	0.195504	0	0        0   1.47876e+07      0      32.2982    43.7764    0
51.5551	25058872	0	204.485	0.0478202	0.0389637	0.00749326	0.0286743	0.00749894	0	0	0	0	0	0	-1.71884e+09	0.144758	0	0        0   2.6615e+07      0      43.7764    59.3338    0
69.8769	45171053	0	204.036	0.0355711	0.0259938	0.00557642	-0.00130249	0.00557792	0	0	0	0	0	0	-3.09833e+09	0.107824	0	0        0   4.79893e+07      0      59.3338    80.42    0
94.7099	81216482	0	203.872	0.0265363	0.0233342	0.00415976	0.00591503	0.00416043	0	0	0	0	0	0	-5.57101e+09	0.0807672	0	0        0   8.62704e+07      0      80.42    109    0
