# 1bin_value	2data_points	3sqrt(data_points)	4W	5W_err	6e+	7e+_err	8eX 9eX_err	10e++ 	11e++_err		12eXX	13eXX_err		14e+X	15e+X_err 	16theta          17theta_err       17num_den	18num_err 19LS_err     20wt_num     21wt_num_err  22r_low   23r_high 24sig_crit
0.117769	649	22.9022	603.814	37.8259	18.9275	5.37809	6.52954	5.24705	0	0	0	0	0	0	-3881.44	112.338	0	22.9022        0   0      0      0.1    0.135538    0
0.159622	871	16.7932	423.155	24.5293	5.39946	3.59152	-4.46536	3.50694	0	0	0	0	0	0	-2697.23	64.8205	0	16.7932        0   0      0      0.135538    0.183706    0
0.216349	1311	12.5469	299.219	16.068	7.49718	2.40668	2.09686	2.40196	0	0	0	0	0	0	-1860.73	37.8175	0	12.5469        0   0      0      0.183706    0.248992    0
0.293236	1868	8.99535	202.216	10.6	2.37356	1.62773	1.77828	1.74071	0	0	0	0	0	0	-1213.26	21.9984	0	8.99535        0   0      0      0.248992    0.33748    0
0.397447	3725	5.48191	243.562	8.28262	1.60928	1.27173	-3.51388	1.23386	0	0	0	0	0	0	-1453.57	16.5568	0	5.48191        0   0      0      0.33748    0.457415    0
0.538693	7415	3.49806	291.551	6.53973	3.63963	1.03637	0.769714	1.03613	0	0	0	0	0	0	-1745.88	12.3635	0	3.49806        0   0      0      0.457415    0.619972    0
0.730136	10925	2.68688	190.611	4.29286	2.25189	0.677218	0.611983	0.676868	0	0	0	0	0	0	-1125.23	7.23599	0	2.68688        0   0      0      0.619972    0.8403    0
0.989614	17608	1.97121	148.476	2.96594	1.36924	0.475986	0.86498	0.467108	0	0	0	0	0	0	-845.314	4.65358	0	1.97121        0   0      0      0.8403    1.13893    0
1.34131	29408	1.45398	115.183	2.07731	1.04175	0.333471	-0.0260412	0.33223	0	0	0	0	0	0	-653.926	3.12123	0	1.45398        0   0      0      1.13893    1.54368    0
1.81798	49092	1.09026	87.052	1.48051	0.61909	0.23317	0.274402	0.235782	0	0	0	0	0	0	-482.581	2.11627	0	1.09026        0   0      0      1.54368    2.09228    0
2.46406	84800	0.806276	71.683	1.06993	0.360515	0.169637	-0.170157	0.169396	0	0	0	0	0	0	-376.301	1.48052	0	0.806276        0   0      0      2.09228    2.83584    0
3.33975	147720	0.595547	58.5649	0.771684	0.441895	0.123264	-0.0262029	0.122538	0	0	0	0	0	0	-296.118	1.04693	0	0.595547        0   0      0      2.83584    3.84365    0
4.52664	255655	0.443074	45.1158	0.559685	0.404266	0.0891978	0.00254959	0.088906	0	0	0	0	0	0	-210.918	0.74595	0	0.443074        0   0      0      3.84365    5.20962    0
6.13533	449039	0.328158	35.7131	0.407268	0.347279	0.0646791	0.0651348	0.0645587	0	0	0	0	0	0	-148.442	0.535897	0	0.328158        0   0      0      5.20962    7.06103    0
8.31572	790725	0.243917	26.22	0.295668	0.237125	0.0469144	0.0165726	0.0468846	0	0	0	0	0	0	-89.41	0.387072	0	0.243917        0   0      0      7.06103    9.5704    0
11.271	1407535	0.18076	20.0485	0.216014	0.212224	0.0342625	0.0559205	0.0342475	0	0	0	0	0	0	-49.0144	0.281897	0	0.18076        0   0      0      9.5704    12.9716    0
15.2765	2489515	0.134759	13.2543	0.158031	0.157353	0.0250599	0.0271427	0.0250773	0	0	0	0	0	0	-5.31698	0.205684	0	0.134759        0   0      0      12.9716    17.5814    0
20.7055	4452611	0.100222	8.73351	0.116016	0.0891657	0.0183771	0.0368512	0.0183713	0	0	0	0	0	0	23.6455	0.1507	0	0.100222        0   0      0      17.5814    23.8296    0
28.0639	7980872	0.0746117	5.33948	0.0854631	0.094612	0.0135266	-0.0112946	0.0135328	0	0	0	0	0	0	46.7433	0.110804	0	0.0746117        0   0      0      23.8296    32.2982    0
38.0373	14338757	0.055558	2.50208	0.0630501	0.0505905	0.00997834	-0.0169963	0.00997298	0	0	0	0	0	0	64.7749	0.0819838	0	0.055558        0   0      0      32.2982    43.7764    0
51.5551	25848180	0.0413379	0.92662	0.0466949	0.0747323	0.00738689	0.00200191	0.00738457	0	0	0	0	0	0	75.1465	0.060782	0	0.0413379        0   0      0      43.7764    59.3338    0
69.8769	46686759	0.0307449	0.414747	0.0347285	0.0500994	0.00549319	0.011965	0.00548962	0	0	0	0	0	0	79.392	0.0453798	0	0.0307449        0   0      0      59.3338    80.42    0
94.7099	84116431	0.0229013	-0.0541586	0.0258701	0.0266937	0.0040893	0.00483468	0.00408772	0	0	0	0	0	0	82.8092	0.034005	0	0.0229013        0   0      0      80.42    109    0
