# 1bin_value	2data_points	3sqrt(data_points)	4W	5W_err	6e+	7e+_err	8eX 9eX_err	10e++ 	11e++_err		12eXX	13eXX_err		14e+X	15e+X_err 	16theta          17theta_err       17num_den	18num_err 19LS_err     20wt_num     21wt_num_err  22r_low   23r_high 24sig_crit
0.117769	288	0	220.479	17.0097	0	0	0	0	0	0	0	0	0	0	-1341.83	31849.2	0	0        0   323.487      0      0.1    0.135538    0
0.159622	536	0	206.543	11.5772	0	0	0	0	0	0	0	0	0	0	-1361.73	59557.6	0	0        0   562.087      0      0.135538    0.183706    0
0.216349	941	0	204.568	8.67942	0	0	0	0	0	0	0	0	0	0	-1291.65	103873	0	0        0   1023.98      0      0.183706    0.248992    0
0.293236	1733	0	209.445	6.5437	0	0	0	0	0	0	0	0	0	0	-1331.59	189337	0	0        0   1866.91      0      0.248992    0.33748    0
0.397447	3127	0	196.139	4.44625	0	0	0	0	0	0	0	0	0	0	-1272.59	344160	0	0        0   3324.57      0      0.33748    0.457415    0
0.538693	5821	0	199.719	3.32283	0	0	0	0	0	0	0	0	0	0	-1280.9	631915	0	0        0   6233.68      0      0.457415    0.619972    0
0.730136	10274	0	195.886	2.44654	0	0	0	0	0	0	0	0	0	0	-1254.37	1.11026e+06	0	0        0   10988.2      0      0.619972    0.8403    0
0.989614	19165	0	201.944	1.85438	0	0	0	0	0	0	0	0	0	0	-1295.63	2.07685e+06	0	0        0   20512.7      0      0.8403    1.13893    0
1.34131	35014	0	199.364	1.34938	0	0	0	0	0	0	0	0	0	0	-1282.29	3.7966e+06	0	0        0   37332.3      0      1.13893    1.54368    0
1.81798	64023	0	200.767	1.00756	0	0	0	0	0	0	0	0	0	0	-1282.79	6.93143e+06	0	0        0   68701.9      0      1.54368    2.09228    0
2.46406	117582	0	200.652	0.742712	0	0	0	0	0	0	0	0	0	0	-1286.68	1.27121e+07	0	0        0   125651      0      2.09228    2.83584    0
3.33975	214985	0	200.89	0.549924	0	0	0	0	0	0	0	0	0	0	-1289.42	2.32684e+07	0	0        0   229665      0      2.83584    3.84365    0
4.52664	390093	0	199.799	0.405872	0	0	0	0	0	0	0	0	0	0	-1282.16	4.22582e+07	0	0        0   416928      0      3.84365    5.20962    0
6.13533	714869	0	200.214	0.300383	0	0	0	0	0	0	0	0	0	0	-1285.33	7.74436e+07	0	0        0   763872      0      5.20962    7.06103    0
8.31572	1311893	0	200.235	0.221757	0	0	0	0	0	0	0	0	0	0	-1285.19	1.42129e+08	0	0        0   1.40206e+06      0      7.06103    9.5704    0
11.271	2405111	0	200.504	0.164082	0	0	0	0	0	0	0	0	0	0	-1287.02	2.60602e+08	0	0        0   2.5701e+06      0      9.5704    12.9716    0
15.2765	4377955	0	200.076	0.121333	0	0	0	0	0	0	0	0	0	0	-1284.52	4.74362e+08	0	0        0   4.67726e+06      0      12.9716    17.5814    0
20.7055	7993975	0	200.142	0.0898343	0	0	0	0	0	0	0	0	0	0	-1284.85	8.66292e+08	0	0        0   8.54042e+06      0      17.5814    23.8296    0
28.0639	14563128	0	200.067	0.0665367	0	0	0	0	0	0	0	0	0	0	-1284.8	1.5787e+09	0	0        0   1.55528e+07      0      23.8296    32.2982    0
38.0373	26502428	0	200.077	0.0493375	0	0	0	0	0	0	0	0	0	0	-1285.49	2.87372e+09	0	0        0   2.82899e+07      0      32.2982    43.7764    0
51.5551	48081158	0	200.066	0.0366395	0	0	0	0	0	0	0	0	0	0	-1285.84	5.21629e+09	0	0        0   5.13071e+07      0      43.7764    59.3338    0
69.8769	86947960	0	200.038	0.0272529	0	0	0	0	0	0	0	0	0	0	-1286	9.43855e+09	0	0        0   9.27582e+07      0      59.3338    80.42    0
94.7099	156590530	0	199.936	0.0203056	0	0	0	0	0	0	0	0	0	0	-1285.98	1.70108e+10	0	0        0   1.66963e+08      0      80.42    109    0
