# 1bin_value	2data_points	3sqrt(data_points)	4W	5W_err	6e+	7e+_err	8eX 9eX_err	10e++ 	11e++_err		12eXX	13eXX_err		14e+X	15e+X_err 	16theta          17theta_err       17num_den	18num_err 19LS_err     20wt_num     21wt_num_err  22r_low   23r_high 24sig_crit
0.117769	1444	0	199.771	5.92079	0	0	0	0	0	0	0	0	0	0	-1267.71	156420	0	0        0   1555.07      0      0.1    0.135538    0
0.159622	2671	0	202.083	4.31361	0	0	0	0	0	0	0	0	0	0	-1287.79	289384	0	0        0   2869.7      0      0.135538    0.183706    0
0.216349	4925	0	203.918	3.18999	0	0	0	0	0	0	0	0	0	0	-1313.72	533484	0	0        0   5245.86      0      0.183706    0.248992    0
0.293236	8812	0	200.061	2.33956	0	0	0	0	0	0	0	0	0	0	-1278.66	956235	0	0        0   9456.47      0      0.248992    0.33748    0
0.397447	16043	0	199.052	1.72862	0	0	0	0	0	0	0	0	0	0	-1271.18	1.73573e+06	0	0        0   17225.9      0      0.33748    0.457415    0
0.538693	29469	0	201.371	1.29315	0	0	0	0	0	0	0	0	0	0	-1286.55	3.18989e+06	0	0        0   31608.4      0      0.457415    0.619972    0
0.730136	53858	0	200.798	0.94899	0	0	0	0	0	0	0	0	0	0	-1290.3	5.84026e+06	0	0        0   57506.8      0      0.619972    0.8403    0
0.989614	98108	0	199.406	0.696973	0	0	0	0	0	0	0	0	0	0	-1280.42	1.06345e+07	0	0        0   104814      0      0.8403    1.13893    0
1.34131	179642	0	199.769	0.517092	0	0	0	0	0	0	0	0	0	0	-1280.83	1.94572e+07	0	0        0   192126      0      1.13893    1.54368    0
1.81798	329914	0	200.441	0.382642	0	0	0	0	0	0	0	0	0	0	-1286.06	3.57493e+07	0	0        0   352676      0      1.54368    2.09228    0
2.46406	603130	0	200.075	0.282582	0	0	0	0	0	0	0	0	0	0	-1284.1	6.5348e+07	0	0        0   644608      0      2.09228    2.83584    0
3.33975	1100477	0	199.96	0.209105	0	0	0	0	0	0	0	0	0	0	-1282.35	1.1926e+08	0	0        0   1.17707e+06      0      2.83584    3.84365    0
4.52664	2009873	0	200.028	0.15474	0	0	0	0	0	0	0	0	0	0	-1283.17	2.17723e+08	0	0        0   2.14895e+06      0      3.84365    5.20962    0
6.13533	3676457	0	200.167	0.11449	0	0	0	0	0	0	0	0	0	0	-1284.39	3.98346e+08	0	0        0   3.92981e+06      0      5.20962    7.06103    0
8.31572	6732999	0	200	0.0845353	0	0	0	0	0	0	0	0	0	0	-1283.37	7.29562e+08	0	0        0   7.1962e+06      0      7.06103    9.5704    0
11.271	12330533	0	199.982	0.0624824	0	0	0	0	0	0	0	0	0	0	-1283.29	1.33629e+09	0	0        0   1.31783e+07      0      9.5704    12.9716    0
15.2765	22491979	0	200.012	0.0462666	0	0	0	0	0	0	0	0	0	0	-1283.93	2.43856e+09	0	0        0   2.40319e+07      0      12.9716    17.5814    0
20.7055	41073868	0	200.043	0.0342484	0	0	0	0	0	0	0	0	0	0	-1284.35	4.45458e+09	0	0        0   4.38784e+07      0      17.5814    23.8296    0
28.0639	74814349	0	200.037	0.0253812	0	0	0	0	0	0	0	0	0	0	-1284.52	8.11681e+09	0	0        0   7.99089e+07      0      23.8296    32.2982    0
38.0373	136118299	0	200.094	0.0188276	0	0	0	0	0	0	0	0	0	0	-1285.29	1.47757e+10	0	0        0   1.45342e+08      0      32.2982    43.7764    0
51.5551	246919957	0	200.051	0.0139807	0	0	0	0	0	0	0	0	0	0	-1285.36	2.68201e+10	0	0        0   2.63568e+08      0      43.7764    59.3338    0
69.8769	446514575	0	199.964	0.0103973	0	0	0	0	0	0	0	0	0	0	-1285.23	4.85498e+10	0	0        0   4.7648e+08      0      59.3338    80.42    0
94.7099	804148430	0	199.845	0.00774761	0	0	0	0	0	0	0	0	0	0	-1285.03	8.75458e+10	0	0        0   8.57752e+08      0      80.42    109    0
