# 1bin_value	2data_points	3sqrt(data_points)	4W	5W_err	6e+	7e+_err	8eX 9eX_err	10e++ 	11e++_err		12eXX	13eXX_err		14e+X	15e+X_err 	16theta          17theta_err       17num_den	18num_err 19LS_err     20wt_num     21wt_num_err  22r_low   23r_high 24sig_crit
0.117769	691	0	1036.4	123.305	17.1145	7.17901	-3.35077	6.65399	0	0	0	0	0	0	-47585.6	758.087	0	0        0   736.951      0      0.1    0.135538    0
0.159622	895	0	689.686	60.3192	11.2495	4.21009	0.932284	3.79166	0	0	0	0	0	0	-61262.4	363.847	0	0        0   939.201      0      0.135538    0.183706    0
0.216349	1307	0	544.91	31.6376	9.30534	2.85142	-2.82828	2.60213	0	0	0	0	0	0	-89548.7	175.818	0	0        0   1398.65      0      0.183706    0.248992    0
0.293236	1806	0	415.424	19.0366	5.83386	1.74137	-0.62582	1.72625	0	0	0	0	0	0	-124011	104.848	0	0        0   1904.65      0      0.248992    0.33748    0
0.397447	3501	0	432.582	13.5265	4.87447	1.34631	-0.435089	1.29905	0	0	0	0	0	0	-239258	70.944	0	0        0   3763.94      0      0.33748    0.457415    0
0.538693	7199	0	536.148	11.7274	5.36249	1.12687	-1.45507	1.16453	0	0	0	0	0	0	-494134	60.9973	0	0        0   7824.19      0      0.457415    0.619972    0
0.730136	10360	0	409.816	6.48255	2.25927	0.72749	0.158186	0.738285	0	0	0	0	0	0	-709445	31.035	0	0        0   11197.9      0      0.619972    0.8403    0
0.989614	16276	0	348.245	3.96591	0.816468	0.496254	0.00911366	0.495669	0	0	0	0	0	0	-1.11521e+06	17.7025	0	0        0   17439.2      0      0.8403    1.13893    0
1.34131	27104	0	320.096	2.67894	1.03685	0.355256	0.476946	0.354722	0	0	0	0	0	0	-1.8625e+06	11.2478	0	0        0   29082.2      0      1.13893    1.54368    0
1.81798	45773	0	294.06	1.81181	0.951558	0.248092	0.100537	0.246586	0	0	0	0	0	0	-3.13647e+06	7.19532	0	0        0   48859.4      0      1.54368    2.09228    0
2.46406	78450	0	274.983	1.2518	0.751403	0.177525	-0.122037	0.178816	0	0	0	0	0	0	-5.3826e+06	4.66235	0	0        0   83793.2      0      2.09228    2.83584    0
3.33975	135986	0	262.539	0.885595	0.713565	0.129124	0.0916074	0.128554	0	0	0	0	0	0	-9.32966e+06	3.1585	0	0        0   145005      0      2.83584    3.84365    0
4.52664	235688	0	249.795	0.628567	0.495425	0.093151	0.0217741	0.0933255	0	0	0	0	0	0	-1.61571e+07	2.13995	0	0        0   251442      0      3.84365    5.20962    0
6.13533	412582	0	239.695	0.449312	0.344924	0.0675587	0.0231604	0.0675401	0	0	0	0	0	0	-2.82946e+07	1.47231	0	0        0   440009      0      5.20962    7.06103    0
8.31572	726974	0	230.363	0.321651	0.325288	0.0490718	0.0749121	0.048983	0	0	0	0	0	0	-4.98631e+07	1.02284	0	0        0   774585      0      7.06103    9.5704    0
11.271	1284963	0	222.502	0.231912	0.21791	0.0355807	0.0194817	0.0356057	0	0	0	0	0	0	-8.81288e+07	0.722146	0	0        0   1.36815e+06      0      9.5704    12.9716    0
15.2765	2275385	0	216.447	0.168788	0.186091	0.0260075	0.0131734	0.0260127	0	0	0	0	0	0	-1.56037e+08	0.517051	0	0        0   2.42269e+06      0      12.9716    17.5814    0
20.7055	4058960	0	211.79	0.1233	0.168342	0.0190709	0.0118801	0.0190778	0	0	0	0	0	0	-2.78411e+08	0.374069	0	0        0   4.32149e+06      0      17.5814    23.8296    0
28.0639	7261603	0	208.337	0.0905098	0.16253	0.0140321	0.0399109	0.0140196	0	0	0	0	0	0	-4.98039e+08	0.273034	0	0        0   7.72983e+06      0      23.8296    32.2982    0
38.0373	13017920	0	205.544	0.0666212	0.105385	0.0103228	0.0262099	0.0103346	0	0	0	0	0	0	-8.92953e+08	0.200416	0	0        0   1.38533e+07      0      32.2982    43.7764    0
51.5551	23405254	0	203.831	0.0492678	0.0562934	0.0076457	-0.0048245	0.00764783	0	0	0	0	0	0	-1.6056e+09	0.148084	0	0        0   2.49062e+07      0      43.7764    59.3338    0
69.8769	42150499	0	203.163	0.0366162	0.031818	0.00568498	-0.0102676	0.00568755	0	0	0	0	0	0	-2.8915e+09	0.110183	0	0        0   4.4865e+07      0      59.3338    80.42    0
94.7099	75707755	0	202.674	0.0272772	0.0280828	0.00423581	-0.0306244	0.00423545	0	0	0	0	0	0	-5.19409e+09	0.0823379	0	0        0   8.05504e+07      0      80.42    109    0
