# 1bin_value	2data_points	3sqrt(data_points)	4W	5W_err	6e+	7e+_err	8eX 9eX_err	10e++ 	11e++_err		12eXX	13eXX_err		14e+X	15e+X_err 	16theta          17theta_err       17num_den	18num_err 19LS_err     20wt_num     21wt_num_err  22r_low   23r_high 24sig_crit
0.117769	1452	0	200.083	5.91479	0	0	0	0	0	0	0	0	0	0	-1272.53	156420	0	0        0   1559.57      0      0.1    0.135538    0
0.159622	2679	0	202.135	4.30196	0	0	0	0	0	0	0	0	0	0	-1286.92	289384	0	0        0   2879.02      0      0.135538    0.183706    0
0.216349	4923	0	203.39	3.18054	0	0	0	0	0	0	0	0	0	0	-1309.98	533484	0	0        0   5245.87      0      0.183706    0.248992    0
0.293236	8843	0	200.221	2.33284	0	0	0	0	0	0	0	0	0	0	-1279.85	956235	0	0        0   9491.49      0      0.248992    0.33748    0
0.397447	16071	0	198.639	1.72231	0	0	0	0	0	0	0	0	0	0	-1268.93	1.73573e+06	0	0        0   17249.3      0      0.33748    0.457415    0
0.538693	29511	0	201.118	1.28941	0	0	0	0	0	0	0	0	0	0	-1285.05	3.18989e+06	0	0        0   31657.3      0      0.457415    0.619972    0
0.730136	54004	0	200.796	0.946152	0	0	0	0	0	0	0	0	0	0	-1289.91	5.84026e+06	0	0        0   57676.5      0      0.619972    0.8403    0
0.989614	98227	0	199.135	0.694822	0	0	0	0	0	0	0	0	0	0	-1278.4	1.06345e+07	0	0        0   104984      0      0.8403    1.13893    0
1.34131	179916	0	199.571	0.515625	0	0	0	0	0	0	0	0	0	0	-1279.21	1.94572e+07	0	0        0   192470      0      1.13893    1.54368    0
1.81798	330462	0	200.27	0.381493	0	0	0	0	0	0	0	0	0	0	-1284.3	3.57493e+07	0	0        0   353414      0      1.54368    2.09228    0
2.46406	604013	0	199.845	0.281728	0	0	0	0	0	0	0	0	0	0	-1282.19	6.5348e+07	0	0        0   645759      0      2.09228    2.83584    0
3.33975	1102122	0	199.708	0.208446	0	0	0	0	0	0	0	0	0	0	-1280.34	1.1926e+08	0	0        0   1.17917e+06      0      2.83584    3.84365    0
4.52664	2012330	0	199.734	0.154253	0	0	0	0	0	0	0	0	0	0	-1280.84	2.17723e+08	0	0        0   2.15228e+06      0      3.84365    5.20962    0
6.13533	3682366	0	199.962	0.114133	0	0	0	0	0	0	0	0	0	0	-1282.53	3.98346e+08	0	0        0   3.93772e+06      0      5.20962    7.06103    0
8.31572	6743174	0	199.775	0.0842746	0	0	0	0	0	0	0	0	0	0	-1281.47	7.29562e+08	0	0        0   7.20967e+06      0      7.06103    9.5704    0
11.271	12349496	0	199.76	0.0622882	0	0	0	0	0	0	0	0	0	0	-1281.39	1.33629e+09	0	0        0   1.32034e+07      0      9.5704    12.9716    0
15.2765	22526916	0	199.795	0.0461227	0	0	0	0	0	0	0	0	0	0	-1282.05	2.43856e+09	0	0        0   2.40785e+07      0      12.9716    17.5814    0
20.7055	41134686	0	199.804	0.0341406	0	0	0	0	0	0	0	0	0	0	-1282.34	4.45458e+09	0	0        0   4.39601e+07      0      17.5814    23.8296    0
28.0639	74926082	0	199.8	0.0253007	0	0	0	0	0	0	0	0	0	0	-1282.48	8.11681e+09	0	0        0   8.00603e+07      0      23.8296    32.2982    0
38.0373	136322939	0	199.854	0.018767	0	0	0	0	0	0	0	0	0	0	-1283.23	1.47757e+10	0	0        0   1.45622e+08      0      32.2982    43.7764    0
51.5551	247292150	0	199.805	0.0139348	0	0	0	0	0	0	0	0	0	0	-1283.23	2.68201e+10	0	0        0   2.64083e+08      0      43.7764    59.3338    0
69.8769	447231681	0	199.729	0.0103625	0	0	0	0	0	0	0	0	0	0	-1283.16	4.85498e+10	0	0        0   4.77473e+08      0      59.3338    80.42    0
94.7099	805530128	0	199.618	0.00772093	0	0	0	0	0	0	0	0	0	0	-1283.03	8.75458e+10	0	0        0   8.59656e+08      0      80.42    109    0
