# 1bin_value	2data_points	3sqrt(data_points)	4W	5W_err	6e+	7e+_err	8eX 9eX_err	10e++ 	11e++_err		12eXX	13eXX_err		14e+X	15e+X_err 	16theta          17theta_err       17num_den	18num_err 19LS_err     20wt_num     21wt_num_err  22r_low   23r_high 24sig_crit
0.117769	608	0	797.786	37.8301	17.3444	6.06532	0.639765	5.37077	0	0	0	0	0	0	-41968.9	118.091	0	0        0   643.199      0      0.1    0.135538    0
0.159622	829	0	609.999	23.9952	3.0878	3.34556	-0.41539	3.4283	0	0	0	0	0	0	-56867.9	65.3789	0	0        0   881.094      0      0.135538    0.183706    0
0.216349	1248	0	491.153	15.4598	2.3181	2.14741	-0.555714	2.33821	0	0	0	0	0	0	-85387.5	36.3939	0	0        0   1330.4      0      0.183706    0.248992    0
0.293236	1916	0	412.217	10.2725	6.25972	1.60127	-2.72443	1.60147	0	0	0	0	0	0	-131458	23.6099	0	0        0   2012.37      0      0.248992    0.33748    0
0.397447	3603	0	426.977	7.75114	3.88344	1.22691	2.42832	1.20741	0	0	0	0	0	0	-246729	15.8009	0	0        0   3842.2      0      0.33748    0.457415    0
0.538693	7303	0	485.612	6.18912	2.92009	0.987729	1.14824	0.983323	0	0	0	0	0	0	-501663	12.0874	0	0        0   7857.96      0      0.457415    0.619972    0
0.730136	10799	0	397.728	4.16459	3.2819	0.667317	-0.55864	0.670485	0	0	0	0	0	0	-740141	6.98215	0	0        0   11710.4      0      0.619972    0.8403    0
0.989614	17188	0	344.708	2.81164	0.983957	0.455074	0.851643	0.458303	0	0	0	0	0	0	-1.17835e+06	4.37263	0	0        0   18473      0      0.8403    1.13893    0
1.34131	28586	0	312.043	1.96836	0.830112	0.325383	0.0629902	0.326641	0	0	0	0	0	0	-1.96095e+06	2.91458	0	0        0   30548.3      0      1.13893    1.54368    0
1.81798	48320	0	288.237	1.39343	0.81839	0.227424	-0.00272158	0.228595	0	0	0	0	0	0	-3.31409e+06	2.0186	0	0        0   51449.4      0      1.54368    2.09228    0
2.46406	83596	0	273.017	1.00197	0.458351	0.165498	0.217529	0.164152	0	0	0	0	0	0	-5.72874e+06	1.41648	0	0        0   89091.2      0      2.09228    2.83584    0
3.33975	145172	0	259.22	0.720196	0.480984	0.117906	0.29138	0.118533	0	0	0	0	0	0	-9.95579e+06	0.993623	0	0        0   154387      0      2.83584    3.84365    0
4.52664	251556	0	247.022	0.521571	0.42479	0.0861096	-0.0688668	0.0859087	0	0	0	0	0	0	-1.7251e+07	0.705996	0	0        0   267838      0      3.84365    5.20962    0
6.13533	442874	0	238.35	0.378881	0.212278	0.062314	-0.158857	0.0626026	0	0	0	0	0	0	-3.03789e+07	0.504149	0	0        0   471317      0      5.20962    7.06103    0
8.31572	780526	0	229.403	0.274663	0.319774	0.0452265	-0.0378081	0.0453225	0	0	0	0	0	0	-5.35419e+07	0.363555	0	0        0   830119      0      7.06103    9.5704    0
11.271	1386190	0	222.533	0.199726	0.239212	0.0331213	0.0074117	0.0329859	0	0	0	0	0	0	-9.50868e+07	0.263168	0	0        0   1.47253e+06      0      9.5704    12.9716    0
15.2765	2451840	0	216.24	0.145895	0.198836	0.0241298	0.0243121	0.0241652	0	0	0	0	0	0	-1.68178e+08	0.191808	0	0        0   2.60532e+06      0      12.9716    17.5814    0
20.7055	4387492	0	212.167	0.106974	0.143881	0.0177162	0.00369493	0.0177004	0	0	0	0	0	0	-3.00951e+08	0.141134	0	0        0   4.66128e+06      0      17.5814    23.8296    0
28.0639	7847527	0	208.573	0.0786537	0.092923	0.0130078	-0.00309824	0.013005	0	0	0	0	0	0	-5.38249e+08	0.104527	0	0        0   8.33707e+06      0      23.8296    32.2982    0
38.0373	14100035	0	206.242	0.0580545	0.0703843	0.00960596	-0.0400805	0.00960098	0	0	0	0	0	0	-9.67122e+08	0.0776648	0	0        0   1.49783e+07      0      32.2982    43.7764    0
51.5551	25368483	0	204.746	0.0429845	0.0502481	0.00711234	-0.0263279	0.00710927	0	0	0	0	0	0	-1.74008e+09	0.0581714	0	0        0   2.69499e+07      0      43.7764    59.3338    0
69.8769	45745911	0	204.388	0.0319872	0.039085	0.00528593	-0.0226716	0.00528901	0	0	0	0	0	0	-3.13783e+09	0.0439542	0	0        0   4.86231e+07      0      59.3338    80.42    0
94.7099	82264124	0	204.121	0.0238449	0.0323535	0.00394107	-0.021779	0.00394172	0	0	0	0	0	0	-5.64314e+09	0.03348	0	0        0   8.74111e+07      0      80.42    109    0
