# 1bin_value	2data_points	3sqrt(data_points)	4W	5W_err	6e+	7e+_err	8eX 9eX_err	10e++ 	11e++_err		12eXX	13eXX_err		14e+X	15e+X_err 	16theta          17theta_err       17num_den	18num_err 19LS_err     20wt_num     21wt_num_err  22r_low   23r_high 24sig_crit
0.117769	1476	0	200.034	5.68285	0	0	0	0	0	0	0	0	0	0	-1296.94	161247	0	0        0   1566.98      0      0.1    0.135538    0
0.159622	2665	0	201.53	4.29668	0	0	0	0	0	0	0	0	0	0	-1287.01	292174	0	0        0   2868.22      0      0.135538    0.183706    0
0.216349	4809	0	197.273	3.11973	0	0	0	0	0	0	0	0	0	0	-1265.73	524059	0	0        0   5140.08      0      0.183706    0.248992    0
0.293236	8829	0	197.442	2.29564	0	0	0	0	0	0	0	0	0	0	-1269.84	962014	0	0        0   9429.51      0      0.248992    0.33748    0
0.397447	16383	0	200.447	1.72013	0	0	0	0	0	0	0	0	0	0	-1284.85	1.77918e+06	0	0        0   17542.8      0      0.33748    0.457415    0
0.538693	29824	0	200.88	1.27587	0	0	0	0	0	0	0	0	0	0	-1288.76	3.23881e+06	0	0        0   31893.7      0      0.457415    0.619972    0
0.730136	54967	0	202.363	0.945907	0	0	0	0	0	0	0	0	0	0	-1297.72	5.94656e+06	0	0        0   58707.4      0      0.619972    0.8403    0
0.989614	98433	0	198.354	0.693328	0	0	0	0	0	0	0	0	0	0	-1271.22	1.06769e+07	0	0        0   105350      0      0.8403    1.13893    0
1.34131	180804	0	198.68	0.512276	0	0	0	0	0	0	0	0	0	0	-1273.84	1.96146e+07	0	0        0   193376      0      1.13893    1.54368    0
1.81798	332139	0	199.916	0.380698	0	0	0	0	0	0	0	0	0	0	-1280.79	3.60405e+07	0	0        0   355550      0      1.54368    2.09228    0
2.46406	607912	0	199.702	0.280929	0	0	0	0	0	0	0	0	0	0	-1280.86	6.59908e+07	0	0        0   650167      0      2.09228    2.83584    0
3.33975	1110036	0	199.646	0.207914	0	0	0	0	0	0	0	0	0	0	-1279.37	1.20396e+08	0	0        0   1.18781e+06      0      2.83584    3.84365    0
4.52664	2030686	0	199.992	0.153909	0	0	0	0	0	0	0	0	0	0	-1282.69	2.20363e+08	0	0        0   2.17184e+06      0      3.84365    5.20962    0
6.13533	3707692	0	199.732	0.11378	0	0	0	0	0	0	0	0	0	0	-1281.05	4.02442e+08	0	0        0   3.96536e+06      0      5.20962    7.06103    0
8.31572	6800315	0	199.865	0.0840721	0	0	0	0	0	0	0	0	0	0	-1282.21	7.38221e+08	0	0        0   7.27061e+06      0      7.06103    9.5704    0
11.271	12444592	0	199.715	0.0621087	0	0	0	0	0	0	0	0	0	0	-1281.06	1.35079e+09	0	0        0   1.33055e+07      0      9.5704    12.9716    0
15.2765	22690159	0	199.711	0.0460046	0	0	0	0	0	0	0	0	0	0	-1281.26	2.4642e+09	0	0        0   2.42581e+07      0      12.9716    17.5814    0
20.7055	41424156	0	199.735	0.0340577	0	0	0	0	0	0	0	0	0	0	-1281.54	4.50017e+09	0	0        0   4.42828e+07      0      17.5814    23.8296    0
28.0639	75433607	0	199.653	0.025233	0	0	0	0	0	0	0	0	0	0	-1281.3	8.19827e+09	0	0        0   8.06172e+07      0      23.8296    32.2982    0
38.0373	137156383	0	199.645	0.0187182	0	0	0	0	0	0	0	0	0	0	-1281.71	1.49178e+10	0	0        0   1.46533e+08      0      32.2982    43.7764    0
51.5551	248709280	0	199.614	0.0139044	0	0	0	0	0	0	0	0	0	0	-1281.86	2.70754e+10	0	0        0   2.65635e+08      0      43.7764    59.3338    0
69.8769	449672284	0	199.571	0.0103451	0	0	0	0	0	0	0	0	0	0	-1281.92	4.90158e+10	0	0        0   4.80143e+08      0      59.3338    80.42    0
94.7099	809407345	0	199.458	0.00771257	0	0	0	0	0	0	0	0	0	0	-1281.73	8.83821e+10	0	0        0   8.63905e+08      0      80.42    109    0
