# 1bin_value	2data_points	3sqrt(data_points)	4W	5W_err	6e+	7e+_err	8eX 9eX_err	10e++ 	11e++_err		12eXX	13eXX_err		14e+X	15e+X_err 	16theta          17theta_err       17num_den	18num_err 19LS_err     20wt_num     21wt_num_err  22r_low   23r_high 24sig_crit
0.117769	277	0	197.762	15.2603	-1.9059	2.00743	-3.2966	2.03372	0	0	0	0	0	0	-18759.3	63.2891	0	0        0   277      0      0.1    0.135538    0
0.159622	517	0	185.445	10.1005	1.08172	1.51224	0.761996	1.47563	0	0	0	0	0	0	-35205.2	40.7481	0	0        0   517      0      0.135538    0.183706    0
0.216349	932	0	191.853	7.75114	-0.461359	1.09672	2.28721	1.10596	0	0	0	0	0	0	-63450.1	31.1754	0	0        0   932      0      0.183706    0.248992    0
0.293236	1707	0	201.386	6.07916	0.0374854	0.834252	-1.04694	0.858497	0	0	0	0	0	0	-117836	25.2249	0	0        0   1707      0      0.248992    0.33748    0
0.397447	3229	0	203.375	4.43861	0.540383	0.641935	-0.996559	0.63453	0	0	0	0	0	0	-220761	18.227	0	0        0   3229      0      0.33748    0.457415    0
0.538693	5888	0	200.214	3.22519	0.269302	0.456001	0.106056	0.454952	0	0	0	0	0	0	-403417	13.1657	0	0        0   5888      0      0.457415    0.619972    0
0.730136	10883	0	204.584	2.43144	-0.103158	0.345776	-0.0569763	0.34887	0	0	0	0	0	0	-746727	10.0077	0	0        0   10883      0      0.619972    0.8403    0
0.989614	19395	0	199.322	1.76461	0.326352	0.248689	0.476895	0.252435	0	0	0	0	0	0	-1.33027e+06	7.18472	0	0        0   19395      0      0.8403    1.13893    0
1.34131	35909	0	202.795	1.32414	0.00390907	0.187798	0.0384471	0.187986	0	0	0	0	0	0	-2.4641e+06	5.42683	0	0        0   35909      0      1.13893    1.54368    0
1.81798	66385	0	204.281	0.981489	-0.070857	0.138989	-0.180308	0.13961	0	0	0	0	0	0	-4.55671e+06	4.02962	0	0        0   66385      0      1.54368    2.09228    0
2.46406	120390	0	201.14	0.715957	0.0578822	0.101982	-0.0142883	0.102049	0	0	0	0	0	0	-8.25953e+06	2.92589	0	0        0   120390      0      2.09228    2.83584    0
3.33975	219538	0	201.732	0.531886	-0.0509445	0.0757155	-0.0116976	0.0757789	0	0	0	0	0	0	-1.50647e+07	2.1754	0	0        0   219538      0      2.83584    3.84365    0
4.52664	402399	0	202.295	0.394147	-0.0111305	0.0559425	-0.00894574	0.0559299	0	0	0	0	0	0	-2.76034e+07	1.61273	0	0        0   402399      0      3.84365    5.20962    0
6.13533	734525	0	202.205	0.291656	0.0513052	0.0415013	-0.0588781	0.041472	0	0	0	0	0	0	-5.03835e+07	1.19346	0	0        0   734525      0      5.20962    7.06103    0
8.31572	1348548	0	202.515	0.21564	-0.0321591	0.030611	0.0542245	0.0306603	0	0	0	0	0	0	-9.24628e+07	0.882638	0	0        0   1.34855e+06      0      7.06103    9.5704    0
11.271	2471397	0	202.589	0.15938	-0.0189688	0.0226404	-0.0586784	0.0226373	0	0	0	0	0	0	-1.69483e+08	0.652674	0	0        0   2.4714e+06      0      9.5704    12.9716    0
15.2765	4512079	0	203.008	0.118251	-0.0179324	0.0168085	0.031634	0.0167893	0	0	0	0	0	0	-3.09463e+08	0.4847	0	0        0   4.51208e+06      0      12.9716    17.5814    0
20.7055	8240842	0	203.023	0.0875237	0.0111888	0.0124327	0.00288475	0.0124306	0	0	0	0	0	0	-5.65185e+08	0.358878	0	0        0   8.24084e+06      0      17.5814    23.8296    0
28.0639	15034641	0	203.424	0.0649595	-0.00509249	0.00922005	-0.00876959	0.00922275	0	0	0	0	0	0	-1.03101e+09	0.266571	0	0        0   1.50346e+07      0      23.8296    32.2982    0
38.0373	27369260	0	203.6	0.0482074	-0.00401795	0.00684316	-0.000633875	0.00684381	0	0	0	0	0	0	-1.87699e+09	0.197978	0	0        0   2.73693e+07      0      32.2982    43.7764    0
51.5551	49671127	0	203.759	0.0358326	-0.0131813	0.00508357	0.0140427	0.00508432	0	0	0	0	0	0	-3.40655e+09	0.147305	0	0        0   4.96711e+07      0      43.7764    59.3338    0
69.8769	89982501	0	204.086	0.0266865	-0.000951664	0.00378468	-0.0029544	0.00378421	0	0	0	0	0	0	-6.17118e+09	0.109857	0	0        0   8.99825e+07      0      59.3338    80.42    0
94.7099	162317940	0	204.474	0.0199291	-0.00864921	0.00282414	-0.00808401	0.00282418	0	0	0	0	0	0	-1.11326e+10	0.0821979	0	0        0   1.62318e+08      0      80.42    109    0
