# 1bin_value	2data_points	3sqrt(data_points)	4W	5W_err	6e+	7e+_err	8eX 9eX_err	10e++ 	11e++_err		12eXX	13eXX_err		14e+X	15e+X_err 	16theta          17theta_err       17num_den	18num_err 19LS_err     20wt_num     21wt_num_err  22r_low   23r_high 24sig_crit
0.117769	1568	0	214.431	5.7396	-0.93976	0.913533	-0.39626	0.936909	0	0	0	0	0	0	-107206	13.7103	0	0        0   1568      0      0.1    0.135538    0
0.159622	2662	0	200.126	4.08793	-0.930947	0.656683	0.0781006	0.646995	0	0	0	0	0	0	-181963	9.37272	0	0        0   2662      0      0.135538    0.183706    0
0.216349	5077	0	208.375	3.09467	-0.563665	0.481212	-1.36693	0.497214	0	0	0	0	0	0	-349176	7.36301	0	0        0   5077      0      0.183706    0.248992    0
0.293236	8937	0	200.155	2.23358	-0.0170887	0.356279	-0.345664	0.35742	0	0	0	0	0	0	-613118	5.22221	0	0        0   8937      0      0.248992    0.33748    0
0.397447	16401	0	200.525	1.65202	-0.434813	0.261141	0.0625722	0.264556	0	0	0	0	0	0	-1.12559e+06	3.85899	0	0        0   16401      0      0.33748    0.457415    0
0.538693	30178	0	203.253	1.23513	0.0225257	0.196941	0.23693	0.195593	0	0	0	0	0	0	-2.07012e+06	2.8968	0	0        0   30178      0      0.457415    0.619972    0
0.730136	54947	0	202.573	0.911963	-0.31625	0.145081	-0.216796	0.144994	0	0	0	0	0	0	-3.76936e+06	2.13365	0	0        0   54947      0      0.619972    0.8403    0
0.989614	99975	0	201.347	0.671864	-0.0400754	0.106982	-0.0758833	0.1073	0	0	0	0	0	0	-6.8528e+06	1.56721	0	0        0   99975      0      0.8403    1.13893    0
1.34131	183599	0	201.732	0.496763	-0.0369047	0.078936	0.0109998	0.0792057	0	0	0	0	0	0	-1.2596e+07	1.1611	0	0        0   183599      0      1.13893    1.54368    0
1.81798	336586	0	202.363	0.368108	-0.053695	0.0586163	-0.0204018	0.0584668	0	0	0	0	0	0	-2.30819e+07	0.86066	0	0        0   336586      0      1.54368    2.09228    0
2.46406	616158	0	202.354	0.272031	0.0379658	0.043352	-0.0829568	0.0433796	0	0	0	0	0	0	-4.22587e+07	0.635882	0	0        0   616158      0      2.09228    2.83584    0
3.33975	1127178	0	202.552	0.201327	-0.0120666	0.0320767	0.0138794	0.0320811	0	0	0	0	0	0	-7.73052e+07	0.470577	0	0        0   1.12718e+06      0      2.83584    3.84365    0
4.52664	2060197	0	202.855	0.149141	0.0124072	0.023752	-0.0142408	0.0237373	0	0	0	0	0	0	-1.41287e+08	0.348679	0	0        0   2.0602e+06      0      3.84365    5.20962    0
6.13533	3773105	0	203.19	0.110402	-0.0225973	0.017585	-0.0176653	0.0175732	0	0	0	0	0	0	-2.58784e+08	0.258384	0	0        0   3.7731e+06      0      5.20962    7.06103    0
8.31572	6915776	0	203.261	0.0815814	0.0221325	0.0129781	0.00525659	0.0129941	0	0	0	0	0	0	-4.74305e+08	0.191048	0	0        0   6.91578e+06      0      7.06103    9.5704    0
11.271	12677739	0	203.442	0.0603154	0.00438719	0.00960085	-0.00189832	0.00960248	0	0	0	0	0	0	-8.69449e+08	0.141378	0	0        0   1.26777e+07      0      9.5704    12.9716    0
15.2765	23145913	0	203.708	0.0447022	-0.00121861	0.00711539	0.00131809	0.00711402	0	0	0	0	0	0	-1.58744e+09	0.104861	0	0        0   2.31459e+07      0      12.9716    17.5814    0
20.7055	42319954	0	204.024	0.0331162	-0.00123321	0.00526989	0.00852849	0.00526864	0	0	0	0	0	0	-2.90253e+09	0.0777812	0	0        0   4.232e+07      0      17.5814    23.8296    0
28.0639	77194859	0	204.299	0.0245579	0.000678347	0.00390772	0.000101105	0.00390637	0	0	0	0	0	0	-5.29428e+09	0.0577655	0	0        0   7.71949e+07      0      23.8296    32.2982    0
38.0373	140590896	0	204.631	0.0182319	0.00202057	0.00290043	-0.00422479	0.00290038	0	0	0	0	0	0	-9.64252e+09	0.0429722	0	0        0   1.40591e+08      0      32.2982    43.7764    0
51.5551	255451262	0	204.984	0.0135533	-0.00122742	0.00215568	0.00485672	0.00215563	0	0	0	0	0	0	-1.75197e+10	0.0320173	0	0        0   2.55451e+08      0      43.7764    59.3338    0
69.8769	462887444	0	205.327	0.0100893	0.00213891	0.00160397	0.00369906	0.00160387	0	0	0	0	0	0	-3.17469e+10	0.0239021	0	0        0   4.62887e+08      0      59.3338    80.42    0
94.7099	835969073	0	205.815	0.00752943	0.00267299	0.00119639	0.000221674	0.00119629	0	0	0	0	0	0	-5.73362e+10	0.0179033	0	0        0   8.35969e+08      0      80.42    109    0
