# 1bin_value	2data_points	3sqrt(data_points)	4W	5W_err	6e+	7e+_err	8eX 9eX_err	10e++ 	11e++_err		12eXX	13eXX_err		14e+X	15e+X_err 	16theta          17theta_err       17num_den	18num_err 19LS_err     20wt_num     21wt_num_err  22r_low   23r_high 24sig_crit
0.117769	618	0	806.476	37.7926	17.618	6.04394	1.35031	5.3497	0	0	0	0	0	0	-42665.6	116.13	0	0        0   652.687      0      0.1    0.135538    0
0.159622	836	0	613.049	23.9243	3.43867	3.33102	0.21251	3.41432	0	0	0	0	0	0	-57360.4	64.1343	0	0        0   888.848      0      0.135538    0.183706    0
0.216349	1264	0	496.311	15.4392	2.77937	2.14187	-0.907617	2.33342	0	0	0	0	0	0	-86424.7	35.3703	0	0        0   1348.02      0      0.183706    0.248992    0
0.293236	1943	0	415.872	10.2504	6.64916	1.594	-3.10689	1.59707	0	0	0	0	0	0	-133307	22.646	0	0        0   2036.89      0      0.248992    0.33748    0
0.397447	3633	0	428.643	7.72351	3.56391	1.22224	2.55136	1.20258	0	0	0	0	0	0	-248894	15.1457	0	0        0   3871.17      0      0.33748    0.457415    0
0.538693	7377	0	488.607	6.17085	3.00663	0.984077	1.44362	0.97992	0	0	0	0	0	0	-506789	11.5612	0	0        0   7934.36      0      0.457415    0.619972    0
0.730136	10900	0	400.047	4.15032	3.11857	0.664912	-0.438964	0.667969	0	0	0	0	0	0	-747010	6.57778	0	0        0   11820.9      0      0.619972    0.8403    0
0.989614	17330	0	345.885	2.79987	0.932645	0.453139	0.796635	0.456343	0	0	0	0	0	0	-1.18806e+06	4.09109	0	0        0   18616.7      0      0.8403    1.13893    0
1.34131	28858	0	313.642	1.9606	0.758757	0.324071	0.106202	0.325316	0	0	0	0	0	0	-1.97948e+06	2.67469	0	0        0   30829.5      0      1.13893    1.54368    0
1.81798	48840	0	290.095	1.38804	0.821285	0.226513	0.0359738	0.227683	0	0	0	0	0	0	-3.35002e+06	1.81412	0	0        0   51989      0      1.54368    2.09228    0
2.46406	84592	0	275.023	0.99793	0.484055	0.164806	0.219221	0.163466	0	0	0	0	0	0	-5.79719e+06	1.25011	0	0        0   90124      0      2.09228    2.83584    0
3.33975	146786	0	260.975	0.71728	0.474356	0.117417	0.275577	0.118041	0	0	0	0	0	0	-1.00664e+07	0.878851	0	0        0   156083      0      2.83584    3.84365    0
4.52664	254521	0	248.832	0.519419	0.422031	0.0857461	-0.0695272	0.0855461	0	0	0	0	0	0	-1.7455e+07	0.614509	0	0        0   270942      0      3.84365    5.20962    0
6.13533	447934	0	240.015	0.377277	0.213464	0.062045	-0.145669	0.0623327	0	0	0	0	0	0	-3.07251e+07	0.43888	0	0        0   476660      0      5.20962    7.06103    0
8.31572	789846	0	231.07	0.273483	0.323821	0.0450282	-0.0356522	0.045124	0	0	0	0	0	0	-5.418e+07	0.313762	0	0        0   839842      0      7.06103    9.5704    0
11.271	1402831	0	224.135	0.198841	0.245082	0.0329721	0.00103202	0.0328373	0	0	0	0	0	0	-9.62304e+07	0.225868	0	0        0   1.48982e+06      0      9.5704    12.9716    0
15.2765	2481637	0	217.799	0.145223	0.19635	0.0240169	0.0204581	0.0240522	0	0	0	0	0	0	-1.70223e+08	0.164226	0	0        0   2.63641e+06      0      12.9716    17.5814    0
20.7055	4442117	0	213.703	0.106464	0.141197	0.0176305	0.00995806	0.0176148	0	0	0	0	0	0	-3.04704e+08	0.120417	0	0        0   4.71783e+06      0      17.5814    23.8296    0
28.0639	7951097	0	210.194	0.0782615	0.0928879	0.0129419	-0.00304768	0.0129392	0	0	0	0	0	0	-5.45371e+08	0.0884105	0	0        0   8.44463e+06      0      23.8296    32.2982    0
38.0373	14293925	0	207.892	0.0577473	0.0679067	0.0095544	-0.0344539	0.00954945	0	0	0	0	0	0	-9.80403e+08	0.0654267	0	0        0   1.51797e+07      0      32.2982    43.7764    0
51.5551	25734828	0	206.438	0.0427394	0.0485474	0.00707125	-0.019667	0.00706819	0	0	0	0	0	0	-1.76524e+09	0.0486805	0	0        0   2.73305e+07      0      43.7764    59.3338    0
69.8769	46451805	0	206.161	0.031788	0.0388048	0.00525259	-0.0151247	0.00525565	0	0	0	0	0	0	-3.18631e+09	0.0365049	0	0        0   4.93561e+07      0      59.3338    80.42    0
94.7099	83655675	0	206.021	0.0236782	0.0307674	0.00391317	-0.0147495	0.00391382	0	0	0	0	0	0	-5.73873e+09	0.0274862	0	0        0   8.88534e+07      0      80.42    109    0
