# 1bin_value	2data_points	3sqrt(data_points)	4W	5W_err	6e+	7e+_err	8eX 9eX_err	10e++ 	11e++_err		12eXX	13eXX_err		14e+X	15e+X_err 	16theta          17theta_err       17num_den	18num_err 19LS_err     20wt_num     21wt_num_err  22r_low   23r_high 24sig_crit
0.117769	685	0	1023.86	122.504	17.5473	7.20678	-3.14423	6.64857	0	0	0	0	0	0	-47149.6	754.123	0	0        0   728.853      0      0.1    0.135538    0
0.159622	896	0	690.802	60.3693	10.634	4.19114	1.25635	3.79072	0	0	0	0	0	0	-61384.3	364.499	0	0        0   939.699      0      0.135538    0.183706    0
0.216349	1310	0	549.608	31.8678	9.49125	2.86422	-3.79031	2.61821	0	0	0	0	0	0	-89755	176.782	0	0        0   1402.44      0      0.183706    0.248992    0
0.293236	1808	0	415.805	19.0307	5.71197	1.74308	-0.399285	1.7276	0	0	0	0	0	0	-124143	104.964	0	0        0   1905.04      0      0.248992    0.33748    0
0.397447	3514	0	436.899	13.6821	4.64916	1.35351	-0.857989	1.30611	0	0	0	0	0	0	-240303	71.8911	0	0        0   3780.15      0      0.33748    0.457415    0
0.538693	7184	0	536.506	11.7607	5.52474	1.13067	-1.49164	1.16826	0	0	0	0	0	0	-493100	61.1539	0	0        0   7804.83      0      0.457415    0.619972    0
0.730136	10375	0	410.945	6.49608	2.22932	0.728589	0.264862	0.739504	0	0	0	0	0	0	-710753	31.1082	0	0        0   11208.1      0      0.619972    0.8403    0
0.989614	16301	0	348.746	3.9677	0.813915	0.496641	0.0232802	0.496088	0	0	0	0	0	0	-1.11728e+06	17.7087	0	0        0   17447.9      0      0.8403    1.13893    0
1.34131	27139	0	320.165	2.67524	1.0707	0.355127	0.475384	0.354594	0	0	0	0	0	0	-1.8648e+06	11.2165	0	0        0   29097.1      0      1.13893    1.54368    0
1.81798	45853	0	294.711	1.81567	1.01956	0.248299	0.154166	0.24679	0	0	0	0	0	0	-3.14193e+06	7.21898	0	0        0   48925.3      0      1.54368    2.09228    0
2.46406	78529	0	275.077	1.25154	0.741083	0.177512	-0.104613	0.178803	0	0	0	0	0	0	-5.38823e+06	4.65786	0	0        0   83822      0      2.09228    2.83584    0
3.33975	136154	0	262.617	0.885152	0.688587	0.129056	0.100048	0.128486	0	0	0	0	0	0	-9.342e+06	3.1538	0	0        0   145116      0      2.83584    3.84365    0
4.52664	235986	0	249.891	0.6284	0.483085	0.0931249	0.0139651	0.0932988	0	0	0	0	0	0	-1.61768e+07	2.13756	0	0        0   251613      0      3.84365    5.20962    0
6.13533	413189	0	239.899	0.449335	0.337178	0.067549	0.0307083	0.0675301	0	0	0	0	0	0	-2.83361e+07	1.47095	0	0        0   440436      0      5.20962    7.06103    0
8.31572	728102	0	230.474	0.321536	0.333077	0.049049	0.0814953	0.0489604	0	0	0	0	0	0	-4.99395e+07	1.02106	0	0        0   775297      0      7.06103    9.5704    0
11.271	1287282	0	222.659	0.231834	0.221729	0.0355634	0.0260124	0.0355885	0	0	0	0	0	0	-8.82842e+07	0.720706	0	0        0   1.36977e+06      0      9.5704    12.9716    0
15.2765	2279511	0	216.575	0.168712	0.183639	0.0259924	0.00994908	0.0259975	0	0	0	0	0	0	-1.56318e+08	0.515825	0	0        0   2.4255e+06      0      12.9716    17.5814    0
20.7055	4068181	0	211.995	0.123243	0.164726	0.0190582	0.00702511	0.0190652	0	0	0	0	0	0	-2.79046e+08	0.37296	0	0        0   4.3285e+06      0      17.5814    23.8296    0
28.0639	7277118	0	208.466	0.0904472	0.162665	0.0140206	0.0310742	0.0140082	0	0	0	0	0	0	-4.9909e+08	0.272175	0	0        0   7.74086e+06      0      23.8296    32.2982    0
38.0373	13050195	0	205.73	0.0665743	0.104817	0.0103138	0.0324114	0.0103255	0	0	0	0	0	0	-8.95137e+08	0.199704	0	0        0   1.38781e+07      0      32.2982    43.7764    0
51.5551	23463252	0	204	0.0492294	0.0633391	0.00763851	-0.0053543	0.00764064	0	0	0	0	0	0	-1.60945e+09	0.147555	0	0        0   2.49501e+07      0      43.7764    59.3338    0
69.8769	42271004	0	203.352	0.0365817	0.0362064	0.00567861	-0.0148247	0.00568117	0	0	0	0	0	0	-2.89953e+09	0.109716	0	0        0   4.49564e+07      0      59.3338    80.42    0
94.7099	75981566	0	202.948	0.0272464	0.0316146	0.00422995	-0.0286631	0.00422958	0	0	0	0	0	0	-5.21232e+09	0.0819064	0	0        0   8.07703e+07      0      80.42    109    0
