# 1bin_value	2data_points	3sqrt(data_points)	4W	5W_err	6e+	7e+_err	8eX 9eX_err	10e++ 	11e++_err		12eXX	13eXX_err		14e+X	15e+X_err 	16theta          17theta_err       17num_den	18num_err 19LS_err     20wt_num     21wt_num_err  22r_low   23r_high 24sig_crit
0.117769	298	0	235.885	18.1167	0	0	0	0	0	0	0	0	0	0	-1559.75	32517.2	0	0        0   307.506      0      0.1    0.135538    0
0.159622	491	0	195.456	11.1723	0	0	0	0	0	0	0	0	0	0	-1277.54	54554.8	0	0        0   518.103      0      0.135538    0.183706    0
0.216349	896	0	209.054	8.96706	0	0	0	0	0	0	0	0	0	0	-1341.7	97532	0	0        0   955.347      0      0.183706    0.248992    0
0.293236	1611	0	191.575	6.00278	0	0	0	0	0	0	0	0	0	0	-1235.29	175213	0	0        0   1712.55      0      0.248992    0.33748    0
0.397447	2949	0	191.174	4.4441	0	0	0	0	0	0	0	0	0	0	-1232.81	320169	0	0        0   3131.01      0      0.33748    0.457415    0
0.538693	5481	0	206.866	3.582	0	0	0	0	0	0	0	0	0	0	-1323.74	600158	0	0        0   5891.27      0      0.457415    0.619972    0
0.730136	9897	0	199.16	2.54089	0	0	0	0	0	0	0	0	0	0	-1279.19	1.07572e+06	0	0        0   10577.2      0      0.619972    0.8403    0
0.989614	18174	0	198.536	1.8751	0	0	0	0	0	0	0	0	0	0	-1271.4	1.96993e+06	0	0        0   19449.3      0      0.8403    1.13893    0
1.34131	33287	0	199.272	1.38444	0	0	0	0	0	0	0	0	0	0	-1278.86	3.61356e+06	0	0        0   35582.2      0      1.13893    1.54368    0
1.81798	60951	0	199.331	1.02315	0	0	0	0	0	0	0	0	0	0	-1279.22	6.62063e+06	0	0        0   65185.4      0      1.54368    2.09228    0
2.46406	110934	0	198.293	0.755396	0	0	0	0	0	0	0	0	0	0	-1268.9	1.20392e+07	0	0        0   118902      0      2.09228    2.83584    0
3.33975	203228	0	199.511	0.561718	0	0	0	0	0	0	0	0	0	0	-1279.22	2.20545e+07	0	0        0   217409      0      2.83584    3.84365    0
4.52664	371804	0	199.555	0.415058	0	0	0	0	0	0	0	0	0	0	-1279.46	4.03325e+07	0	0        0   397696      0      3.84365    5.20962    0
6.13533	679584	0	199.501	0.306809	0	0	0	0	0	0	0	0	0	0	-1279.8	7.37157e+07	0	0        0   726481      0      5.20962    7.06103    0
8.31572	1247185	0	199.533	0.226679	0	0	0	0	0	0	0	0	0	0	-1280.31	1.35379e+08	0	0        0   1.33322e+06      0      7.06103    9.5704    0
11.271	2282832	0	199.373	0.167375	0	0	0	0	0	0	0	0	0	0	-1279.04	2.47784e+08	0	0        0   2.44034e+06      0      9.5704    12.9716    0
15.2765	4161896	0	199.374	0.12399	0	0	0	0	0	0	0	0	0	0	-1279.24	4.52091e+08	0	0        0   4.44898e+06      0      12.9716    17.5814    0
20.7055	7611395	0	199.816	0.0919513	0	0	0	0	0	0	0	0	0	0	-1282.22	8.27101e+08	0	0        0   8.13516e+06      0      17.5814    23.8296    0
28.0639	13848310	0	199.714	0.0681388	0	0	0	0	0	0	0	0	0	0	-1281.71	1.5055e+09	0	0        0   1.47991e+07      0      23.8296    32.2982    0
38.0373	25170234	0	199.622	0.0505376	0	0	0	0	0	0	0	0	0	0	-1281.73	2.73885e+09	0	0        0   2.68865e+07      0      32.2982    43.7764    0
51.5551	45644435	0	199.589	0.0375462	0	0	0	0	0	0	0	0	0	0	-1281.66	4.97183e+09	0	0        0   4.87491e+07      0      43.7764    59.3338    0
69.8769	82571587	0	199.717	0.0279569	0	0	0	0	0	0	0	0	0	0	-1282.86	9.00871e+09	0	0        0   8.81689e+07      0      59.3338    80.42    0
94.7099	148585676	0	199.607	0.0208484	0	0	0	0	0	0	0	0	0	0	-1282.84	1.62422e+10	0	0        0   1.58572e+08      0      80.42    109    0
