# 1bin_value	2data_points	3sqrt(data_points)	4W	5W_err	6e+	7e+_err	8eX 9eX_err	10e++ 	11e++_err		12eXX	13eXX_err		14e+X	15e+X_err 	16theta          17theta_err       17num_den	18num_err 19LS_err     20wt_num     21wt_num_err  22r_low   23r_high 24sig_crit
0.117769	691	inf	769.936	125.937	14.8776	7.57505	-4.41807	7.01327	0	0	0	0	0	0	-5224.2	762.823	0	inf        0   0      0      0.1    0.135538    0
0.159622	906	19.4861	503.365	62.8589	10.6601	4.46214	0.647395	4.07304	0	0	0	0	0	0	-3188.44	370.306	0	19.4861        0   0      0      0.135538    0.183706    0
0.216349	1324	14.3916	341.802	34.9802	10.0337	3.12076	-3.39122	2.89014	0	0	0	0	0	0	-2149.44	185.966	0	14.3916        0   0      0      0.183706    0.248992    0
0.293236	1819	10.446	228.771	21.395	5.96401	1.9665	-0.548377	1.94532	0	0	0	0	0	0	-1363.92	111.45	0	10.446        0   0      0      0.248992    0.33748    0
0.397447	3534	6.76207	248.129	15.0347	5.69845	1.48568	-1.46167	1.44073	0	0	0	0	0	0	-1423.73	74.0593	0	6.76207        0   0      0      0.33748    0.457415    0
0.538693	7253	4.37663	323.644	12.7731	4.98939	1.2274	-1.36631	1.26283	0	0	0	0	0	0	-1983.73	62.8202	0	4.37663        0   0      0      0.457415    0.619972    0
0.730136	10448	3.3203	212.996	7.40039	1.96654	0.807216	0.465453	0.814605	0	0	0	0	0	0	-1240.82	32.6728	0	3.3203        0   0      0      0.619972    0.8403    0
0.989614	16443	2.44218	149.189	4.76263	0.450854	0.558142	0.245446	0.558553	0	0	0	0	0	0	-852.481	19.2554	0	2.44218        0   0      0      0.8403    1.13893    0
1.34131	27332	1.80863	119.962	3.29173	1.14435	0.401357	0.59133	0.400647	0	0	0	0	0	0	-672.774	12.4125	0	1.80863        0   0      0      1.13893    1.54368    0
1.81798	46195	1.34172	94.3592	2.30503	0.854254	0.284464	0.229828	0.283524	0	0	0	0	0	0	-512.512	8.23433	0	1.34172        0   0      0      1.54368    2.09228    0
2.46406	79197	0.993337	76.6304	1.63506	0.872144	0.205118	-0.143737	0.20639	0	0	0	0	0	0	-392.841	5.51832	0	0.993337        0   0      0      2.09228    2.83584    0
3.33975	137262	0.734522	60.9754	1.18189	0.739537	0.149943	0.150553	0.149488	0	0	0	0	0	0	-302.517	3.8498	0	0.734522        0   0      0      2.83584    3.84365    0
4.52664	237910	0.544936	48.1242	0.854319	0.546374	0.109025	0.100276	0.109176	0	0	0	0	0	0	-218.414	2.68944	0	0.544936        0   0      0      3.84365    5.20962    0
6.13533	416714	0.403715	38.624	0.62045	0.348843	0.0794635	0.00773005	0.079412	0	0	0	0	0	0	-158.476	1.9018	0	0.403715        0   0      0      5.20962    7.06103    0
8.31572	734481	0.298946	29.1622	0.450779	0.316093	0.0579796	0.0924346	0.057885	0	0	0	0	0	0	-99.3326	1.35447	0	0.298946        0   0      0      7.06103    9.5704    0
11.271	1298602	0.221755	21.0778	0.329048	0.173263	0.0422673	0.0280997	0.0422947	0	0	0	0	0	0	-47.0351	0.976591	0	0.221755        0   0      0      9.5704    12.9716    0
15.2765	2299495	0.164932	14.7738	0.241633	0.174822	0.0310238	-0.00262032	0.0310155	0	0	0	0	0	0	-6.07782	0.710559	0	0.164932        0   0      0      12.9716    17.5814    0
20.7055	4104099	0.122569	9.76726	0.177795	0.154906	0.0228091	0.0258381	0.0228145	0	0	0	0	0	0	23.0656	0.519663	0	0.122569        0   0      0      17.5814    23.8296    0
28.0639	7345680	0.0911507	6.04759	0.131188	0.142108	0.0168235	0.0437323	0.0168105	0	0	0	0	0	0	47.8841	0.382454	0	0.0911507        0   0      0      23.8296    32.2982    0
38.0373	13175390	0.0678155	3.01309	0.0969652	0.0981567	0.0124078	0.0543106	0.0124178	0	0	0	0	0	0	67.717	0.282405	0	0.0678155        0   0      0      32.2982    43.7764    0
51.5551	23709806	0.0504553	1.38562	0.0718718	0.0540117	0.00919722	0.000459269	0.00919898	0	0	0	0	0	0	78.1833	0.209187	0	0.0504553        0   0      0      43.7764    59.3338    0
69.8769	42746480	0.0375533	0.808108	0.0534416	0.0320185	0.00683739	0.00405563	0.00683962	0	0	0	0	0	0	81.4711	0.155549	0	0.0375533        0   0      0      59.3338    80.42    0
94.7099	76887357	0.0279885	0.365512	0.0398231	0.0183223	0.00509364	-0.0192701	0.00509355	0	0	0	0	0	0	84.3076	0.116087	0	0.0279885        0   0      0      80.42    109    0
