# 1bin_value	2data_points	3sqrt(data_points)	4W	5W_err	6e+	7e+_err	8eX 9eX_err	10e++ 	11e++_err		12eXX	13eXX_err		14e+X	15e+X_err 	16theta          17theta_err       17num_den	18num_err 19LS_err     20wt_num     21wt_num_err  22r_low   23r_high 24sig_crit
0.117769	14586	0	200	0	0	0	0	0	0	0	0	0	0	0	0	0	0	0        0   14586      0      0.1    0.135538    0
0.159622	26608	0	200	0	0	0	0	0	0	0	0	0	0	0	0	0	0	0        0   26608      0      0.135538    0.183706    0
0.216349	48323	0	200	0	0	0	0	0	0	0	0	0	0	0	0	0	0	0        0   48323      0      0.183706    0.248992    0
0.293236	88716	0	200	0	0	0	0	0	0	0	0	0	0	0	0	0	0	0        0   88716      0      0.248992    0.33748    0
0.397447	162349	0	200	0	0	0	0	0	0	0	0	0	0	0	0	0	0	0        0   162349      0      0.33748    0.457415    0
0.538693	294188	0	200	0	0	0	0	0	0	0	0	0	0	0	0	0	0	0        0   294188      0      0.457415    0.619972    0
0.730136	537180	0	200	0	0	0	0	0	0	0	0	0	0	0	0	0	0	0        0   537180      0      0.619972    0.8403    0
0.989614	985689	0	200	0	0	0	0	0	0	0	0	0	0	0	0	0	0	0        0   985689      0      0.8403    1.13893    0
1.34131	1803369	0	200	0	0	0	0	0	0	0	0	0	0	0	0	0	0	0        0   1.80337e+06      0      1.13893    1.54368    0
1.81798	3300008	0	200	0	0	0	0	0	0	0	0	0	0	0	0	0	0	0        0   3.30001e+06      0      1.54368    2.09228    0
2.46406	6042289	0	200	0	0	0	0	0	0	0	0	0	0	0	0	0	0	0        0   6.04229e+06      0      2.09228    2.83584    0
3.33975	11039532	0	200	0	0	0	0	0	0	0	0	0	0	0	0	0	0	0        0   1.10395e+07      0      2.83584    3.84365    0
4.52664	20149718	0	200	0	0	0	0	0	0	0	0	0	0	0	0	0	0	0        0   2.01497e+07      0      3.84365    5.20962    0
6.13533	36822166	0	200	0	0	0	0	0	0	0	0	0	0	0	0	0	0	0        0   3.68222e+07      0      5.20962    7.06103    0
8.31572	67485786	0	200	0	0	0	0	0	0	0	0	0	0	0	0	0	0	0        0   6.74858e+07      0      7.06103    9.5704    0
11.271	123601421	0	200	0	0	0	0	0	0	0	0	0	0	0	0	0	0	0        0   1.23601e+08      0      9.5704    12.9716    0
15.2765	225389209	0	200	0	0	0	0	0	0	0	0	0	0	0	0	0	0	0        0   2.25389e+08      0      12.9716    17.5814    0
20.7055	411498103	0	200	0	0	0	0	0	0	0	0	0	0	0	0	0	0	0        0   4.11498e+08      0      17.5814    23.8296    0
28.0639	749520186	0	200	0	0	0	0	0	0	0	0	0	0	0	0	0	0	0        0   7.4952e+08      0      23.8296    32.2982    0
38.0373	1363117956	0	200	0	0	0	0	0	0	0	0	0	0	0	0	0	0	0        0   1.36312e+09      0      32.2982    43.7764    0
51.5551	2473118366	0	200	0	0	0	0	0	0	0	0	0	0	0	0	0	0	0        0   2.47312e+09      0      43.7764    59.3338    0
69.8769	4474783851	0	200	0	0	0	0	0	0	0	0	0	0	0	0	0	0	0        0   4.47478e+09      0      59.3338    80.42    0
94.7099	8068400293	0	200	0	0	0	0	0	0	0	0	0	0	0	0	0	0	0        0   8.0684e+09      0      80.42    109    0
