# 1bin_value	2data_points	3sqrt(data_points)	4W	5W_err	6e+	7e+_err	8eX 9eX_err	10e++ 	11e++_err		12eXX	13eXX_err		14e+X	15e+X_err 	16theta          17theta_err       17num_den	18num_err 19LS_err     20wt_num     21wt_num_err  22r_low   23r_high 24sig_crit
0.117769	615	inf	610.414	38.6468	16.7966	6.10055	2.68954	5.41826	0	0	0	0	0	0	-4159.08	116.928	0	inf        0   0      0      0.1    0.135538    0
0.159622	834	21.9282	404.59	24.7559	2.09878	3.40934	0.433435	3.48773	0	0	0	0	0	0	-2540.65	65.6896	0	21.9282        0   0      0      0.135538    0.183706    0
0.216349	1253	12.6923	280.505	16.0664	2.22293	2.19923	-0.0696183	2.38637	0	0	0	0	0	0	-1728.77	36.9794	0	12.6923        0   0      0      0.183706    0.248992    0
0.293236	1939	9.0792	211.389	10.7726	6.25081	1.6386	-2.33675	1.63965	0	0	0	0	0	0	-1321.55	23.4504	0	9.0792        0   0      0      0.248992    0.33748    0
0.397447	3626	5.69104	229.61	8.09664	3.6925	1.2522	2.70585	1.23293	0	0	0	0	0	0	-1384.68	15.8698	0	5.69104        0   0      0      0.33748    0.457415    0
0.538693	7350	3.52606	282.296	6.43852	2.74638	1.00608	1.9534	1.0017	0	0	0	0	0	0	-1719.61	12.1232	0	3.52606        0   0      0      0.457415    0.619972    0
0.730136	10870	2.67251	194.39	4.36396	3.33041	0.682123	-0.323082	0.685242	0	0	0	0	0	0	-1125.21	7.05512	0	2.67251        0   0      0      0.619972    0.8403    0
0.989614	17274	1.97533	144.6	2.96924	1.11436	0.466634	0.86765	0.469817	0	0	0	0	0	0	-824.239	4.49888	0	1.97533        0   0      0      0.8403    1.13893    0
1.34131	28752	1.46654	110.816	2.09343	0.854602	0.334513	0.134342	0.335736	0	0	0	0	0	0	-621.718	3.01772	0	1.46654        0   0      0      1.13893    1.54368    0
1.81798	48631	1.09263	86.5779	1.48966	0.793418	0.234526	-0.0260466	0.235661	0	0	0	0	0	0	-478.101	2.09089	0	1.09263        0   0      0      1.54368    2.09228    0
2.46406	84304	0.807095	72.4817	1.07473	0.447195	0.170789	0.217358	0.169481	0	0	0	0	0	0	-381.36	1.45086	0	0.807095        0   0      0      2.09228    2.83584    0
3.33975	146347	0.599188	57.9647	0.775615	0.466294	0.121993	0.285143	0.122601	0	0	0	0	0	0	-291.379	1.02907	0	0.599188        0   0      0      2.83584    3.84365    0
4.52664	253575	0.445051	45.1073	0.563443	0.418187	0.0891822	-0.0636555	0.0889838	0	0	0	0	0	0	-206.709	0.735558	0	0.445051        0   0      0      3.84365    5.20962    0
6.13533	446149	0.329436	36.1086	0.410331	0.207445	0.0646237	-0.139438	0.0649007	0	0	0	0	0	0	-150.786	0.531363	0	0.329436        0   0      0      5.20962    7.06103    0
8.31572	786887	0.244487	27.0999	0.298279	0.321736	0.0469613	-0.0454717	0.0470517	0	0	0	0	0	0	-92.3428	0.382314	0	0.244487        0   0      0      7.06103    9.5704    0
11.271	1397384	0.181433	19.9626	0.217413	0.255673	0.0344087	0.00742037	0.0342786	0	0	0	0	0	0	-48.1345	0.278043	0	0.181433        0   0      0      9.5704    12.9716    0
15.2765	2472265	0.13522	13.295	0.159131	0.191098	0.0250937	0.0293351	0.0251276	0	0	0	0	0	0	-4.46768	0.203002	0	0.13522        0   0      0      12.9716    17.5814    0
20.7055	4425645	0.100537	9.01809	0.116829	0.134523	0.0184308	0.0150192	0.0184156	0	0	0	0	0	0	22.6949	0.149207	0	0.100537        0   0      0      17.5814    23.8296    0
28.0639	7921724	0.0748893	5.26536	0.0859789	0.0869068	0.0135369	0.012928	0.0135343	0	0	0	0	0	0	47.2013	0.109845	0	0.0748893        0   0      0      23.8296    32.2982    0
38.0373	14241129	0.0557529	2.45837	0.0634827	0.0536875	0.00999518	-0.0229217	0.00999033	0	0	0	0	0	0	64.8499	0.0813169	0	0.0557529        0   0      0      32.2982    43.7764    0
51.5551	25641362	0.0415037	0.709015	0.0469928	0.0527988	0.00739655	-0.0113741	0.00739347	0	0	0	0	0	0	76.396	0.0604247	0	0.0415037        0   0      0      43.7764    59.3338    0
69.8769	46291920	0.0308764	0.239553	0.0349358	0.0300377	0.00549222	-0.000713799	0.00549522	0	0	0	0	0	0	80.5811	0.0451068	0	0.0308764        0   0      0      59.3338    80.42    0
94.7099	83384507	0.023002	-0.156056	0.0260151	0.0226085	0.00409029	0.000392975	0.0040909	0	0	0	0	0	0	83.3094	0.033808	0	0.023002        0   0      0      80.42    109    0
