# 1bin_value	2data_points	3sqrt(data_points)	4W	5W_err	6e+	7e+_err	8eX 9eX_err	10e++ 	11e++_err		12eXX	13eXX_err		14e+X	15e+X_err 	16theta          17theta_err       17num_den	18num_err 19LS_err     20wt_num     21wt_num_err  22r_low   23r_high 24sig_crit
0.117769	1473	0	198.904	5.66404	0	0	0	0	0	0	0	0	0	0	-1291.9	161247	0	0        0   1562.39      0      0.1    0.135538    0
0.159622	2678	0	201.986	4.28547	0	0	0	0	0	0	0	0	0	0	-1290.13	292174	0	0        0   2882.62      0      0.135538    0.183706    0
0.216349	4826	0	197.41	3.11095	0	0	0	0	0	0	0	0	0	0	-1267.07	524059	0	0        0   5158.39      0      0.183706    0.248992    0
0.293236	8853	0	197.39	2.29027	0	0	0	0	0	0	0	0	0	0	-1270.04	962014	0	0        0   9448.82      0      0.248992    0.33748    0
0.397447	16457	0	200.776	1.71602	0	0	0	0	0	0	0	0	0	0	-1287.54	1.77918e+06	0	0        0   17615.4      0      0.33748    0.457415    0
0.538693	29962	0	201.131	1.27235	0	0	0	0	0	0	0	0	0	0	-1290.79	3.23881e+06	0	0        0   32025.2      0      0.457415    0.619972    0
0.730136	55153	0	202.539	0.943528	0	0	0	0	0	0	0	0	0	0	-1298.72	5.94656e+06	0	0        0   58912.5      0      0.619972    0.8403    0
0.989614	98787	0	198.559	0.691752	0	0	0	0	0	0	0	0	0	0	-1272.71	1.06769e+07	0	0        0   105710      0      0.8403    1.13893    0
1.34131	181435	0	198.822	0.511083	0	0	0	0	0	0	0	0	0	0	-1275.19	1.96146e+07	0	0        0   193977      0      1.13893    1.54368    0
1.81798	333404	0	200.145	0.379834	0	0	0	0	0	0	0	0	0	0	-1282.56	3.60405e+07	0	0        0   356806      0      1.54368    2.09228    0
2.46406	610289	0	199.981	0.280316	0	0	0	0	0	0	0	0	0	0	-1282.94	6.59908e+07	0	0        0   652574      0      2.09228    2.83584    0
3.33975	1114085	0	199.844	0.207435	0	0	0	0	0	0	0	0	0	0	-1280.98	1.20396e+08	0	0        0   1.19183e+06      0      2.83584    3.84365    0
4.52664	2037738	0	200.198	0.153585	0	0	0	0	0	0	0	0	0	0	-1284.31	2.20363e+08	0	0        0   2.17887e+06      0      3.84365    5.20962    0
6.13533	3720811	0	199.965	0.11354	0	0	0	0	0	0	0	0	0	0	-1282.74	4.02442e+08	0	0        0   3.97876e+06      0      5.20962    7.06103    0
8.31572	6825875	0	200.14	0.0838976	0	0	0	0	0	0	0	0	0	0	-1284.21	7.38221e+08	0	0        0   7.29658e+06      0      7.06103    9.5704    0
11.271	12491590	0	199.973	0.0619736	0	0	0	0	0	0	0	0	0	0	-1282.96	1.35079e+09	0	0        0   1.33532e+07      0      9.5704    12.9716    0
15.2765	22777930	0	199.98	0.0459044	0	0	0	0	0	0	0	0	0	0	-1283.26	2.4642e+09	0	0        0   2.43466e+07      0      12.9716    17.5814    0
20.7055	41584503	0	199.991	0.0339806	0	0	0	0	0	0	0	0	0	0	-1283.44	4.50017e+09	0	0        0   4.44452e+07      0      17.5814    23.8296    0
28.0639	75729413	0	199.899	0.0251731	0	0	0	0	0	0	0	0	0	0	-1283.14	8.19827e+09	0	0        0   8.09169e+07      0      23.8296    32.2982    0
38.0373	137702921	0	199.876	0.0186709	0	0	0	0	0	0	0	0	0	0	-1283.44	1.49178e+10	0	0        0   1.47088e+08      0      32.2982    43.7764    0
51.5551	249716951	0	199.825	0.0138664	0	0	0	0	0	0	0	0	0	0	-1283.43	2.70754e+10	0	0        0   2.66667e+08      0      43.7764    59.3338    0
69.8769	451580753	0	199.771	0.0103141	0	0	0	0	0	0	0	0	0	0	-1283.41	4.90158e+10	0	0        0   4.8211e+08      0      59.3338    80.42    0
94.7099	813095272	0	199.654	0.0076867	0	0	0	0	0	0	0	0	0	0	-1283.16	8.83821e+10	0	0        0   8.67735e+08      0      80.42    109    0
