# 1bin_value	2data_points	3sqrt(data_points)	4W	5W_err	6e+	7e+_err	8eX 9eX_err	10e++ 	11e++_err		12eXX	13eXX_err		14e+X	15e+X_err 	16theta          17theta_err       17num_den	18num_err 19LS_err     20wt_num     21wt_num_err  22r_low   23r_high 24sig_crit
0.117769	276	0	198.248	15.4415	-1.77349	2.01928	-3.29789	2.05416	0	0	0	0	0	0	-18702.8	64.4737	0	0        0   276      0      0.1    0.135538    0
0.159622	522	0	186.39	10.0478	0.666244	1.50839	0.88451	1.46935	0	0	0	0	0	0	-35530.6	40.1986	0	0        0   522      0      0.135538    0.183706    0
0.216349	935	0	192.267	7.75072	-0.481932	1.09651	2.29645	1.10572	0	0	0	0	0	0	-63671.3	31.1411	0	0        0   935      0      0.183706    0.248992    0
0.293236	1704	0	199.879	6.02506	0.213112	0.82857	-1.02509	0.852819	0	0	0	0	0	0	-117627	24.8945	0	0        0   1704      0      0.248992    0.33748    0
0.397447	3233	0	203.939	4.44948	0.438314	0.643012	-1.13039	0.635276	0	0	0	0	0	0	-221227	18.2683	0	0        0   3233      0      0.33748    0.457415    0
0.538693	5890	0	200.565	3.23177	0.279508	0.456567	0.061251	0.455648	0	0	0	0	0	0	-403459	13.2065	0	0        0   5890      0      0.457415    0.619972    0
0.730136	10911	0	205.073	2.43286	-0.0630247	0.345687	-0.113748	0.348778	0	0	0	0	0	0	-748731	10.0035	0	0        0   10911      0      0.619972    0.8403    0
0.989614	19386	0	199.215	1.76436	0.300003	0.248695	0.435921	0.252447	0	0	0	0	0	0	-1.32952e+06	7.18613	0	0        0   19386      0      0.8403    1.13893    0
1.34131	35931	0	202.959	1.32465	-0.0499044	0.187823	0.0283483	0.188014	0	0	0	0	0	0	-2.46564e+06	5.42819	0	0        0   35931      0      1.13893    1.54368    0
1.81798	66429	0	204.665	0.983326	-0.0727124	0.139166	-0.18846	0.139782	0	0	0	0	0	0	-4.55925e+06	4.03968	0	0        0   66429      0      1.54368    2.09228    0
2.46406	120504	0	201.295	0.71606	0.0897906	0.101973	-0.0198832	0.102039	0	0	0	0	0	0	-8.26782e+06	2.92525	0	0        0   120504      0      2.09228    2.83584    0
3.33975	219728	0	202.012	0.532407	-0.0527669	0.0757539	-0.017044	0.0758169	0	0	0	0	0	0	-1.50784e+07	2.17752	0	0        0   219728      0      2.83584    3.84365    0
4.52664	402686	0	202.481	0.394346	-0.0112013	0.0559534	-0.00481247	0.0559406	0	0	0	0	0	0	-2.76249e+07	1.61328	0	0        0   402686      0      3.84365    5.20962    0
6.13533	735058	0	202.464	0.291937	0.054985	0.0415232	-0.0567666	0.0414939	0	0	0	0	0	0	-5.04176e+07	1.19476	0	0        0   735058      0      5.20962    7.06103    0
8.31572	1349864	0	202.829	0.215872	-0.0381457	0.030628	0.05352	0.0306772	0	0	0	0	0	0	-9.25531e+07	0.883612	0	0        0   1.34986e+06      0      7.06103    9.5704    0
11.271	2473813	0	202.877	0.159526	-0.021445	0.0226504	-0.0585055	0.0226473	0	0	0	0	0	0	-1.69648e+08	0.653254	0	0        0   2.47381e+06      0      9.5704    12.9716    0
15.2765	4515819	0	203.284	0.118368	-0.0233058	0.0168174	0.030631	0.0167982	0	0	0	0	0	0	-3.09717e+08	0.485214	0	0        0   4.51582e+06      0      12.9716    17.5814    0
20.7055	8248664	0	203.336	0.0876199	0.010339	0.01244	0.00509165	0.0124378	0	0	0	0	0	0	-5.65717e+08	0.359294	0	0        0   8.24866e+06      0      17.5814    23.8296    0
28.0639	15044854	0	203.698	0.0650321	-0.00546213	0.00922616	-0.00921662	0.00922886	0	0	0	0	0	0	-1.0317e+09	0.266922	0	0        0   1.50449e+07      0      23.8296    32.2982    0
38.0373	27377238	0	203.825	0.0482648	-0.00470457	0.00684875	0.000624898	0.0068494	0	0	0	0	0	0	-1.87751e+09	0.198297	0	0        0   2.73772e+07      0      32.2982    43.7764    0
51.5551	49671812	0	203.956	0.0358786	-0.0168284	0.00508843	0.0140318	0.00508918	0	0	0	0	0	0	-3.40654e+09	0.147581	0	0        0   4.96718e+07      0      43.7764    59.3338    0
69.8769	89934979	0	204.22	0.026724	-0.00433719	0.00378916	-1.99741e-05	0.00378869	0	0	0	0	0	0	-6.16784e+09	0.110108	0	0        0   8.9935e+07      0      59.3338    80.42    0
94.7099	162172025	0	204.581	0.019961	-0.0113638	0.00282815	-0.002353	0.00282819	0	0	0	0	0	0	-1.11223e+10	0.0824228	0	0        0   1.62172e+08      0      80.42    109    0
