# 1bin_value	2data_points	3sqrt(data_points)	4W	5W_err	6e+	7e+_err	8eX 9eX_err	10e++ 	11e++_err		12eXX	13eXX_err		14e+X	15e+X_err 	16theta          17theta_err       17num_den	18num_err 19LS_err     20wt_num     21wt_num_err  22r_low   23r_high 24sig_crit
0.117769	613	inf	605.759	38.5644	17.4346	6.08621	2.20547	5.40561	0	0	0	0	0	0	-4125.38	117.671	0	inf        0   0      0      0.1    0.135538    0
0.159622	832	21.9591	403.193	24.7073	2.29044	3.40354	0.0221151	3.48319	0	0	0	0	0	0	-2530.54	65.6649	0	21.9591        0   0      0      0.135538    0.183706    0
0.216349	1256	12.6244	283.878	16.0846	2.90917	2.20048	-0.961345	2.38969	0	0	0	0	0	0	-1754.29	36.6295	0	12.6244        0   0      0      0.183706    0.248992    0
0.293236	1934	9.07352	210.902	10.7755	6.00206	1.63915	-2.15707	1.64019	0	0	0	0	0	0	-1315.47	23.6918	0	9.07352        0   0      0      0.248992    0.33748    0
0.397447	3616	5.71143	229.344	8.11178	3.6201	1.25396	2.26137	1.23525	0	0	0	0	0	0	-1382.97	16.071	0	5.71143        0   0      0      0.33748    0.457415    0
0.538693	7332	3.52973	282.586	6.44283	2.95513	1.00677	1.93701	1.00236	0	0	0	0	0	0	-1717.85	12.2647	0	3.52973        0   0      0      0.457415    0.619972    0
0.730136	10822	2.68045	193.558	4.36568	3.23032	0.682502	-0.311039	0.685551	0	0	0	0	0	0	-1120	7.24059	0	2.68045        0   0      0      0.619972    0.8403    0
0.989614	17184	1.98206	143.514	2.97106	1.08502	0.466956	0.962191	0.470109	0	0	0	0	0	0	-816.956	4.65909	0	1.98206        0   0      0      0.8403    1.13893    0
1.34131	28613	1.4704	110.018	2.09321	0.853775	0.334512	0.119959	0.335747	0	0	0	0	0	0	-616.701	3.12648	0	1.4704        0   0      0      1.13893    1.54368    0
1.81798	48439	1.0947	86.211	1.4902	0.789046	0.234634	-0.0349033	0.235767	0	0	0	0	0	0	-475.323	2.16081	0	1.0947        0   0      0      1.54368    2.09228    0
2.46406	83910	0.808815	72.0002	1.07489	0.431584	0.170834	0.245375	0.169526	0	0	0	0	0	0	-377.71	1.50772	0	0.808815        0   0      0      2.09228    2.83584    0
3.33975	145621	0.60049	57.5495	0.775697	0.469217	0.122015	0.315765	0.122624	0	0	0	0	0	0	-287.197	1.07456	0	0.60049        0   0      0      2.83584    3.84365    0
4.52664	252558	0.445964	44.8737	0.563567	0.408677	0.0892074	-0.0432626	0.0890092	0	0	0	0	0	0	-204.682	0.763606	0	0.445964        0   0      0      3.84365    5.20962    0
6.13533	444346	0.330087	35.9393	0.410452	0.213995	0.0646467	-0.130642	0.0649236	0	0	0	0	0	0	-148.698	0.552513	0	0.330087        0   0      0      5.20962    7.06103    0
8.31572	783520	0.245012	26.9104	0.298428	0.320546	0.0469875	-0.0417849	0.047078	0	0	0	0	0	0	-90.253	0.398792	0	0.245012        0   0      0      7.06103    9.5704    0
11.271	1391004	0.181839	19.8089	0.217561	0.250222	0.0344341	0.0094884	0.0343039	0	0	0	0	0	0	-46.0926	0.290785	0	0.181839        0   0      0      9.5704    12.9716    0
15.2765	2460373	0.135538	13.1987	0.159261	0.192735	0.0251156	0.027391	0.0251495	0	0	0	0	0	0	-2.62994	0.212998	0	0.135538        0   0      0      12.9716    17.5814    0
20.7055	4403580	0.100779	8.94055	0.116953	0.133807	0.0184514	0.0125249	0.0184362	0	0	0	0	0	0	24.3827	0.156797	0	0.100779        0   0      0      17.5814    23.8296    0
28.0639	7878642	0.0750876	5.18617	0.0860993	0.0884856	0.0135566	0.0145078	0.013554	0	0	0	0	0	0	48.8837	0.115918	0	0.0750876        0   0      0      23.8296    32.2982    0
38.0373	14156457	0.0559147	2.40986	0.0636018	0.0511469	0.0100145	-0.0188353	0.0100096	0	0	0	0	0	0	66.4219	0.086247	0	0.0559147        0   0      0      32.2982    43.7764    0
51.5551	25472940	0.0416381	0.687284	0.0471124	0.0499738	0.0074158	-0.00846331	0.00741271	0	0	0	0	0	0	77.7874	0.0644788	0	0.0416381        0   0      0      43.7764    59.3338    0
69.8769	45943684	0.0309914	0.209779	0.0350541	0.0310237	0.00551114	0.000127255	0.00551415	0	0	0	0	0	0	82.1049	0.0485364	0	0.0309914        0   0      0      59.3338    80.42    0
94.7099	82670031	0.0231001	-0.17846	0.0261328	0.0209116	0.00410903	0.00309817	0.00410964	0	0	0	0	0	0	84.6892	0.0367116	0	0.0231001        0   0      0      80.42    109    0
