# 1bin_value	2data_points	3sqrt(data_points)	4W	5W_err	6e+	7e+_err	8eX 9eX_err	10e++ 	11e++_err		12eXX	13eXX_err		14e+X	15e+X_err 	16theta          17theta_err       17num_den	18num_err 19LS_err     20wt_num     21wt_num_err  22r_low   23r_high 24sig_crit
0.117769	605	25.2951	526.294	77.4185	1.95664	6.13277	9.61422	5.77792	0	0	0	0	0	0	-3480.22	445.83	0	25.2951        0   0      0      0.1    0.135538    0
0.159622	836	18.553	371.662	46.0297	1.57952	3.74431	4.17722	3.47726	0	0	0	0	0	0	-2257.58	253.726	0	18.553        0   0      0      0.135538    0.183706    0
0.216349	1230	13.7476	285.858	30.2257	1.1927	2.57329	-4.6261	2.5403	0	0	0	0	0	0	-1743.21	164.403	0	13.7476        0   0      0      0.183706    0.248992    0
0.293236	1772	10.2517	185.271	19.3237	4.69377	1.94558	0.403281	1.88292	0	0	0	0	0	0	-1146.05	96.8673	0	10.2517        0   0      0      0.248992    0.33748    0
0.397447	3439	6.52527	223.86	14.7379	4.62166	1.42272	1.46622	1.43962	0	0	0	0	0	0	-1331.25	72.914	0	6.52527        0   0      0      0.33748    0.457415    0
0.538693	7103	4.25816	279.574	11.152	2.79424	1.1454	-2.69326	1.14821	0	0	0	0	0	0	-1671.71	53.3433	0	4.25816        0   0      0      0.457415    0.619972    0
0.730136	10728	3.16459	195.234	6.94376	1.00954	0.800224	-0.473564	0.796984	0	0	0	0	0	0	-1116.54	29.9999	0	3.16459        0   0      0      0.619972    0.8403    0
0.989614	16926	2.35941	138.367	4.45015	0.202486	0.53883	-0.477828	0.546161	0	0	0	0	0	0	-791.004	17.2363	0	2.35941        0   0      0      0.8403    1.13893    0
1.34131	28559	1.74372	108.474	3.14396	0.346623	0.386585	-0.321581	0.388593	0	0	0	0	0	0	-619.887	11.6116	0	1.74372        0   0      0      1.13893    1.54368    0
1.81798	48298	1.29637	85.9417	2.23115	0.616987	0.279696	-0.00684378	0.279937	0	0	0	0	0	0	-465.539	7.86731	0	1.29637        0   0      0      1.54368    2.09228    0
2.46406	83697	0.957222	72.3323	1.57299	0.480801	0.199128	0.0193974	0.200304	0	0	0	0	0	0	-375.321	5.27873	0	0.957222        0   0      0      2.09228    2.83584    0
3.33975	144352	0.711118	57.1432	1.13745	0.561074	0.14587	-0.0820995	0.145779	0	0	0	0	0	0	-282.329	3.66646	0	0.711118        0   0      0      2.83584    3.84365    0
4.52664	251068	0.527458	45.3065	0.821647	0.215171	0.10581	0.102425	0.10614	0	0	0	0	0	0	-201.5	2.56932	0	0.527458        0   0      0      3.84365    5.20962    0
6.13533	441327	0.390513	35.7711	0.598015	0.233468	0.0774922	-0.013186	0.0773862	0	0	0	0	0	0	-143.198	1.82646	0	0.390513        0   0      0      5.20962    7.06103    0
8.31572	779583	0.289294	27.0537	0.436098	0.241107	0.0565197	-0.221839	0.0564355	0	0	0	0	0	0	-89.0782	1.30957	0	0.289294        0   0      0      7.06103    9.5704    0
11.271	1383880	0.214511	19.813	0.318756	0.136826	0.0412711	0.0809352	0.0412631	0	0	0	0	0	0	-43.3839	0.945543	0	0.214511        0   0      0      9.5704    12.9716    0
15.2765	2455030	0.159463	13.6588	0.234098	0.102324	0.0303336	-0.0676962	0.0303268	0	0	0	0	0	0	-3.9876	0.689652	0	0.159463        0   0      0      12.9716    17.5814    0
20.7055	4395605	0.118392	9.51659	0.172266	0.0940181	0.022304	-0.00211185	0.0222976	0	0	0	0	0	0	22.8861	0.504919	0	0.118392        0   0      0      17.5814    23.8296    0
28.0639	7860160	0.0880793	5.42728	0.127151	0.131585	0.0164499	0.00109586	0.0164617	0	0	0	0	0	0	49.2077	0.371372	0	0.0880793        0   0      0      23.8296    32.2982    0
38.0373	14142108	0.0654753	2.9663	0.0940399	0.0775943	0.0121668	-0.0141812	0.0121594	0	0	0	0	0	0	64.5815	0.274338	0	0.0654753        0   0      0      32.2982    43.7764    0
51.5551	25481017	0.0486939	1.36667	0.0697468	0.0601645	0.00901094	0.00954701	0.00901603	0	0	0	0	0	0	74.5652	0.20348	0	0.0486939        0   0      0      43.7764    59.3338    0
69.8769	45985122	0.0362131	0.665548	0.05188	0.0348049	0.00670334	9.08945e-06	0.00670431	0	0	0	0	0	0	80.1973	0.151492	0	0.0362131        0   0      0      59.3338    80.42    0
94.7099	82841494	0.0269684	0.238334	0.0386873	0.0367695	0.00499709	0.0115816	0.00499766	0	0	0	0	0	0	83.4499	0.113203	0	0.0269684        0   0      0      80.42    109    0
