# 1bin_value	2data_points	3sqrt(data_points)	4W	5W_err	6e+	7e+_err	8eX 9eX_err	10e++ 	11e++_err		12eXX	13eXX_err		14e+X	15e+X_err 	16theta          17theta_err       17num_den	18num_err 19LS_err     20wt_num     21wt_num_err  22r_low   23r_high 24sig_crit
0.117769	1485	0	200.111	5.65672	0	0	0	0	0	0	0	0	0	0	-1299.06	161247	0	0        0   1574.7      0      0.1    0.135538    0
0.159622	2682	0	202.235	4.28823	0	0	0	0	0	0	0	0	0	0	-1293.34	292174	0	0        0   2884.51      0      0.135538    0.183706    0
0.216349	4847	0	198.374	3.11459	0	0	0	0	0	0	0	0	0	0	-1273.61	524059	0	0        0   5180.38      0      0.183706    0.248992    0
0.293236	8871	0	197.628	2.28834	0	0	0	0	0	0	0	0	0	0	-1271.43	962014	0	0        0   9469.37      0      0.248992    0.33748    0
0.397447	16451	0	200.781	1.71622	0	0	0	0	0	0	0	0	0	0	-1287.12	1.77918e+06	0	0        0   17614      0      0.33748    0.457415    0
0.538693	29964	0	201.282	1.27261	0	0	0	0	0	0	0	0	0	0	-1291.19	3.23881e+06	0	0        0   32045.5      0      0.457415    0.619972    0
0.730136	55240	0	202.901	0.943802	0	0	0	0	0	0	0	0	0	0	-1301.08	5.94656e+06	0	0        0   59009.3      0      0.619972    0.8403    0
0.989614	98832	0	198.678	0.691757	0	0	0	0	0	0	0	0	0	0	-1273.31	1.06769e+07	0	0        0   105776      0      0.8403    1.13893    0
1.34131	181687	0	199.14	0.511133	0	0	0	0	0	0	0	0	0	0	-1276.98	1.96146e+07	0	0        0   194295      0      1.13893    1.54368    0
1.81798	333679	0	200.357	0.379887	0	0	0	0	0	0	0	0	0	0	-1283.67	3.60405e+07	0	0        0   357167      0      1.54368    2.09228    0
2.46406	610553	0	200.115	0.280348	0	0	0	0	0	0	0	0	0	0	-1283.59	6.59908e+07	0	0        0   652977      0      2.09228    2.83584    0
3.33975	1114928	0	200.062	0.207478	0	0	0	0	0	0	0	0	0	0	-1282.09	1.20396e+08	0	0        0   1.193e+06      0      2.83584    3.84365    0
4.52664	2038844	0	200.35	0.153591	0	0	0	0	0	0	0	0	0	0	-1284.98	2.20363e+08	0	0        0   2.18058e+06      0      3.84365    5.20962    0
6.13533	3723518	0	200.134	0.113544	0	0	0	0	0	0	0	0	0	0	-1283.63	4.02442e+08	0	0        0   3.98231e+06      0      5.20962    7.06103    0
8.31572	6830296	0	200.291	0.0838953	0	0	0	0	0	0	0	0	0	0	-1284.93	7.38221e+08	0	0        0   7.30278e+06      0      7.06103    9.5704    0
11.271	12500275	0	200.126	0.0619699	0	0	0	0	0	0	0	0	0	0	-1283.69	1.35079e+09	0	0        0   1.33651e+07      0      9.5704    12.9716    0
15.2765	22795156	0	200.134	0.0458988	0	0	0	0	0	0	0	0	0	0	-1283.99	2.4642e+09	0	0        0   2.437e+07      0      12.9716    17.5814    0
20.7055	41622370	0	200.157	0.0339733	0	0	0	0	0	0	0	0	0	0	-1284.24	4.50017e+09	0	0        0   4.44947e+07      0      17.5814    23.8296    0
28.0639	75811576	0	200.072	0.0251643	0	0	0	0	0	0	0	0	0	0	-1283.99	8.19827e+09	0	0        0   8.10214e+07      0      23.8296    32.2982    0
38.0373	137891764	0	200.058	0.0186603	0	0	0	0	0	0	0	0	0	0	-1284.37	1.49178e+10	0	0        0   1.47318e+08      0      32.2982    43.7764    0
51.5551	250149620	0	200.013	0.0138542	0	0	0	0	0	0	0	0	0	0	-1284.42	2.70754e+10	0	0        0   2.67174e+08      0      43.7764    59.3338    0
69.8769	452618587	0	199.965	0.0102999	0	0	0	0	0	0	0	0	0	0	-1284.47	4.90158e+10	0	0        0   4.83287e+08      0      59.3338    80.42    0
94.7099	815922065	0	199.851	0.00766769	0	0	0	0	0	0	0	0	0	0	-1284.34	8.83821e+10	0	0        0   8.70818e+08      0      80.42    109    0
