# 1bin_value	2data_points	3sqrt(data_points)	4W	5W_err	6e+	7e+_err	8eX 9eX_err	10e++ 	11e++_err		12eXX	13eXX_err		14e+X	15e+X_err 	16theta          17theta_err       17num_den	18num_err 19LS_err     20wt_num     21wt_num_err  22r_low   23r_high 24sig_crit
0.117769	14562	0	200	0	0	0	0	0	0	0	0	0	0	0	0	0	0	0        0   14562      0      0.1    0.135538    0
0.159622	26528	0	200	0	0	0	0	0	0	0	0	0	0	0	0	0	0	0        0   26528      0      0.135538    0.183706    0
0.216349	48266	0	200	0	0	0	0	0	0	0	0	0	0	0	0	0	0	0        0   48266      0      0.183706    0.248992    0
0.293236	88529	0	200	0	0	0	0	0	0	0	0	0	0	0	0	0	0	0        0   88529      0      0.248992    0.33748    0
0.397447	162128	0	200	0	0	0	0	0	0	0	0	0	0	0	0	0	0	0        0   162128      0      0.33748    0.457415    0
0.538693	293436	0	200	0	0	0	0	0	0	0	0	0	0	0	0	0	0	0        0   293436      0      0.457415    0.619972    0
0.730136	536102	0	200	0	0	0	0	0	0	0	0	0	0	0	0	0	0	0        0   536102      0      0.619972    0.8403    0
0.989614	983571	0	200	0	0	0	0	0	0	0	0	0	0	0	0	0	0	0        0   983571      0      0.8403    1.13893    0
1.34131	1799915	0	200	0	0	0	0	0	0	0	0	0	0	0	0	0	0	0        0   1.79992e+06      0      1.13893    1.54368    0
1.81798	3293726	0	200	0	0	0	0	0	0	0	0	0	0	0	0	0	0	0        0   3.29373e+06      0      1.54368    2.09228    0
2.46406	6031390	0	200	0	0	0	0	0	0	0	0	0	0	0	0	0	0	0        0   6.03139e+06      0      2.09228    2.83584    0
3.33975	11020807	0	200	0	0	0	0	0	0	0	0	0	0	0	0	0	0	0        0   1.10208e+07      0      2.83584    3.84365    0
4.52664	20116352	0	200	0	0	0	0	0	0	0	0	0	0	0	0	0	0	0        0   2.01164e+07      0      3.84365    5.20962    0
6.13533	36764850	0	200	0	0	0	0	0	0	0	0	0	0	0	0	0	0	0        0   3.67648e+07      0      5.20962    7.06103    0
8.31572	67378088	0	200	0	0	0	0	0	0	0	0	0	0	0	0	0	0	0        0   6.73781e+07      0      7.06103    9.5704    0
11.271	123397224	0	200	0	0	0	0	0	0	0	0	0	0	0	0	0	0	0        0   1.23397e+08      0      9.5704    12.9716    0
15.2765	225028610	0	200	0	0	0	0	0	0	0	0	0	0	0	0	0	0	0        0   2.25029e+08      0      12.9716    17.5814    0
20.7055	410833254	0	200	0	0	0	0	0	0	0	0	0	0	0	0	0	0	0        0   4.10833e+08      0      17.5814    23.8296    0
28.0639	748297161	0	200	0	0	0	0	0	0	0	0	0	0	0	0	0	0	0        0   7.48297e+08      0      23.8296    32.2982    0
38.0373	1360862229	0	200	0	0	0	0	0	0	0	0	0	0	0	0	0	0	0        0   1.36086e+09      0      32.2982    43.7764    0
51.5551	2468839903	0	200	0	0	0	0	0	0	0	0	0	0	0	0	0	0	0        0   2.46884e+09      0      43.7764    59.3338    0
69.8769	4465763865	0	200	0	0	0	0	0	0	0	0	0	0	0	0	0	0	0        0   4.46576e+09      0      59.3338    80.42    0
94.7099	8045392528	0	200	0	0	0	0	0	0	0	0	0	0	0	0	0	0	0        0   8.04539e+09      0      80.42    109    0
