# 1bin_value	2data_points	3sqrt(data_points)	4W	5W_err	6e+	7e+_err	8eX 9eX_err	10e++ 	11e++_err		12eXX	13eXX_err		14e+X	15e+X_err 	16theta          17theta_err       17num_den	18num_err 19LS_err     20wt_num     21wt_num_err  22r_low   23r_high 24sig_crit
0.117769	645	23.0102	597.403	37.7494	19.2611	5.38078	7.04886	5.2394	0	0	0	0	0	0	-3840.71	112.789	0	23.0102        0   0      0      0.1    0.135538    0
0.159622	871	16.9788	422.675	24.5515	5.95442	3.60087	-3.91054	3.51515	0	0	0	0	0	0	-2695.16	64.9281	0	16.9788        0   0      0      0.135538    0.183706    0
0.216349	1313	12.5682	299.62	16.0579	6.62168	2.40599	1.9433	2.39926	0	0	0	0	0	0	-1864.26	37.7423	0	12.5682        0   0      0      0.183706    0.248992    0
0.293236	1865	8.97838	201.72	10.603	2.39931	1.62816	1.78391	1.7416	0	0	0	0	0	0	-1212.48	22.0259	0	8.97838        0   0      0      0.248992    0.33748    0
0.397447	3718	5.49193	242.345	8.29266	1.67182	1.27346	-3.5453	1.23501	0	0	0	0	0	0	-1448.66	16.7165	0	5.49193        0   0      0      0.33748    0.457415    0
0.538693	7416	3.49833	291.163	6.54721	3.53188	1.0376	0.942695	1.03716	0	0	0	0	0	0	-1746.33	12.4083	0	3.49833        0   0      0      0.457415    0.619972    0
0.730136	10935	2.68378	191.645	4.30231	2.34765	0.678612	0.667479	0.678199	0	0	0	0	0	0	-1131.53	7.22841	0	2.68378        0   0      0      0.619972    0.8403    0
0.989614	17637	1.96976	149.021	2.97007	1.47411	0.476598	0.968891	0.467769	0	0	0	0	0	0	-850.984	4.6175	0	1.96976        0   0      0      0.8403    1.13893    0
1.34131	29440	1.45308	115.818	2.08069	1.03449	0.333997	-0.0865645	0.33275	0	0	0	0	0	0	-658.126	3.10402	0	1.45308        0   0      0      1.13893    1.54368    0
1.81798	49116	1.0899	87.434	1.48254	0.685369	0.233482	0.297818	0.236095	0	0	0	0	0	0	-485.451	2.11414	0	1.0899        0   0      0      1.54368    2.09228    0
2.46406	84781	0.806139	71.7493	1.07175	0.376355	0.16992	-0.19957	0.169678	0	0	0	0	0	0	-378.018	1.48849	0	0.806139        0   0      0      2.09228    2.83584    0
3.33975	147633	0.595644	58.5931	0.773174	0.429143	0.123499	-0.0322214	0.122772	0	0	0	0	0	0	-297.654	1.05534	0	0.595644        0   0      0      2.83584    3.84365    0
4.52664	255518	0.443161	45.1666	0.560846	0.424796	0.0893806	0.0269568	0.0890886	0	0	0	0	0	0	-212.797	0.751605	0	0.443161        0   0      0      3.84365    5.20962    0
6.13533	448634	0.328329	35.7347	0.40817	0.346422	0.0648208	0.0698419	0.0647005	0	0	0	0	0	0	-149.827	0.543159	0	0.328329        0   0      0      5.20962    7.06103    0
8.31572	789942	0.244036	26.2295	0.296335	0.237777	0.0470195	0.0141242	0.0469896	0	0	0	0	0	0	-90.5965	0.392412	0	0.244036        0   0      0      7.06103    9.5704    0
11.271	1406424	0.180841	20.1	0.216528	0.204218	0.0343434	0.0619397	0.0343284	0	0	0	0	0	0	-50.6164	0.285372	0	0.180841        0   0      0      9.5704    12.9716    0
15.2765	2486942	0.134836	13.3189	0.158452	0.158657	0.0251263	0.0299447	0.0251437	0	0	0	0	0	0	-7.11786	0.208766	0	0.134836        0   0      0      12.9716    17.5814    0
20.7055	4445020	0.100314	8.71894	0.11636	0.0945001	0.0184312	0.0372944	0.0184254	0	0	0	0	0	0	22.4152	0.154111	0	0.100314        0   0      0      17.5814    23.8296    0
28.0639	7962775	0.0747009	5.33206	0.0857575	0.0976495	0.013573	-0.00624453	0.0135793	0	0	0	0	0	0	45.5257	0.114059	0	0.0747009        0   0      0      23.8296    32.2982    0
38.0373	14301438	0.0556343	2.54485	0.0633041	0.047061	0.0100184	-0.0100477	0.010013	0	0	0	0	0	0	63.1286	0.0847544	0	0.0556343        0   0      0      32.2982    43.7764    0
51.5551	25762181	0.041409	0.993748	0.0469194	0.0692402	0.00742231	0.00697862	0.00741998	0	0	0	0	0	0	73.3182	0.0633184	0	0.041409        0   0      0      43.7764    59.3338    0
69.8769	46488287	0.0308122	0.470319	0.034924	0.0507025	0.00552405	0.0107343	0.00552046	0	0	0	0	0	0	77.5688	0.0476926	0	0.0308122        0   0      0      59.3338    80.42    0
94.7099	83669032	0.0229638	-0.0419504	0.0260411	0.025022	0.00411628	0.00549664	0.00411469	0	0	0	0	0	0	81.1508	0.0360844	0	0.0229638        0   0      0      80.42    109    0
