# 1bin_value	2data_points	3sqrt(data_points)	4W	5W_err	6e+	7e+_err	8eX 9eX_err	10e++ 	11e++_err		12eXX	13eXX_err		14e+X	15e+X_err 	16theta          17theta_err       17num_den	18num_err 19LS_err     20wt_num     21wt_num_err  22r_low   23r_high 24sig_crit
0.117769	686	inf	776.599	127.263	14.7116	7.6514	-4.41472	7.11712	0	0	0	0	0	0	-5268.18	769.972	0	inf        0   0      0      0.1    0.135538    0
0.159622	896	20.2821	510.268	64.6494	11.2174	4.55235	0.679743	4.14164	0	0	0	0	0	0	-3246.55	382.55	0	20.2821        0   0      0      0.135538    0.183706    0
0.216349	1316	14.427	341.669	35.2335	9.83389	3.13506	-3.27961	2.91624	0	0	0	0	0	0	-2146.22	187.409	0	14.427        0   0      0      0.183706    0.248992    0
0.293236	1795	10.5169	219.012	20.9214	5.41866	1.95333	-0.687951	1.93718	0	0	0	0	0	0	-1308.82	108.071	0	10.5169        0   0      0      0.248992    0.33748    0
0.397447	3496	6.79483	246.987	15.1181	5.91217	1.49674	-1.41195	1.45075	0	0	0	0	0	0	-1419.21	74.6539	0	6.79483        0   0      0      0.33748    0.457415    0
0.538693	7188	4.40037	322.428	12.8276	4.79171	1.23307	-1.47517	1.26942	0	0	0	0	0	0	-1980.46	63.2159	0	4.40037        0   0      0      0.457415    0.619972    0
0.730136	10350	3.33642	212.51	7.40877	2.10688	0.809359	0.470242	0.816622	0	0	0	0	0	0	-1234.6	32.7781	0	3.33642        0   0      0      0.619972    0.8403    0
0.989614	16307	2.4546	148.187	4.75454	0.454886	0.558985	0.289141	0.559418	0	0	0	0	0	0	-846.128	19.2197	0	2.4546        0   0      0      0.8403    1.13893    0
1.34131	27099	1.81624	119.026	3.29828	1.1343	0.402689	0.628423	0.401955	0	0	0	0	0	0	-668.353	12.4652	0	1.81624        0   0      0      1.13893    1.54368    0
1.81798	45857	1.34697	93.7681	2.30932	0.809041	0.285402	0.160827	0.28446	0	0	0	0	0	0	-511.028	8.2655	0	1.34697        0   0      0      1.54368    2.09228    0
2.46406	78486	0.997689	76.108	1.63795	0.846668	0.205763	-0.117899	0.207043	0	0	0	0	0	0	-390.073	5.55114	0	0.997689        0   0      0      2.09228    2.83584    0
3.33975	136070	0.737659	60.3199	1.18416	0.767433	0.150411	0.181672	0.149955	0	0	0	0	0	0	-300.079	3.87517	0	0.737659        0   0      0      2.83584    3.84365    0
4.52664	235915	0.54722	47.8657	0.856422	0.514456	0.109404	0.113603	0.109556	0	0	0	0	0	0	-217.877	2.71099	0	0.54722        0   0      0      3.84365    5.20962    0
6.13533	412842	0.405605	38.2486	0.621893	0.355633	0.0797314	0.00859296	0.07968	0	0	0	0	0	0	-157.049	1.91889	0	0.405605        0   0      0      5.20962    7.06103    0
8.31572	727394	0.300389	28.7815	0.451891	0.310766	0.0581832	0.102656	0.0580884	0	0	0	0	0	0	-98.0318	1.36769	0	0.300389        0   0      0      7.06103    9.5704    0
11.271	1286087	0.222816	20.7514	0.329917	0.170267	0.042421	0.0284983	0.0424485	0	0	0	0	0	0	-46.0822	0.986703	0	0.222816        0   0      0      9.5704    12.9716    0
15.2765	2276906	0.165733	14.5108	0.242309	0.172785	0.0311417	-0.00739886	0.0311333	0	0	0	0	0	0	-5.43993	0.718287	0	0.165733        0   0      0      12.9716    17.5814    0
20.7055	4062946	0.123183	9.52829	0.178337	0.144802	0.022901	0.0270756	0.0229065	0	0	0	0	0	0	23.3858	0.525675	0	0.123183        0   0      0      17.5814    23.8296    0
28.0639	7268330	0.0916278	5.83161	0.131621	0.137177	0.016896	0.0360432	0.0168829	0	0	0	0	0	0	48.1608	0.387185	0	0.0916278        0   0      0      23.8296    32.2982    0
38.0373	13029172	0.0681905	2.87503	0.0973128	0.0948834	0.0124654	0.0491657	0.0124755	0	0	0	0	0	0	67.7934	0.286146	0	0.0681905        0   0      0      32.2982    43.7764    0
51.5551	23427167	0.0507545	1.22843	0.0721617	0.0521203	0.0092445	9.01677e-05	0.00924626	0	0	0	0	0	0	78.3418	0.212226	0	0.0507545        0   0      0      43.7764    59.3338    0
69.8769	42188447	0.0377968	0.628408	0.053689	0.0269516	0.00687709	0.00609447	0.00687932	0	0	0	0	0	0	81.7718	0.158072	0	0.0377968        0   0      0      59.3338    80.42    0
94.7099	75759937	0.0281922	0.189647	0.0400318	0.0180187	0.00512707	-0.0166102	0.00512698	0	0	0	0	0	0	84.7137	0.118199	0	0.0281922        0   0      0      80.42    109    0
