# 1bin_value	2data_points	3sqrt(data_points)	4W	5W_err	6e+	7e+_err	8eX 9eX_err	10e++ 	11e++_err		12eXX	13eXX_err		14e+X	15e+X_err 	16theta          17theta_err       17num_den	18num_err 19LS_err     20wt_num     21wt_num_err  22r_low   23r_high 24sig_crit
0.117769	289	0	208.741	16.4428	0	0	0	0	0	0	0	0	0	0	-1328.53	32585.7	0	0        0   311.462      0      0.1    0.135538    0
0.159622	525	0	186.582	10.3513	0	0	0	0	0	0	0	0	0	0	-1205.22	59086.1	0	0        0   559.298      0      0.135538    0.183706    0
0.216349	920	0	186.491	7.74729	0	0	0	0	0	0	0	0	0	0	-1213.67	100009	0	0        0   966.552      0      0.183706    0.248992    0
0.293236	1772	0	206.883	6.31221	0	0	0	0	0	0	0	0	0	0	-1335	192941	0	0        0   1886.49      0      0.248992    0.33748    0
0.397447	3204	0	200.198	4.46041	0	0	0	0	0	0	0	0	0	0	-1295.49	347223	0	0        0   3401.87      0      0.33748    0.457415    0
0.538693	5935	0	200.094	3.28388	0	0	0	0	0	0	0	0	0	0	-1287.05	638815	0	0        0   6319.01      0      0.457415    0.619972    0
0.730136	10543	0	197.896	2.44364	0	0	0	0	0	0	0	0	0	0	-1266.65	1.14022e+06	0	0        0   11298      0      0.619972    0.8403    0
0.989614	19477	0	199.97	1.8149	0	0	0	0	0	0	0	0	0	0	-1281.94	2.10771e+06	0	0        0   20845.6      0      0.8403    1.13893    0
1.34131	35892	0	202.117	1.35738	0	0	0	0	0	0	0	0	0	0	-1294.63	3.87456e+06	0	0        0   38413.1      0      1.13893    1.54368    0
1.81798	65274	0	200.417	0.99556	0	0	0	0	0	0	0	0	0	0	-1285.09	7.06002e+06	0	0        0   69848.1      0      1.54368    2.09228    0
2.46406	119317	0	199.027	0.729774	0	0	0	0	0	0	0	0	0	0	-1274.29	1.28868e+07	0	0        0   127791      0      2.09228    2.83584    0
3.33975	218472	0	200.295	0.54289	0	0	0	0	0	0	0	0	0	0	-1284.16	2.36211e+07	0	0        0   233847      0      2.83584    3.84365    0
4.52664	398436	0	199.461	0.400028	0	0	0	0	0	0	0	0	0	0	-1280.08	4.30167e+07	0	0        0   425794      0      3.84365    5.20962    0
6.13533	727337	0	199.51	0.296316	0	0	0	0	0	0	0	0	0	0	-1279.59	7.85215e+07	0	0        0   777590      0      5.20962    7.06103    0
8.31572	1335836	0	199.723	0.218792	0	0	0	0	0	0	0	0	0	0	-1282.31	1.44357e+08	0	0        0   1.4272e+06      0      7.06103    9.5704    0
11.271	2448950	0	199.878	0.161774	0	0	0	0	0	0	0	0	0	0	-1282.86	2.64606e+08	0	0        0   2.61739e+06      0      9.5704    12.9716    0
15.2765	4463093	0	199.779	0.11975	0	0	0	0	0	0	0	0	0	0	-1282.93	4.82124e+08	0	0        0   4.7666e+06      0      12.9716    17.5814    0
20.7055	8148235	0	199.716	0.0886149	0	0	0	0	0	0	0	0	0	0	-1282.53	8.80551e+08	0	0        0   8.7029e+06      0      17.5814    23.8296    0
28.0639	14849053	0	199.822	0.0656951	0	0	0	0	0	0	0	0	0	0	-1283.49	1.60524e+09	0	0        0   1.5857e+07      0      23.8296    32.2982    0
38.0373	27029314	0	199.88	0.048719	0	0	0	0	0	0	0	0	0	0	-1284.29	2.92284e+09	0	0        0   2.88551e+07      0      32.2982    43.7764    0
51.5551	49071544	0	199.959	0.0361803	0	0	0	0	0	0	0	0	0	0	-1285.2	5.3069e+09	0	0        0   5.23656e+07      0      43.7764    59.3338    0
69.8769	88780985	0	199.858	0.0268918	0	0	0	0	0	0	0	0	0	0	-1284.98	9.60682e+09	0	0        0   9.47167e+07      0      59.3338    80.42    0
94.7099	160009277	0	199.783	0.0200288	0	0	0	0	0	0	0	0	0	0	-1285.06	1.73197e+10	0	0        0   1.70621e+08      0      80.42    109    0
