# 1bin_value	2data_points	3sqrt(data_points)	4W	5W_err	6e+	7e+_err	8eX 9eX_err	10e++ 	11e++_err		12eXX	13eXX_err		14e+X	15e+X_err 	16theta          17theta_err       17num_den	18num_err 19LS_err     20wt_num     21wt_num_err  22r_low   23r_high 24sig_crit
0.117769	285	0	218.515	17.0255	0	0	0	0	0	0	0	0	0	0	-1325.7	31849.2	0	0        0   320.576      0      0.1    0.135538    0
0.159622	540	0	205.77	11.385	0	0	0	0	0	0	0	0	0	0	-1353.24	59557.6	0	0        0   567.262      0      0.135538    0.183706    0
0.216349	941	0	203.133	8.59827	0	0	0	0	0	0	0	0	0	0	-1281.25	103873	0	0        0   1025.65      0      0.183706    0.248992    0
0.293236	1752	0	210.586	6.51827	0	0	0	0	0	0	0	0	0	0	-1338.91	189337	0	0        0   1887.68      0      0.248992    0.33748    0
0.397447	3133	0	194.983	4.40286	0	0	0	0	0	0	0	0	0	0	-1266.23	344160	0	0        0   3329.28      0      0.33748    0.457415    0
0.538693	5830	0	198.745	3.2951	0	0	0	0	0	0	0	0	0	0	-1274.42	631915	0	0        0   6243.62      0      0.457415    0.619972    0
0.730136	10316	0	196.061	2.43829	0	0	0	0	0	0	0	0	0	0	-1254.79	1.11026e+06	0	0        0   11039.4      0      0.619972    0.8403    0
0.989614	19175	0	201.618	1.84805	0	0	0	0	0	0	0	0	0	0	-1292.59	2.07685e+06	0	0        0   20538.9      0      0.8403    1.13893    0
1.34131	35156	0	199.506	1.34421	0	0	0	0	0	0	0	0	0	0	-1282.49	3.7966e+06	0	0        0   37509.5      0      1.13893    1.54368    0
1.81798	64243	0	200.701	1.00322	0	0	0	0	0	0	0	0	0	0	-1281.64	6.93143e+06	0	0        0   68972.9      0      1.54368    2.09228    0
2.46406	117937	0	200.62	0.739918	0	0	0	0	0	0	0	0	0	0	-1285.76	1.27121e+07	0	0        0   126101      0      2.09228    2.83584    0
3.33975	215577	0	200.824	0.547947	0	0	0	0	0	0	0	0	0	0	-1288.45	2.32684e+07	0	0        0   230395      0      2.83584    3.84365    0
4.52664	391272	0	199.742	0.404258	0	0	0	0	0	0	0	0	0	0	-1281.02	4.22582e+07	0	0        0   418432      0      3.84365    5.20962    0
6.13533	716931	0	200.125	0.299186	0	0	0	0	0	0	0	0	0	0	-1284.06	7.74436e+07	0	0        0   766489      0      5.20962    7.06103    0
8.31572	1316005	0	200.235	0.220933	0	0	0	0	0	0	0	0	0	0	-1284.41	1.42129e+08	0	0        0   1.40727e+06      0      7.06103    9.5704    0
11.271	2412568	0	200.458	0.163444	0	0	0	0	0	0	0	0	0	0	-1286.12	2.60602e+08	0	0        0   2.57933e+06      0      9.5704    12.9716    0
15.2765	4391446	0	200.044	0.120866	0	0	0	0	0	0	0	0	0	0	-1283.59	4.74362e+08	0	0        0   4.69436e+06      0      12.9716    17.5814    0
20.7055	8018856	0	200.094	0.0894764	0	0	0	0	0	0	0	0	0	0	-1283.82	8.66292e+08	0	0        0   8.57184e+06      0      17.5814    23.8296    0
28.0639	14609759	0	200.032	0.0662695	0	0	0	0	0	0	0	0	0	0	-1283.82	1.5787e+09	0	0        0   1.56119e+07      0      23.8296    32.2982    0
38.0373	26585185	0	200.019	0.0491342	0	0	0	0	0	0	0	0	0	0	-1284.3	2.87372e+09	0	0        0   2.83959e+07      0      32.2982    43.7764    0
51.5551	48223685	0	199.989	0.0364892	0	0	0	0	0	0	0	0	0	0	-1284.51	5.21629e+09	0	0        0   5.14924e+07      0      43.7764    59.3338    0
69.8769	87163156	0	199.928	0.0271461	0	0	0	0	0	0	0	0	0	0	-1284.35	9.43855e+09	0	0        0   9.30555e+07      0      59.3338    80.42    0
94.7099	156914449	0	199.809	0.0202307	0	0	0	0	0	0	0	0	0	0	-1284.18	1.70108e+10	0	0        0   1.67441e+08      0      80.42    109    0
