# 1bin_value	2data_points	3sqrt(data_points)	4W	5W_err	6e+	7e+_err	8eX 9eX_err	10e++ 	11e++_err		12eXX	13eXX_err		14e+X	15e+X_err 	16theta          17theta_err       17num_den	18num_err 19LS_err     20wt_num     21wt_num_err  22r_low   23r_high 24sig_crit
0.117769	1476	0	199.023	5.65573	0	0	0	0	0	0	0	0	0	0	-1291.32	161247	0	0        0   1565.84      0      0.1    0.135538    0
0.159622	2679	0	200.933	4.27396	0	0	0	0	0	0	0	0	0	0	-1287.73	292174	0	0        0   2873.57      0      0.135538    0.183706    0
0.216349	4840	0	197.821	3.11237	0	0	0	0	0	0	0	0	0	0	-1271.43	524059	0	0        0   5167.95      0      0.183706    0.248992    0
0.293236	8871	0	197.448	2.28874	0	0	0	0	0	0	0	0	0	0	-1271.6	962014	0	0        0   9458.81      0      0.248992    0.33748    0
0.397447	16467	0	200.666	1.71443	0	0	0	0	0	0	0	0	0	0	-1287.13	1.77918e+06	0	0        0   17621.8      0      0.33748    0.457415    0
0.538693	29986	0	200.966	1.27093	0	0	0	0	0	0	0	0	0	0	-1290.64	3.23881e+06	0	0        0   32030.5      0      0.457415    0.619972    0
0.730136	55251	0	202.622	0.9428	0	0	0	0	0	0	0	0	0	0	-1300.04	5.94656e+06	0	0        0   58982.3      0      0.619972    0.8403    0
0.989614	98865	0	198.404	0.690947	0	0	0	0	0	0	0	0	0	0	-1272.4	1.06769e+07	0	0        0   105741      0      0.8403    1.13893    0
1.34131	181725	0	198.842	0.510604	0	0	0	0	0	0	0	0	0	0	-1276.08	1.96146e+07	0	0        0   194179      0      1.13893    1.54368    0
1.81798	333938	0	200.158	0.379453	0	0	0	0	0	0	0	0	0	0	-1283.34	3.60405e+07	0	0        0   357192      0      1.54368    2.09228    0
2.46406	611020	0	199.889	0.279995	0	0	0	0	0	0	0	0	0	0	-1283.02	6.59908e+07	0	0        0   653001      0      2.09228    2.83584    0
3.33975	1115609	0	199.807	0.207216	0	0	0	0	0	0	0	0	0	0	-1281.41	1.20396e+08	0	0        0   1.19284e+06      0      2.83584    3.84365    0
4.52664	2040100	0	200.107	0.153407	0	0	0	0	0	0	0	0	0	0	-1284.37	2.20363e+08	0	0        0   2.18033e+06      0      3.84365    5.20962    0
6.13533	3725460	0	199.861	0.113398	0	0	0	0	0	0	0	0	0	0	-1282.79	4.02442e+08	0	0        0   3.98152e+06      0      5.20962    7.06103    0
8.31572	6835212	0	200.041	0.0837859	0	0	0	0	0	0	0	0	0	0	-1284.32	7.38221e+08	0	0        0   7.3024e+06      0      7.06103    9.5704    0
11.271	12508821	0	199.864	0.0618865	0	0	0	0	0	0	0	0	0	0	-1282.98	1.35079e+09	0	0        0   1.3364e+07      0      9.5704    12.9716    0
15.2765	22811163	0	199.863	0.0458344	0	0	0	0	0	0	0	0	0	0	-1283.24	2.4642e+09	0	0        0   2.43683e+07      0      12.9716    17.5814    0
20.7055	41652583	0	199.875	0.0339231	0	0	0	0	0	0	0	0	0	0	-1283.43	4.50017e+09	0	0        0   4.44922e+07      0      17.5814    23.8296    0
28.0639	75873075	0	199.789	0.0251257	0	0	0	0	0	0	0	0	0	0	-1283.21	8.19827e+09	0	0        0   8.1021e+07      0      23.8296    32.2982    0
38.0373	138006840	0	199.772	0.0186312	0	0	0	0	0	0	0	0	0	0	-1283.58	1.49178e+10	0	0        0   1.47319e+08      0      32.2982    43.7764    0
51.5551	250365167	0	199.726	0.0138328	0	0	0	0	0	0	0	0	0	0	-1283.7	2.70754e+10	0	0        0   2.6717e+08      0      43.7764    59.3338    0
69.8769	452988744	0	199.675	0.0102847	0	0	0	0	0	0	0	0	0	0	-1283.79	4.90158e+10	0	0        0   4.83237e+08      0      59.3338    80.42    0
94.7099	816288059	0	199.556	0.00765919	0	0	0	0	0	0	0	0	0	0	-1283.64	8.83821e+10	0	0        0   8.70388e+08      0      80.42    109    0
