# 1bin_value	2data_points	3sqrt(data_points)	4W	5W_err	6e+	7e+_err	8eX 9eX_err	10e++ 	11e++_err		12eXX	13eXX_err		14e+X	15e+X_err 	16theta          17theta_err       17num_den	18num_err 19LS_err     20wt_num     21wt_num_err  22r_low   23r_high 24sig_crit
0.117769	14693	0	200	0	0	0	0	0	0	0	0	0	0	0	0	0	0	0        0   14693      0      0.1    0.135538    0
0.159622	26710	0	200	0	0	0	0	0	0	0	0	0	0	0	0	0	0	0        0   26710      0      0.135538    0.183706    0
0.216349	48878	0	200	0	0	0	0	0	0	0	0	0	0	0	0	0	0	0        0   48878      0      0.183706    0.248992    0
0.293236	89613	0	200	0	0	0	0	0	0	0	0	0	0	0	0	0	0	0        0   89613      0      0.248992    0.33748    0
0.397447	164058	0	200	0	0	0	0	0	0	0	0	0	0	0	0	0	0	0        0   164058      0      0.33748    0.457415    0
0.538693	297794	0	200	0	0	0	0	0	0	0	0	0	0	0	0	0	0	0        0   297794      0      0.457415    0.619972    0
0.730136	544122	0	200	0	0	0	0	0	0	0	0	0	0	0	0	0	0	0        0   544122      0      0.619972    0.8403    0
0.989614	995839	0	200	0	0	0	0	0	0	0	0	0	0	0	0	0	0	0        0   995839      0      0.8403    1.13893    0
1.34131	1824946	0	200	0	0	0	0	0	0	0	0	0	0	0	0	0	0	0        0   1.82495e+06      0      1.13893    1.54368    0
1.81798	3334655	0	200	0	0	0	0	0	0	0	0	0	0	0	0	0	0	0        0   3.33466e+06      0      1.54368    2.09228    0
2.46406	6103221	0	200	0	0	0	0	0	0	0	0	0	0	0	0	0	0	0        0   6.10322e+06      0      2.09228    2.83584    0
3.33975	11153845	0	200	0	0	0	0	0	0	0	0	0	0	0	0	0	0	0        0   1.11538e+07      0      2.83584    3.84365    0
4.52664	20356875	0	200	0	0	0	0	0	0	0	0	0	0	0	0	0	0	0        0   2.03569e+07      0      3.84365    5.20962    0
6.13533	37217287	0	200	0	0	0	0	0	0	0	0	0	0	0	0	0	0	0        0   3.72173e+07      0      5.20962    7.06103    0
8.31572	68198283	0	200	0	0	0	0	0	0	0	0	0	0	0	0	0	0	0        0   6.81983e+07      0      7.06103    9.5704    0
11.271	124914277	0	200	0	0	0	0	0	0	0	0	0	0	0	0	0	0	0        0   1.24914e+08      0      9.5704    12.9716    0
15.2765	227766881	0	200	0	0	0	0	0	0	0	0	0	0	0	0	0	0	0        0   2.27767e+08      0      12.9716    17.5814    0
20.7055	415842356	0	200	0	0	0	0	0	0	0	0	0	0	0	0	0	0	0        0   4.15842e+08      0      17.5814    23.8296    0
28.0639	757567706	0	200	0	0	0	0	0	0	0	0	0	0	0	0	0	0	0        0   7.57568e+08      0      23.8296    32.2982    0
38.0373	1377684917	0	200	0	0	0	0	0	0	0	0	0	0	0	0	0	0	0        0   1.37768e+09      0      32.2982    43.7764    0
51.5551	2499369750	0	200	0	0	0	0	0	0	0	0	0	0	0	0	0	0	0        0   2.49937e+09      0      43.7764    59.3338    0
69.8769	4522472052	0	200	0	0	0	0	0	0	0	0	0	0	0	0	0	0	0        0   4.52247e+09      0      59.3338    80.42    0
94.7099	8151031173	0	200	0	0	0	0	0	0	0	0	0	0	0	0	0	0	0        0   8.15103e+09      0      80.42    109    0
