# 1bin_value	2data_points	3sqrt(data_points)	4W	5W_err	6e+	7e+_err	8eX 9eX_err	10e++ 	11e++_err		12eXX	13eXX_err		14e+X	15e+X_err 	16theta          17theta_err       17num_den	18num_err 19LS_err     20wt_num     21wt_num_err  22r_low   23r_high 24sig_crit
0.117769	284	0	216.249	16.8766	0	0	0	0	0	0	0	0	0	0	-1318.48	31849.2	0	0        0   318.577      0      0.1    0.135538    0
0.159622	535	0	204.031	11.4104	0	0	0	0	0	0	0	0	0	0	-1344.66	59557.6	0	0        0   561.383      0      0.135538    0.183706    0
0.216349	943	0	203.901	8.66141	0	0	0	0	0	0	0	0	0	0	-1289.43	103873	0	0        0   1024.85      0      0.183706    0.248992    0
0.293236	1744	0	209.493	6.50387	0	0	0	0	0	0	0	0	0	0	-1332.59	189337	0	0        0   1877.43      0      0.248992    0.33748    0
0.397447	3137	0	195.807	4.41868	0	0	0	0	0	0	0	0	0	0	-1269.93	344160	0	0        0   3335.84      0      0.33748    0.457415    0
0.538693	5843	0	199.084	3.29597	0	0	0	0	0	0	0	0	0	0	-1276.96	631915	0	0        0   6254.34      0      0.457415    0.619972    0
0.730136	10311	0	195.724	2.43766	0	0	0	0	0	0	0	0	0	0	-1254.57	1.11026e+06	0	0        0   11016.3      0      0.619972    0.8403    0
0.989614	19190	0	201.267	1.84544	0	0	0	0	0	0	0	0	0	0	-1292.45	2.07685e+06	0	0        0   20519.8      0      0.8403    1.13893    0
1.34131	35223	0	199.661	1.34489	0	0	0	0	0	0	0	0	0	0	-1285.17	3.7966e+06	0	0        0   37529.5      0      1.13893    1.54368    0
1.81798	64296	0	200.785	1.00408	0	0	0	0	0	0	0	0	0	0	-1283.7	6.93143e+06	0	0        0   68948      0      1.54368    2.09228    0
2.46406	118047	0	200.7	0.740414	0	0	0	0	0	0	0	0	0	0	-1287.71	1.27121e+07	0	0        0   126086      0      2.09228    2.83584    0
3.33975	215858	0	200.939	0.548184	0	0	0	0	0	0	0	0	0	0	-1290.37	2.32684e+07	0	0        0   230471      0      2.83584    3.84365    0
4.52664	391830	0	199.897	0.40452	0	0	0	0	0	0	0	0	0	0	-1283.42	4.22582e+07	0	0        0   418593      0      3.84365    5.20962    0
6.13533	717671	0	200.199	0.299361	0	0	0	0	0	0	0	0	0	0	-1286	7.74436e+07	0	0        0   766409      0      5.20962    7.06103    0
8.31572	1317512	0	200.31	0.221031	0	0	0	0	0	0	0	0	0	0	-1286.31	1.42129e+08	0	0        0   1.40735e+06      0      7.06103    9.5704    0
11.271	2415016	0	200.501	0.16351	0	0	0	0	0	0	0	0	0	0	-1287.83	2.60602e+08	0	0        0   2.57903e+06      0      9.5704    12.9716    0
15.2765	4396330	0	200.081	0.120898	0	0	0	0	0	0	0	0	0	0	-1285.26	4.74362e+08	0	0        0   4.69429e+06      0      12.9716    17.5814    0
20.7055	8028576	0	200.155	0.0895075	0	0	0	0	0	0	0	0	0	0	-1285.68	8.66292e+08	0	0        0   8.57235e+06      0      17.5814    23.8296    0
28.0639	14630198	0	200.07	0.0662713	0	0	0	0	0	0	0	0	0	0	-1285.56	1.5787e+09	0	0        0   1.56154e+07      0      23.8296    32.2982    0
38.0373	26628358	0	200.072	0.0491296	0	0	0	0	0	0	0	0	0	0	-1286.14	2.87372e+09	0	0        0   2.84086e+07      0      32.2982    43.7764    0
51.5551	48323247	0	200.064	0.0364767	0	0	0	0	0	0	0	0	0	0	-1286.56	5.21629e+09	0	0        0   5.15354e+07      0      43.7764    59.3338    0
69.8769	87405449	0	200.025	0.0271241	0	0	0	0	0	0	0	0	0	0	-1286.67	9.43855e+09	0	0        0   9.31909e+07      0      59.3338    80.42    0
94.7099	157484921	0	199.923	0.0202011	0	0	0	0	0	0	0	0	0	0	-1286.69	1.70108e+10	0	0        0   1.67813e+08      0      80.42    109    0
