# 1bin_value	2data_points	3sqrt(data_points)	4W	5W_err	6e+	7e+_err	8eX 9eX_err	10e++ 	11e++_err		12eXX	13eXX_err		14e+X	15e+X_err 	16theta          17theta_err       17num_den	18num_err 19LS_err     20wt_num     21wt_num_err  22r_low   23r_high 24sig_crit
0.117769	552	0	200	0	0	0	0	0	0	0	0	0	0	0	0	0	0	0        0   552      0      0.1    0.135538    0
0.159622	1035	0	200	0	0	0	0	0	0	0	0	0	0	0	0	0	0	0        0   1035      0      0.135538    0.183706    0
0.216349	1902	0	200	0	0	0	0	0	0	0	0	0	0	0	0	0	0	0        0   1902      0      0.183706    0.248992    0
0.293236	3357	0	200	0	0	0	0	0	0	0	0	0	0	0	0	0	0	0        0   3357      0      0.248992    0.33748    0
0.397447	6340	0	200	0	0	0	0	0	0	0	0	0	0	0	0	0	0	0        0   6340      0      0.33748    0.457415    0
0.538693	11702	0	200	0	0	0	0	0	0	0	0	0	0	0	0	0	0	0        0   11702      0      0.457415    0.619972    0
0.730136	21015	0	200	0	0	0	0	0	0	0	0	0	0	0	0	0	0	0        0   21015      0      0.619972    0.8403    0
0.989614	38020	0	200	0	0	0	0	0	0	0	0	0	0	0	0	0	0	0        0   38020      0      0.8403    1.13893    0
1.34131	70027	0	200	0	0	0	0	0	0	0	0	0	0	0	0	0	0	0        0   70027      0      1.13893    1.54368    0
1.81798	127955	0	200	0	0	0	0	0	0	0	0	0	0	0	0	0	0	0        0   127955      0      1.54368    2.09228    0
2.46406	234171	0	200	0	0	0	0	0	0	0	0	0	0	0	0	0	0	0        0   234171      0      2.09228    2.83584    0
3.33975	427468	0	200	0	0	0	0	0	0	0	0	0	0	0	0	0	0	0        0   427468      0      2.83584    3.84365    0
4.52664	780268	0	200	0	0	0	0	0	0	0	0	0	0	0	0	0	0	0        0   780268      0      3.84365    5.20962    0
6.13533	1426683	0	200	0	0	0	0	0	0	0	0	0	0	0	0	0	0	0        0   1.42668e+06      0      5.20962    7.06103    0
8.31572	2618188	0	200	0	0	0	0	0	0	0	0	0	0	0	0	0	0	0        0   2.61819e+06      0      7.06103    9.5704    0
11.271	4792752	0	200	0	0	0	0	0	0	0	0	0	0	0	0	0	0	0        0   4.79275e+06      0      9.5704    12.9716    0
15.2765	8741613	0	200	0	0	0	0	0	0	0	0	0	0	0	0	0	0	0        0   8.74161e+06      0      12.9716    17.5814    0
20.7055	15955667	0	200	0	0	0	0	0	0	0	0	0	0	0	0	0	0	0        0   1.59557e+07      0      17.5814    23.8296    0
28.0639	29067857	0	200	0	0	0	0	0	0	0	0	0	0	0	0	0	0	0        0   2.90679e+07      0      23.8296    32.2982    0
38.0373	52870859	0	200	0	0	0	0	0	0	0	0	0	0	0	0	0	0	0        0   5.28709e+07      0      32.2982    43.7764    0
51.5551	95892117	0	200	0	0	0	0	0	0	0	0	0	0	0	0	0	0	0        0   9.58921e+07      0      43.7764    59.3338    0
69.8769	173389130	0	200	0	0	0	0	0	0	0	0	0	0	0	0	0	0	0        0   1.73389e+08      0      59.3338    80.42    0
94.7099	312262177	0	200	0	0	0	0	0	0	0	0	0	0	0	0	0	0	0        0   3.12262e+08      0      80.42    109    0
