# 1bin_value	2data_points	3sqrt(data_points)	4W	5W_err	6e+	7e+_err	8eX 9eX_err	10e++ 	11e++_err		12eXX	13eXX_err		14e+X	15e+X_err 	16theta          17theta_err       17num_den	18num_err 19LS_err     20wt_num     21wt_num_err  22r_low   23r_high 24sig_crit
0.117769	292	0	210.53	16.5596	0	0	0	0	0	0	0	0	0	0	-1338.91	32585.7	0	0        0   314.732      0      0.1    0.135538    0
0.159622	530	0	187.627	10.3515	0	0	0	0	0	0	0	0	0	0	-1210.05	59086.1	0	0        0   564.979      0      0.135538    0.183706    0
0.216349	924	0	188.426	7.79579	0	0	0	0	0	0	0	0	0	0	-1223.55	100009	0	0        0   973.334      0      0.183706    0.248992    0
0.293236	1771	0	206.261	6.29008	0	0	0	0	0	0	0	0	0	0	-1331.72	192941	0	0        0   1885.71      0      0.248992    0.33748    0
0.397447	3180	0	198.063	4.43206	0	0	0	0	0	0	0	0	0	0	-1282.61	347223	0	0        0   3375.71      0      0.33748    0.457415    0
0.538693	5929	0	199.812	3.27928	0	0	0	0	0	0	0	0	0	0	-1284.57	638815	0	0        0   6315.54      0      0.457415    0.619972    0
0.730136	10580	0	198.383	2.44218	0	0	0	0	0	0	0	0	0	0	-1269.18	1.14022e+06	0	0        0   11341.8      0      0.619972    0.8403    0
0.989614	19504	0	200.005	1.81255	0	0	0	0	0	0	0	0	0	0	-1281.94	2.10771e+06	0	0        0   20876.9      0      0.8403    1.13893    0
1.34131	35908	0	201.937	1.3558	0	0	0	0	0	0	0	0	0	0	-1294.01	3.87456e+06	0	0        0   38410.8      0      1.13893    1.54368    0
1.81798	65326	0	200.471	0.995079	0	0	0	0	0	0	0	0	0	0	-1285.53	7.06002e+06	0	0        0   69905.9      0      1.54368    2.09228    0
2.46406	119402	0	198.994	0.728987	0	0	0	0	0	0	0	0	0	0	-1273.99	1.28868e+07	0	0        0   127899      0      2.09228    2.83584    0
3.33975	218620	0	200.246	0.54234	0	0	0	0	0	0	0	0	0	0	-1283.77	2.36211e+07	0	0        0   234008      0      2.83584    3.84365    0
4.52664	398470	0	199.287	0.399551	0	0	0	0	0	0	0	0	0	0	-1279.04	4.30167e+07	0	0        0   425813      0      3.84365    5.20962    0
6.13533	727678	0	199.391	0.295934	0	0	0	0	0	0	0	0	0	0	-1278.78	7.85215e+07	0	0        0   777976      0      5.20962    7.06103    0
8.31572	1336745	0	199.641	0.218535	0	0	0	0	0	0	0	0	0	0	-1281.89	1.44357e+08	0	0        0   1.42811e+06      0      7.06103    9.5704    0
11.271	2449901	0	199.759	0.161594	0	0	0	0	0	0	0	0	0	0	-1282.18	2.64606e+08	0	0        0   2.61823e+06      0      9.5704    12.9716    0
15.2765	4465399	0	199.669	0.119606	0	0	0	0	0	0	0	0	0	0	-1282.28	4.82124e+08	0	0        0   4.76887e+06      0      12.9716    17.5814    0
20.7055	8152617	0	199.6	0.0885036	0	0	0	0	0	0	0	0	0	0	-1281.85	8.80551e+08	0	0        0   8.70716e+06      0      17.5814    23.8296    0
28.0639	14857592	0	199.699	0.0656082	0	0	0	0	0	0	0	0	0	0	-1282.78	1.60524e+09	0	0        0   1.58652e+07      0      23.8296    32.2982    0
38.0373	27045951	0	199.769	0.0486555	0	0	0	0	0	0	0	0	0	0	-1283.61	2.92284e+09	0	0        0   2.88717e+07      0      32.2982    43.7764    0
51.5551	49092546	0	199.826	0.0361351	0	0	0	0	0	0	0	0	0	0	-1284.4	5.3069e+09	0	0        0   5.23851e+07      0      43.7764    59.3338    0
69.8769	88799804	0	199.712	0.0268618	0	0	0	0	0	0	0	0	0	0	-1284.1	9.60682e+09	0	0        0   9.47317e+07      0      59.3338    80.42    0
94.7099	160013473	0	199.604	0.0200059	0	0	0	0	0	0	0	0	0	0	-1283.96	1.73197e+10	0	0        0   1.70615e+08      0      80.42    109    0
