# 1bin_value	2data_points	3sqrt(data_points)	4W	5W_err	6e+	7e+_err	8eX 9eX_err	10e++ 	11e++_err		12eXX	13eXX_err		14e+X	15e+X_err 	16theta          17theta_err       17num_den	18num_err 19LS_err     20wt_num     21wt_num_err  22r_low   23r_high 24sig_crit
0.117769	1447	0	199.451	5.90296	0	0	0	0	0	0	0	0	0	0	-1265.91	156420	0	0        0   1557.71      0      0.1    0.135538    0
0.159622	2684	0	202.097	4.29864	0	0	0	0	0	0	0	0	0	0	-1289.19	289384	0	0        0   2879.95      0      0.135538    0.183706    0
0.216349	4931	0	203.585	3.17685	0	0	0	0	0	0	0	0	0	0	-1310.16	533484	0	0        0   5258.17      0      0.183706    0.248992    0
0.293236	8853	0	199.996	2.32977	0	0	0	0	0	0	0	0	0	0	-1279.25	956235	0	0        0   9492.74      0      0.248992    0.33748    0
0.397447	16100	0	199.025	1.7225	0	0	0	0	0	0	0	0	0	0	-1271.26	1.73573e+06	0	0        0   17285.8      0      0.33748    0.457415    0
0.538693	29539	0	201.142	1.28867	0	0	0	0	0	0	0	0	0	0	-1285.31	3.18989e+06	0	0        0   31679.5      0      0.457415    0.619972    0
0.730136	54065	0	200.9	0.945611	0	0	0	0	0	0	0	0	0	0	-1290.61	5.84026e+06	0	0        0   57740.8      0      0.619972    0.8403    0
0.989614	98336	0	199.129	0.694064	0	0	0	0	0	0	0	0	0	0	-1278.33	1.06345e+07	0	0        0   105095      0      0.8403    1.13893    0
1.34131	180264	0	199.671	0.515051	0	0	0	0	0	0	0	0	0	0	-1280.26	1.94572e+07	0	0        0   192787      0      1.13893    1.54368    0
1.81798	331069	0	200.373	0.381069	0	0	0	0	0	0	0	0	0	0	-1285.26	3.57493e+07	0	0        0   354000      0      1.54368    2.09228    0
2.46406	605025	0	199.91	0.281423	0	0	0	0	0	0	0	0	0	0	-1282.93	6.5348e+07	0	0        0   646687      0      2.09228    2.83584    0
3.33975	1104144	0	199.803	0.208219	0	0	0	0	0	0	0	0	0	0	-1281.28	1.1926e+08	0	0        0   1.18107e+06      0      2.83584    3.84365    0
4.52664	2016384	0	199.852	0.154065	0	0	0	0	0	0	0	0	0	0	-1281.8	2.17723e+08	0	0        0   2.1563e+06      0      3.84365    5.20962    0
6.13533	3688935	0	200.007	0.113983	0	0	0	0	0	0	0	0	0	0	-1283.11	3.98346e+08	0	0        0   3.94388e+06      0      5.20962    7.06103    0
8.31572	6756040	0	199.85	0.0841644	0	0	0	0	0	0	0	0	0	0	-1282.2	7.29562e+08	0	0        0   7.22208e+06      0      7.06103    9.5704    0
11.271	12373474	0	199.833	0.0622053	0	0	0	0	0	0	0	0	0	0	-1282.12	1.33629e+09	0	0        0   1.32263e+07      0      9.5704    12.9716    0
15.2765	22574267	0	199.875	0.0460566	0	0	0	0	0	0	0	0	0	0	-1282.86	2.43856e+09	0	0        0   2.41237e+07      0      12.9716    17.5814    0
20.7055	41224319	0	199.892	0.0340901	0	0	0	0	0	0	0	0	0	0	-1283.19	4.45458e+09	0	0        0   4.4046e+07      0      17.5814    23.8296    0
28.0639	75095115	0	199.888	0.0252615	0	0	0	0	0	0	0	0	0	0	-1283.35	8.11681e+09	0	0        0   8.02227e+07      0      23.8296    32.2982    0
38.0373	136626549	0	199.934	0.0187379	0	0	0	0	0	0	0	0	0	0	-1284.04	1.47757e+10	0	0        0   1.45911e+08      0      32.2982    43.7764    0
51.5551	247859141	0	199.895	0.0139135	0	0	0	0	0	0	0	0	0	0	-1284.13	2.68201e+10	0	0        0   2.64618e+08      0      43.7764    59.3338    0
69.8769	448258122	0	199.826	0.0103469	0	0	0	0	0	0	0	0	0	0	-1284.08	4.85498e+10	0	0        0   4.7844e+08      0      59.3338    80.42    0
94.7099	807395025	0	199.722	0.00770945	0	0	0	0	0	0	0	0	0	0	-1283.94	8.75458e+10	0	0        0   8.61422e+08      0      80.42    109    0
