# 1bin_value	2data_points	3sqrt(data_points)	4W	5W_err	6e+	7e+_err	8eX 9eX_err	10e++ 	11e++_err		12eXX	13eXX_err		14e+X	15e+X_err 	16theta          17theta_err       17num_den	18num_err 19LS_err     20wt_num     21wt_num_err  22r_low   23r_high 24sig_crit
0.117769	495	inf	452.711	79.6779	2.54201	5.8004	-10.5545	5.98419	0	0	0	0	0	0	-3013.37	456.138	0	inf        0   0      0      0.1    0.135538    0
0.159622	626	20.132	254.317	41.6342	0.579299	3.80916	4.44346	3.48623	0	0	0	0	0	0	-1622.21	225.319	0	20.132        0   0      0      0.135538    0.183706    0
0.216349	938	14.508	184.567	27.262	2.86011	2.5556	-2.62134	2.55995	0	0	0	0	0	0	-1147.87	140.328	0	14.508        0   0      0      0.183706    0.248992    0
0.293236	1361	10.5482	116.141	18.247	0.312331	1.89481	-3.4694	1.92283	0	0	0	0	0	0	-726.635	87.3099	0	10.5482        0   0      0      0.248992    0.33748    0
0.397447	2776	6.6584	148.639	12.322	0.371015	1.36678	-0.562506	1.43228	0	0	0	0	0	0	-836.091	55.631	0	6.6584        0   0      0      0.33748    0.457415    0
0.538693	6272	4.35267	229.122	9.83704	0.657475	1.11422	-0.939041	1.11611	0	0	0	0	0	0	-1331.1	43.6647	0	4.35267        0   0      0      0.457415    0.619972    0
0.730136	9557	3.24178	166.947	6.50311	-1.52083	0.778389	-0.76175	0.783564	0	0	0	0	0	0	-934.738	26.9255	0	3.24178        0   0      0      0.619972    0.8403    0
0.989614	15667	2.39079	124.66	4.45459	0.712746	0.561803	-0.123714	0.558172	0	0	0	0	0	0	-709.845	16.9389	0	2.39079        0   0      0      0.8403    1.13893    0
1.34131	26268	1.775	97.1145	3.07533	0.965262	0.392484	0.369706	0.390599	0	0	0	0	0	0	-533.522	11.0211	0	1.775        0   0      0      1.13893    1.54368    0
1.81798	44856	1.32444	75.4916	2.17618	0.0261445	0.279709	-0.255141	0.278974	0	0	0	0	0	0	-406.591	7.40763	0	1.32444        0   0      0      1.54368    2.09228    0
2.46406	77949	0.978149	61.2678	1.56791	0.303112	0.203066	0.0503079	0.203442	0	0	0	0	0	0	-315.426	5.16187	0	0.978149        0   0      0      2.09228    2.83584    0
3.33975	135793	0.724081	48.2167	1.13489	-0.26815	0.148159	0.0794603	0.14821	0	0	0	0	0	0	-232.581	3.61261	0	0.724081        0   0      0      2.83584    3.84365    0
4.52664	237294	0.538084	40.158	0.822783	-0.00890069	0.107434	0.092567	0.107808	0	0	0	0	0	0	-173.676	2.55124	0	0.538084        0   0      0      3.84365    5.20962    0
6.13533	417243	0.398917	30.3078	0.599912	0.00742808	0.0785616	-0.00578369	0.0787924	0	0	0	0	0	0	-113.726	1.82695	0	0.398917        0   0      0      5.20962    7.06103    0
8.31572	741802	0.295304	23.6106	0.437749	0.0990441	0.0575223	-0.0429907	0.0575234	0	0	0	0	0	0	-72.8332	1.31434	0	0.295304        0   0      0      7.06103    9.5704    0
11.271	1318234	0.219071	16.5726	0.320647	0.0619765	0.0421863	0.0024604	0.0420903	0	0	0	0	0	0	-28.5201	0.953453	0	0.219071        0   0      0      9.5704    12.9716    0
15.2765	2347966	0.162751	11.8099	0.235645	0.0201507	0.0309479	0.033456	0.0309187	0	0	0	0	0	0	4.22844	0.696489	0	0.162751        0   0      0      12.9716    17.5814    0
20.7055	4209236	0.120798	7.80637	0.17376	0.001172	0.0227815	0.0387859	0.0227911	0	0	0	0	0	0	30.3138	0.511794	0	0.120798        0   0      0      17.5814    23.8296    0
28.0639	7550309	0.0898224	4.69055	0.128171	0.0183573	0.0167963	0.043223	0.0167879	0	0	0	0	0	0	50.669	0.376662	0	0.0898224        0   0      0      23.8296    32.2982    0
38.0373	13590260	0.0667779	2.556	0.0948188	0.0444867	0.0124239	0.035689	0.012424	0	0	0	0	0	0	64.247	0.27845	0	0.0667779        0   0      0      32.2982    43.7764    0
51.5551	24456376	0.0496934	1.03664	0.0703244	0.0211376	0.0092074	-0.0178198	0.00921015	0	0	0	0	0	0	74.1487	0.206581	0	0.0496934        0   0      0      43.7764    59.3338    0
69.8769	44059419	0.0369913	0.337195	0.0523117	-0.00582811	0.00685026	0.00952488	0.00685039	0	0	0	0	0	0	79.5322	0.153905	0	0.0369913        0   0      0      59.3338    80.42    0
94.7099	79284447	0.0275701	0.204719	0.0390245	-0.0184993	0.00510884	0.0144974	0.00510814	0	0	0	0	0	0	80.5377	0.115146	0	0.0275701        0   0      0      80.42    109    0
