# 1bin_value	2data_points	3sqrt(data_points)	4W	5W_err	6e+	7e+_err	8eX 9eX_err	10e++ 	11e++_err		12eXX	13eXX_err		14e+X	15e+X_err 	16theta          17theta_err       17num_den	18num_err 19LS_err     20wt_num     21wt_num_err  22r_low   23r_high 24sig_crit
0.117769	647	0	812.678	36.9003	18.3763	5.29769	7.26617	5.154	0	0	0	0	0	0	-44665.4	111.547	0	0        0   681.893      0      0.1    0.135538    0
0.159622	871	0	624.152	23.8799	5.75224	3.54577	-4.73395	3.46354	0	0	0	0	0	0	-59619.3	65.0384	0	0        0   916.372      0      0.135538    0.183706    0
0.216349	1308	0	503.47	15.4092	6.18671	2.35297	0.745885	2.34579	0	0	0	0	0	0	-89888	36.987	0	0        0   1380.81      0      0.183706    0.248992    0
0.293236	1863	0	398.491	10.1144	2.80669	1.58944	1.70811	1.70524	0	0	0	0	0	0	-127921	21.4546	0	0        0   1973.17      0      0.248992    0.33748    0
0.397447	3720	0	443.08	7.9315	1.20823	1.24477	-3.43096	1.20512	0	0	0	0	0	0	-253914	16.2053	0	0        0   3989.38      0      0.33748    0.457415    0
0.538693	7415	0	495.64	6.2987	3.46536	1.01813	1.30651	1.01791	0	0	0	0	0	0	-509885	12.0557	0	0        0   8058.76      0      0.457415    0.619972    0
0.730136	10900	0	394.89	4.08989	1.93465	0.661977	0.464677	0.661596	0	0	0	0	0	0	-745878	6.99545	0	0        0   11750.4      0      0.619972    0.8403    0
0.989614	17618	0	348.202	2.80604	1.32514	0.464051	0.745521	0.454906	0	0	0	0	0	0	-1.20621e+06	4.37849	0	0        0   18892.2      0      0.8403    1.13893    0
1.34131	29374	0	315.469	1.95281	1.03317	0.324271	-0.037701	0.322944	0	0	0	0	0	0	-2.01307e+06	2.91245	0	0        0   31227.4      0      1.13893    1.54368    0
1.81798	48993	0	288.659	1.38365	0.549182	0.225849	0.235443	0.228583	0	0	0	0	0	0	-3.3664e+06	1.96962	0	0        0   52154.5      0      1.54368    2.09228    0
2.46406	84716	0	273.506	0.996979	0.375594	0.164163	-0.275328	0.163905	0	0	0	0	0	0	-5.80628e+06	1.34917	0	0        0   90234.2      0      2.09228    2.83584    0
3.33975	147406	0	260.14	0.716173	0.429567	0.11914	-0.0371845	0.118386	0	0	0	0	0	0	-1.01101e+07	0.957742	0	0        0   156651      0      2.83584    3.84365    0
4.52664	255208	0	247.472	0.51767	0.426885	0.0860728	-0.00162699	0.0857738	0	0	0	0	0	0	-1.75063e+07	0.673483	0	0        0   271364      0      3.84365    5.20962    0
6.13533	448357	0	238.266	0.375656	0.335516	0.0623186	0.055756	0.0621964	0	0	0	0	0	0	-3.07601e+07	0.478771	0	0        0   476784      0      5.20962    7.06103    0
8.31572	789383	0	228.995	0.271884	0.256113	0.0451452	0.0333143	0.0451094	0	0	0	0	0	0	-5.41299e+07	0.343768	0	0        0   838383      0      7.06103    9.5704    0
11.271	1405167	0	222.871	0.198245	0.215094	0.0329402	0.0585331	0.0329241	0	0	0	0	0	0	-9.63639e+07	0.249361	0	0        0   1.49192e+06      0      9.5704    12.9716    0
15.2765	2484910	0	216.39	0.144722	0.166298	0.0240725	0.0231748	0.0240911	0	0	0	0	0	0	-1.70401e+08	0.181354	0	0        0   2.63761e+06      0      12.9716    17.5814    0
20.7055	4442589	0	212.155	0.106106	0.0917595	0.0176442	0.0441716	0.0176385	0	0	0	0	0	0	-3.04722e+08	0.132965	0	0        0   4.71496e+06      0      17.5814    23.8296    0
28.0639	7959599	0	208.967	0.0781092	0.0943239	0.0129852	-0.00799166	0.0129921	0	0	0	0	0	0	-5.45922e+08	0.0981584	0	0        0   8.45098e+06      0      23.8296    32.2982    0
38.0373	14295903	0	206.501	0.0575954	0.0502638	0.00957953	-0.0146839	0.00957392	0	0	0	0	0	0	-9.80533e+08	0.0728385	0	0        0   1.51718e+07      0      32.2982    43.7764    0
51.5551	25754970	0	205.254	0.0426607	0.069498	0.00709427	0.00570628	0.00709185	0	0	0	0	0	0	-1.76662e+09	0.0543524	0	0        0   2.7333e+07      0      43.7764    59.3338    0
69.8769	46482153	0	205.023	0.0317492	0.0523845	0.00527901	0.0131149	0.00527528	0	0	0	0	0	0	-3.18871e+09	0.0409559	0	0        0   4.93574e+07      0      59.3338    80.42    0
94.7099	83656224	0	204.85	0.0236632	0.0294633	0.00393186	0.00507012	0.00393023	0	0	0	0	0	0	-5.73909e+09	0.0310637	0	0        0   8.88097e+07      0      80.42    109    0
