# 1bin_value	2data_points	3sqrt(data_points)	4W	5W_err	6e+	7e+_err	8eX 9eX_err	10e++ 	11e++_err		12eXX	13eXX_err		14e+X	15e+X_err 	16theta          17theta_err       17num_den	18num_err 19LS_err     20wt_num     21wt_num_err  22r_low   23r_high 24sig_crit
0.117769	602	25.673	529.137	77.1614	1.26854	6.14439	8.94763	5.77137	0	0	0	0	0	0	-3503.57	444.675	0	25.673        0   0      0      0.1    0.135538    0
0.159622	822	18.6456	362.727	44.3226	1.58057	3.70274	4.30241	3.44044	0	0	0	0	0	0	-2194.77	242.486	0	18.6456        0   0      0      0.135538    0.183706    0
0.216349	1216	13.7919	282.941	29.5488	1.51631	2.55806	-4.76107	2.52182	0	0	0	0	0	0	-1706.94	159.56	0	13.7919        0   0      0      0.183706    0.248992    0
0.293236	1749	10.3155	180.34	19.3392	4.79221	1.95722	0.224192	1.89425	0	0	0	0	0	0	-1123.58	96.7646	0	10.3155        0   0      0      0.248992    0.33748    0
0.397447	3413	6.54294	223.931	14.7891	4.73936	1.42766	1.47041	1.44445	0	0	0	0	0	0	-1332.44	73.2215	0	6.54294        0   0      0      0.33748    0.457415    0
0.538693	7026	4.27809	276.802	11.1352	2.58176	1.14841	-2.80702	1.15128	0	0	0	0	0	0	-1654.46	53.2968	0	4.27809        0   0      0      0.457415    0.619972    0
0.730136	10619	3.1812	193.455	6.91414	1.00689	0.801512	-0.455211	0.798198	0	0	0	0	0	0	-1106.4	29.7979	0	3.1812        0   0      0      0.619972    0.8403    0
0.989614	16722	2.37284	137.264	4.45642	0.113058	0.541157	-0.472889	0.548511	0	0	0	0	0	0	-784.909	17.2926	0	2.37284        0   0      0      0.8403    1.13893    0
1.34131	28221	1.75404	107.323	3.1406	0.352148	0.38756	-0.29123	0.389577	0	0	0	0	0	0	-612.502	11.6066	0	1.75404        0   0      0      1.13893    1.54368    0
1.81798	47751	1.30355	85.3921	2.2347	0.64505	0.280782	-0.0600006	0.281021	0	0	0	0	0	0	-463.718	7.91073	0	1.30355        0   0      0      1.54368    2.09228    0
2.46406	82734	0.962508	71.5181	1.57474	0.528832	0.199796	-0.0341001	0.200976	0	0	0	0	0	0	-371.593	5.30792	0	0.962508        0   0      0      2.09228    2.83584    0
3.33975	142633	0.715334	56.5959	1.14024	0.578962	0.146481	-0.0757071	0.146389	0	0	0	0	0	0	-280.084	3.70002	0	0.715334        0   0      0      2.83584    3.84365    0
4.52664	248012	0.530601	44.6457	0.823529	0.235059	0.106226	0.106052	0.106558	0	0	0	0	0	0	-199.023	2.59432	0	0.530601        0   0      0      3.84365    5.20962    0
6.13533	435779	0.393001	35.4157	0.599266	0.234948	0.0777849	-0.0188931	0.0776785	0	0	0	0	0	0	-141.942	1.84602	0	0.393001        0   0      0      5.20962    7.06103    0
8.31572	769831	0.291118	26.7295	0.437147	0.244273	0.0567454	-0.216504	0.056661	0	0	0	0	0	0	-88.3973	1.32465	0	0.291118        0   0      0      7.06103    9.5704    0
11.271	1366621	0.215869	19.5736	0.319584	0.136038	0.0414407	0.0772075	0.0414326	0	0	0	0	0	0	-43.075	0.957072	0	0.215869        0   0      0      9.5704    12.9716    0
15.2765	2423551	0.160501	13.5316	0.234693	0.109298	0.0304584	-0.0620932	0.0304516	0	0	0	0	0	0	-4.25854	0.698315	0	0.160501        0   0      0      12.9716    17.5814    0
20.7055	4336131	0.119197	9.31847	0.172728	0.0915819	0.0223995	0.00560578	0.0223931	0	0	0	0	0	0	22.9602	0.511655	0	0.119197        0   0      0      17.5814    23.8296    0
28.0639	7749756	0.0887007	5.26131	0.127535	0.129922	0.016526	0.00223621	0.0165379	0	0	0	0	0	0	49.1511	0.376699	0	0.0887007        0   0      0      23.8296    32.2982    0
38.0373	13935193	0.0659553	2.81018	0.0943452	0.0810242	0.0122264	-0.0112554	0.0122189	0	0	0	0	0	0	64.4915	0.278478	0	0.0659553        0   0      0      32.2982    43.7764    0
51.5551	25088956	0.0490694	1.17819	0.0699841	0.0574879	0.00905711	0.014819	0.00906223	0	0	0	0	0	0	74.392	0.2067	0	0.0490694        0   0      0      43.7764    59.3338    0
69.8769	45236624	0.0365092	0.515463	0.0520713	0.0332144	0.00674027	0.0005686	0.00674124	0	0	0	0	0	0	79.8306	0.154047	0	0.0365092        0   0      0      59.3338    80.42    0
94.7099	81385410	0.0272075	0.118099	0.0388493	0.0358191	0.00502777	0.0135205	0.00502835	0	0	0	0	0	0	82.8563	0.115296	0	0.0272075        0   0      0      80.42    109    0
