# 1bin_value	2data_points	3sqrt(data_points)	4W	5W_err	6e+	7e+_err	8eX 9eX_err	10e++ 	11e++_err		12eXX	13eXX_err		14e+X	15e+X_err 	16theta          17theta_err       17num_den	18num_err 19LS_err     20wt_num     21wt_num_err  22r_low   23r_high 24sig_crit
0.117769	691	0	1057.81	130.356	17.1106	7.35666	-4.34579	6.82932	0	0	0	0	0	0	-47615.4	805.133	0	0        0   736.887      0      0.1    0.135538    0
0.159622	895	0	712.838	65.0058	10.7843	4.36968	0.820452	3.92398	0	0	0	0	0	0	-61310.2	395.197	0	0        0   940.094      0      0.135538    0.183706    0
0.216349	1316	0	554.816	32.4905	9.31586	2.8857	-3.47968	2.63569	0	0	0	0	0	0	-90252.5	181.586	0	0        0   1405.69      0      0.183706    0.248992    0
0.293236	1796	0	414.8	19.0848	6.16794	1.75106	-0.985974	1.73394	0	0	0	0	0	0	-123274	105.26	0	0        0   1893.77      0      0.248992    0.33748    0
0.397447	3509	0	434.391	13.5753	4.53497	1.34796	-0.529862	1.30113	0	0	0	0	0	0	-239926	71.2646	0	0        0   3773.35      0      0.33748    0.457415    0
0.538693	7206	0	537.708	11.7258	5.53766	1.12834	-1.62633	1.16602	0	0	0	0	0	0	-494612	60.8767	0	0        0   7835.77      0      0.457415    0.619972    0
0.730136	10345	0	410.408	6.50225	2.31559	0.729646	0.189611	0.740415	0	0	0	0	0	0	-708582	31.128	0	0        0   11179.2      0      0.619972    0.8403    0
0.989614	16239	0	348.178	3.97965	0.712652	0.497657	0.010788	0.497121	0	0	0	0	0	0	-1.11286e+06	17.8023	0	0        0   17382.9      0      0.8403    1.13893    0
1.34131	27080	0	319.622	2.6763	1.01552	0.355218	0.421026	0.354664	0	0	0	0	0	0	-1.86108e+06	11.2315	0	0        0   29042.2      0      1.13893    1.54368    0
1.81798	45766	0	293.814	1.80932	0.966068	0.248048	0.114385	0.246542	0	0	0	0	0	0	-3.13619e+06	7.17556	0	0        0   48830.8      0      1.54368    2.09228    0
2.46406	78384	0	274.897	1.25226	0.727668	0.177657	-0.0902884	0.178953	0	0	0	0	0	0	-5.37885e+06	4.66518	0	0        0   83701.5      0      2.09228    2.83584    0
3.33975	136057	0	262.848	0.886483	0.736722	0.129221	0.117675	0.128652	0	0	0	0	0	0	-9.3362e+06	3.16086	0	0        0   145057      0      2.83584    3.84365    0
4.52664	235889	0	250.035	0.628933	0.477412	0.093196	0.0174166	0.0933693	0	0	0	0	0	0	-1.61698e+07	2.14028	0	0        0   251559      0      3.84365    5.20962    0
6.13533	412978	0	239.906	0.449526	0.34497	0.0675781	0.0396924	0.0675593	0	0	0	0	0	0	-2.83215e+07	1.47231	0	0        0   440256      0      5.20962    7.06103    0
8.31572	727810	0	230.558	0.321734	0.309269	0.0490766	0.0993752	0.0489877	0	0	0	0	0	0	-4.99196e+07	1.02228	0	0        0   775156      0      7.06103    9.5704    0
11.271	1287321	0	222.878	0.232014	0.218765	0.0355837	0.0240092	0.0356088	0	0	0	0	0	0	-8.82876e+07	0.721466	0	0        0   1.37035e+06      0      9.5704    12.9716    0
15.2765	2278944	0	216.698	0.168806	0.181224	0.0260043	0.0163797	0.0260095	0	0	0	0	0	0	-1.56278e+08	0.516353	0	0        0   2.42577e+06      0      12.9716    17.5814    0
20.7055	4065695	0	212.027	0.123298	0.15756	0.0190662	0.0124206	0.0190732	0	0	0	0	0	0	-2.78874e+08	0.373421	0	0        0   4.32734e+06      0      17.5814    23.8296    0
28.0639	7274832	0	208.541	0.0904828	0.164243	0.0140252	0.0415297	0.0140127	0	0	0	0	0	0	-4.98931e+08	0.272412	0	0        0   7.74113e+06      0      23.8296    32.2982    0
38.0373	13047059	0	205.787	0.066588	0.107351	0.0103153	0.0267127	0.010327	0	0	0	0	0	0	-8.94946e+08	0.199786	0	0        0   1.38798e+07      0      32.2982    43.7764    0
51.5551	23469680	0	204.139	0.0492348	0.0634966	0.00763836	-0.00308978	0.00764049	0	0	0	0	0	0	-1.60996e+09	0.1475	0	0        0   2.49677e+07      0      43.7764    59.3338    0
69.8769	42287784	0	203.489	0.036578	0.0365512	0.00567732	-0.0149472	0.00567989	0	0	0	0	0	0	-2.90081e+09	0.109622	0	0        0   4.4997e+07      0      59.3338    80.42    0
94.7099	75996533	0	203.003	0.0272349	0.0288987	0.00422794	-0.0302682	0.00422757	0	0	0	0	0	0	-5.21367e+09	0.0818083	0	0        0   8.08313e+07      0      80.42    109    0
