# 1bin_value	2data_points	3sqrt(data_points)	4W	5W_err	6e+	7e+_err	8eX 9eX_err	10e++ 	11e++_err		12eXX	13eXX_err		14e+X	15e+X_err 	16theta          17theta_err       17num_den	18num_err 19LS_err     20wt_num     21wt_num_err  22r_low   23r_high 24sig_crit
0.117769	290	0	210.947	16.6605	0	0	0	0	0	0	0	0	0	0	-1341.13	32585.7	0	0        0   312.716      0      0.1    0.135538    0
0.159622	526	0	187.214	10.3738	0	0	0	0	0	0	0	0	0	0	-1206.84	59086.1	0	0        0   561.327      0      0.135538    0.183706    0
0.216349	916	0	187.266	7.7964	0	0	0	0	0	0	0	0	0	0	-1214.72	100009	0	0        0   965.7      0      0.183706    0.248992    0
0.293236	1762	0	205.221	6.28133	0	0	0	0	0	0	0	0	0	0	-1325.66	192941	0	0        0   1874.91      0      0.248992    0.33748    0
0.397447	3187	0	199.239	4.45371	0	0	0	0	0	0	0	0	0	0	-1288.2	347223	0	0        0   3385.6      0      0.33748    0.457415    0
0.538693	5911	0	200.672	3.307	0	0	0	0	0	0	0	0	0	0	-1289.67	638815	0	0        0   6298.68      0      0.457415    0.619972    0
0.730136	10484	0	197.602	2.45208	0	0	0	0	0	0	0	0	0	0	-1264.74	1.14022e+06	0	0        0   11239.1      0      0.619972    0.8403    0
0.989614	19441	0	200.244	1.82124	0	0	0	0	0	0	0	0	0	0	-1283.37	2.10771e+06	0	0        0   20811.1      0      0.8403    1.13893    0
1.34131	35729	0	201.993	1.36214	0	0	0	0	0	0	0	0	0	0	-1293.75	3.87456e+06	0	0        0   38244.8      0      1.13893    1.54368    0
1.81798	65076	0	200.727	0.999958	0	0	0	0	0	0	0	0	0	0	-1286.43	7.06002e+06	0	0        0   69681.7      0      1.54368    2.09228    0
2.46406	118882	0	199.147	0.732625	0	0	0	0	0	0	0	0	0	0	-1274.41	1.28868e+07	0	0        0   127395      0      2.09228    2.83584    0
3.33975	217406	0	200.217	0.545022	0	0	0	0	0	0	0	0	0	0	-1283.04	2.36211e+07	0	0        0   232807      0      2.83584    3.84365    0
4.52664	396587	0	199.484	0.401722	0	0	0	0	0	0	0	0	0	0	-1279.49	4.30167e+07	0	0        0   424062      0      3.84365    5.20962    0
6.13533	724172	0	199.575	0.297576	0	0	0	0	0	0	0	0	0	0	-1279.34	7.85215e+07	0	0        0   774620      0      5.20962    7.06103    0
8.31572	1329862	0	199.794	0.219757	0	0	0	0	0	0	0	0	0	0	-1282.06	1.44357e+08	0	0        0   1.4216e+06      0      7.06103    9.5704    0
11.271	2437205	0	199.896	0.162486	0	0	0	0	0	0	0	0	0	0	-1282.32	2.64606e+08	0	0        0   2.60619e+06      0      9.5704    12.9716    0
15.2765	4441043	0	199.793	0.120294	0	0	0	0	0	0	0	0	0	0	-1282.37	4.82124e+08	0	0        0   4.74552e+06      0      12.9716    17.5814    0
20.7055	8107107	0	199.776	0.089052	0	0	0	0	0	0	0	0	0	0	-1282.24	8.80551e+08	0	0        0   8.66363e+06      0      17.5814    23.8296    0
28.0639	14766294	0	199.853	0.0660408	0	0	0	0	0	0	0	0	0	0	-1283	1.60524e+09	0	0        0   1.57772e+07      0      23.8296    32.2982    0
38.0373	26860112	0	199.895	0.0490022	0	0	0	0	0	0	0	0	0	0	-1283.63	2.92284e+09	0	0        0   2.86912e+07      0      32.2982    43.7764    0
51.5551	48713930	0	199.93	0.0364169	0	0	0	0	0	0	0	0	0	0	-1284.23	5.3069e+09	0	0        0   5.20157e+07      0      43.7764    59.3338    0
69.8769	88024746	0	199.817	0.0270981	0	0	0	0	0	0	0	0	0	0	-1283.89	9.60682e+09	0	0        0   9.39711e+07      0      59.3338    80.42    0
94.7099	158416805	0	199.738	0.02021	0	0	0	0	0	0	0	0	0	0	-1283.88	1.73197e+10	0	0        0   1.69041e+08      0      80.42    109    0
