# 1bin_value	2data_points	3sqrt(data_points)	4W	5W_err	6e+	7e+_err	8eX 9eX_err	10e++ 	11e++_err		12eXX	13eXX_err		14e+X	15e+X_err 	16theta          17theta_err       17num_den	18num_err 19LS_err     20wt_num     21wt_num_err  22r_low   23r_high 24sig_crit
0.117769	297	0	234.154	18.0479	0	0	0	0	0	0	0	0	0	0	-1547.56	32517.2	0	0        0   306.541      0      0.1    0.135538    0
0.159622	484	0	193.843	11.1946	0	0	0	0	0	0	0	0	0	0	-1266.16	54554.8	0	0        0   511.116      0      0.135538    0.183706    0
0.216349	891	0	207.69	8.92949	0	0	0	0	0	0	0	0	0	0	-1331.54	97532	0	0        0   951.135      0      0.183706    0.248992    0
0.293236	1608	0	191.622	6.01617	0	0	0	0	0	0	0	0	0	0	-1236.24	175213	0	0        0   1708.68      0      0.248992    0.33748    0
0.397447	2973	0	192.853	4.45722	0	0	0	0	0	0	0	0	0	0	-1243.68	320169	0	0        0   3157.54      0      0.33748    0.457415    0
0.538693	5521	0	208.152	3.58332	0	0	0	0	0	0	0	0	0	0	-1331.14	600158	0	0        0   5937.93      0      0.457415    0.619972    0
0.730136	9923	0	199.351	2.53848	0	0	0	0	0	0	0	0	0	0	-1280.89	1.07572e+06	0	0        0   10599.6      0      0.619972    0.8403    0
0.989614	18231	0	198.801	1.87283	0	0	0	0	0	0	0	0	0	0	-1273.64	1.96993e+06	0	0        0   19506      0      0.8403    1.13893    0
1.34131	33390	0	199.534	1.38254	0	0	0	0	0	0	0	0	0	0	-1280.54	3.61356e+06	0	0        0   35692.8      0      1.13893    1.54368    0
1.81798	61185	0	199.814	1.02274	0	0	0	0	0	0	0	0	0	0	-1282.65	6.62063e+06	0	0        0   65417.6      0      1.54368    2.09228    0
2.46406	111313	0	198.603	0.754537	0	0	0	0	0	0	0	0	0	0	-1271.12	1.20392e+07	0	0        0   119279      0      2.09228    2.83584    0
3.33975	204002	0	199.845	0.561011	0	0	0	0	0	0	0	0	0	0	-1281.8	2.20545e+07	0	0        0   218168      0      2.83584    3.84365    0
4.52664	372995	0	199.769	0.414388	0	0	0	0	0	0	0	0	0	0	-1281.05	4.03325e+07	0	0        0   398903      0      3.84365    5.20962    0
6.13533	681911	0	199.77	0.30639	0	0	0	0	0	0	0	0	0	0	-1281.85	7.37157e+07	0	0        0   728772      0      5.20962    7.06103    0
8.31572	1251374	0	199.777	0.226326	0	0	0	0	0	0	0	0	0	0	-1282.08	1.35379e+08	0	0        0   1.33745e+06      0      7.06103    9.5704    0
11.271	2291188	0	199.622	0.167084	0	0	0	0	0	0	0	0	0	0	-1280.94	2.47784e+08	0	0        0   2.44864e+06      0      9.5704    12.9716    0
15.2765	4178018	0	199.657	0.123771	0	0	0	0	0	0	0	0	0	0	-1281.36	4.52091e+08	0	0        0   4.46515e+06      0      12.9716    17.5814    0
20.7055	7642855	0	200.067	0.0917471	0	0	0	0	0	0	0	0	0	0	-1284.16	8.27101e+08	0	0        0   8.16677e+06      0      17.5814    23.8296    0
28.0639	13909012	0	199.972	0.0679752	0	0	0	0	0	0	0	0	0	0	-1283.72	1.5055e+09	0	0        0   1.48599e+07      0      23.8296    32.2982    0
38.0373	25290903	0	199.893	0.0503995	0	0	0	0	0	0	0	0	0	0	-1283.83	2.73885e+09	0	0        0   2.70082e+07      0      32.2982    43.7764    0
51.5551	45883758	0	199.859	0.0374277	0	0	0	0	0	0	0	0	0	0	-1283.79	4.97183e+09	0	0        0   4.89909e+07      0      43.7764    59.3338    0
69.8769	83057832	0	200.014	0.0278559	0	0	0	0	0	0	0	0	0	0	-1285.2	9.00871e+09	0	0        0   8.86625e+07      0      59.3338    80.42    0
94.7099	149584983	0	199.894	0.0207552	0	0	0	0	0	0	0	0	0	0	-1285.17	1.62422e+10	0	0        0   1.59586e+08      0      80.42    109    0
