# 1bin_value	2data_points	3sqrt(data_points)	4W	5W_err	6e+	7e+_err	8eX 9eX_err	10e++ 	11e++_err		12eXX	13eXX_err		14e+X	15e+X_err 	16theta          17theta_err       17num_den	18num_err 19LS_err     20wt_num     21wt_num_err  22r_low   23r_high 24sig_crit
0.117769	601	25.6297	518.455	75.8436	2.1443	6.10335	9.136	5.76274	0	0	0	0	0	0	-3416.08	433.454	0	25.6297        0   0      0      0.1    0.135538    0
0.159622	822	18.6585	363.784	44.902	1.54647	3.73515	3.43556	3.47441	0	0	0	0	0	0	-2202.89	246.082	0	18.6585        0   0      0      0.135538    0.183706    0
0.216349	1231	13.7867	290.777	30.2195	0.650096	2.57436	-4.00666	2.54103	0	0	0	0	0	0	-1772.8	164.84	0	13.7867        0   0      0      0.183706    0.248992    0
0.293236	1752	10.257	185.41	19.5283	5.12483	1.96372	0.329605	1.90241	0	0	0	0	0	0	-1154.12	98.1708	0	10.257        0   0      0      0.248992    0.33748    0
0.397447	3408	6.53798	224.823	14.7985	4.88299	1.42792	1.47574	1.44441	0	0	0	0	0	0	-1332.93	73.3961	0	6.53798        0   0      0      0.33748    0.457415    0
0.538693	6996	4.28863	272.98	10.9869	2.57087	1.14356	-2.51597	1.14643	0	0	0	0	0	0	-1633.81	52.2259	0	4.28863        0   0      0      0.457415    0.619972    0
0.730136	10591	3.18482	192.916	6.92004	0.903734	0.802639	-0.414162	0.799254	0	0	0	0	0	0	-1103.94	29.8531	0	3.18482        0   0      0      0.619972    0.8403    0
0.989614	16657	2.37727	135.726	4.44618	0.0676512	0.540615	-0.407395	0.547921	0	0	0	0	0	0	-775.36	17.2562	0	2.37727        0   0      0      0.8403    1.13893    0
1.34131	28209	1.75489	107.558	3.14406	0.337148	0.387789	-0.319209	0.389813	0	0	0	0	0	0	-614.604	11.6377	0	1.75489        0   0      0      1.13893    1.54368    0
1.81798	47735	1.30407	85.5071	2.23176	0.580935	0.280567	-0.00270118	0.280822	0	0	0	0	0	0	-461.579	7.89575	0	1.30407        0   0      0      1.54368    2.09228    0
2.46406	82598	0.963461	71.3428	1.57352	0.487567	0.199723	0.0340865	0.200902	0	0	0	0	0	0	-369.426	5.30536	0	0.963461        0   0      0      2.09228    2.83584    0
3.33975	142495	0.715786	56.447	1.13904	0.578323	0.146378	-0.0952465	0.146288	0	0	0	0	0	0	-278.724	3.69559	0	0.715786        0   0      0      2.83584    3.84365    0
4.52664	247745	0.530935	44.6148	0.822748	0.212684	0.106158	0.105378	0.106489	0	0	0	0	0	0	-198.104	2.59277	0	0.530935        0   0      0      3.84365    5.20962    0
6.13533	435228	0.393166	35.0868	0.598567	0.235993	0.0777223	0.00428247	0.0776162	0	0	0	0	0	0	-139.405	1.84378	0	0.393166        0   0      0      5.20962    7.06103    0
8.31572	768778	0.291257	26.5326	0.436667	0.239437	0.0567035	-0.209272	0.0566191	0	0	0	0	0	0	-86.1274	1.32342	0	0.291257        0   0      0      7.06103    9.5704    0
11.271	1364490	0.215985	19.4346	0.319142	0.130416	0.0414024	0.0806046	0.0413942	0	0	0	0	0	0	-41.0052	0.955939	0	0.215985        0   0      0      9.5704    12.9716    0
15.2765	2419136	0.160603	13.2574	0.234387	0.0999488	0.0304318	-0.0541928	0.0304251	0	0	0	0	0	0	-1.79993	0.697629	0	0.160603        0   0      0      12.9716    17.5814    0
20.7055	4330381	0.119247	9.06082	0.172504	0.0856819	0.0223784	0.00767425	0.0223721	0	0	0	0	0	0	25.0187	0.510995	0	0.119247        0   0      0      17.5814    23.8296    0
28.0639	7743733	0.0887171	5.10021	0.127332	0.123658	0.0165054	0.00490624	0.0165172	0	0	0	0	0	0	50.6784	0.37589	0	0.0887171        0   0      0      23.8296    32.2982    0
38.0373	13931655	0.0659536	2.68437	0.0941748	0.0752571	0.0122081	-0.0123613	0.0122006	0	0	0	0	0	0	65.7149	0.277708	0	0.0659536        0   0      0      32.2982    43.7764    0
51.5551	25100834	0.0490531	1.14619	0.0698341	0.0559052	0.00904027	0.00825124	0.00904538	0	0	0	0	0	0	75.0919	0.205924	0	0.0490531        0   0      0      43.7764    59.3338    0
69.8769	45280403	0.0364881	0.467222	0.051939	0.0346726	0.00672495	-0.000849509	0.00672592	0	0	0	0	0	0	80.5547	0.15332	0	0.0364881        0   0      0      59.3338    80.42    0
94.7099	81517176	0.0271828	0.0476714	0.0387256	0.0377586	0.00501307	0.0129858	0.00501364	0	0	0	0	0	0	83.5403	0.114581	0	0.0271828        0   0      0      80.42    109    0
