# 1bin_value	2data_points	3sqrt(data_points)	4W	5W_err	6e+	7e+_err	8eX 9eX_err	10e++ 	11e++_err		12eXX	13eXX_err		14e+X	15e+X_err 	16theta          17theta_err       17num_den	18num_err 19LS_err     20wt_num     21wt_num_err  22r_low   23r_high 24sig_crit
0.117769	278	0	211.027	16.6795	0	0	0	0	0	0	0	0	0	0	-1277.47	31849.2	0	0        0   312.738      0      0.1    0.135538    0
0.159622	539	0	206.313	11.4519	0	0	0	0	0	0	0	0	0	0	-1356.85	59557.6	0	0        0   566.294      0      0.135538    0.183706    0
0.216349	933	0	202.433	8.62236	0	0	0	0	0	0	0	0	0	0	-1276.42	103873	0	0        0   1016.6      0      0.183706    0.248992    0
0.293236	1742	0	208.965	6.49279	0	0	0	0	0	0	0	0	0	0	-1330.45	189337	0	0        0   1875.35      0      0.248992    0.33748    0
0.397447	3127	0	195.809	4.43334	0	0	0	0	0	0	0	0	0	0	-1270	344160	0	0        0   3325.49      0      0.33748    0.457415    0
0.538693	5810	0	198.776	3.30853	0	0	0	0	0	0	0	0	0	0	-1274.59	631915	0	0        0   6220.37      0      0.457415    0.619972    0
0.730136	10281	0	196.241	2.44848	0	0	0	0	0	0	0	0	0	0	-1255.7	1.11026e+06	0	0        0   11005      0      0.619972    0.8403    0
0.989614	19146	0	201.771	1.85331	0	0	0	0	0	0	0	0	0	0	-1293.96	2.07685e+06	0	0        0   20501.2      0      0.8403    1.13893    0
1.34131	35073	0	199.367	1.34673	0	0	0	0	0	0	0	0	0	0	-1281.93	3.7966e+06	0	0        0   37402.5      0      1.13893    1.54368    0
1.81798	64109	0	200.894	1.00682	0	0	0	0	0	0	0	0	0	0	-1283.24	6.93143e+06	0	0        0   68813.8      0      1.54368    2.09228    0
2.46406	117643	0	200.555	0.741577	0	0	0	0	0	0	0	0	0	0	-1285.56	1.27121e+07	0	0        0   125763      0      2.09228    2.83584    0
3.33975	215192	0	200.985	0.54947	0	0	0	0	0	0	0	0	0	0	-1289.34	2.32684e+07	0	0        0   229998      0      2.83584    3.84365    0
4.52664	390568	0	199.823	0.405271	0	0	0	0	0	0	0	0	0	0	-1281.77	4.22582e+07	0	0        0   417608      0      3.84365    5.20962    0
6.13533	715470	0	200.158	0.299922	0	0	0	0	0	0	0	0	0	0	-1284.57	7.74436e+07	0	0        0   764765      0      5.20962    7.06103    0
8.31572	1313193	0	200.243	0.221456	0	0	0	0	0	0	0	0	0	0	-1284.67	1.42129e+08	0	0        0   1.40405e+06      0      7.06103    9.5704    0
11.271	2407566	0	200.526	0.163879	0	0	0	0	0	0	0	0	0	0	-1286.73	2.60602e+08	0	0        0   2.57363e+06      0      9.5704    12.9716    0
15.2765	4381776	0	200.059	0.121163	0	0	0	0	0	0	0	0	0	0	-1283.86	4.74362e+08	0	0        0   4.68333e+06      0      12.9716    17.5814    0
20.7055	8001035	0	200.105	0.0896946	0	0	0	0	0	0	0	0	0	0	-1284.06	8.66292e+08	0	0        0   8.55164e+06      0      17.5814    23.8296    0
28.0639	14578760	0	200.069	0.066435	0	0	0	0	0	0	0	0	0	0	-1284.23	1.5787e+09	0	0        0   1.55767e+07      0      23.8296    32.2982    0
38.0373	26527722	0	200.048	0.0492571	0	0	0	0	0	0	0	0	0	0	-1284.68	2.87372e+09	0	0        0   2.83305e+07      0      32.2982    43.7764    0
51.5551	48132220	0	200.056	0.0365802	0	0	0	0	0	0	0	0	0	0	-1285.15	5.21629e+09	0	0        0   5.1387e+07      0      43.7764    59.3338    0
69.8769	87032131	0	200.013	0.0272082	0	0	0	0	0	0	0	0	0	0	-1285.2	9.43855e+09	0	0        0   9.28956e+07      0      59.3338    80.42    0
94.7099	156725237	0	199.923	0.0202754	0	0	0	0	0	0	0	0	0	0	-1285.23	1.70108e+10	0	0        0   1.67197e+08      0      80.42    109    0
