# 1bin_value	2data_points	3sqrt(data_points)	4W	5W_err	6e+	7e+_err	8eX 9eX_err	10e++ 	11e++_err		12eXX	13eXX_err		14e+X	15e+X_err 	16theta          17theta_err       17num_den	18num_err 19LS_err     20wt_num     21wt_num_err  22r_low   23r_high 24sig_crit
0.117769	1481	0	199.935	5.6617	0	0	0	0	0	0	0	0	0	0	-1297.23	161247	0	0        0   1571.71      0      0.1    0.135538    0
0.159622	2679	0	201.833	4.28651	0	0	0	0	0	0	0	0	0	0	-1290.97	292174	0	0        0   2880.07      0      0.135538    0.183706    0
0.216349	4836	0	197.899	3.11346	0	0	0	0	0	0	0	0	0	0	-1270.55	524059	0	0        0   5168.43      0      0.183706    0.248992    0
0.293236	8860	0	197.416	2.28974	0	0	0	0	0	0	0	0	0	0	-1270.81	962014	0	0        0   9452.78      0      0.248992    0.33748    0
0.397447	16447	0	200.738	1.71611	0	0	0	0	0	0	0	0	0	0	-1286.86	1.77918e+06	0	0        0   17611.6      0      0.33748    0.457415    0
0.538693	29960	0	201.143	1.27252	0	0	0	0	0	0	0	0	0	0	-1290.9	3.23881e+06	0	0        0   32022.4      0      0.457415    0.619972    0
0.730136	55209	0	202.658	0.943552	0	0	0	0	0	0	0	0	0	0	-1300.02	5.94656e+06	0	0        0   58948.6      0      0.619972    0.8403    0
0.989614	98802	0	198.543	0.691658	0	0	0	0	0	0	0	0	0	0	-1272.81	1.06769e+07	0	0        0   105714      0      0.8403    1.13893    0
1.34131	181564	0	198.952	0.511105	0	0	0	0	0	0	0	0	0	0	-1276.11	1.96146e+07	0	0        0   194104      0      1.13893    1.54368    0
1.81798	333618	0	200.253	0.379836	0	0	0	0	0	0	0	0	0	0	-1283.33	3.60405e+07	0	0        0   357012      0      1.54368    2.09228    0
2.46406	610556	0	200.029	0.280312	0	0	0	0	0	0	0	0	0	0	-1283.43	6.59908e+07	0	0        0   652754      0      2.09228    2.83584    0
3.33975	1114368	0	199.878	0.207438	0	0	0	0	0	0	0	0	0	0	-1281.3	1.20396e+08	0	0        0   1.19203e+06      0      2.83584    3.84365    0
4.52664	2038142	0	200.205	0.15357	0	0	0	0	0	0	0	0	0	0	-1284.45	2.20363e+08	0	0        0   2.17915e+06      0      3.84365    5.20962    0
6.13533	3721905	0	199.968	0.113527	0	0	0	0	0	0	0	0	0	0	-1282.97	4.02442e+08	0	0        0   3.97932e+06      0      5.20962    7.06103    0
8.31572	6827049	0	200.123	0.0838857	0	0	0	0	0	0	0	0	0	0	-1284.27	7.38221e+08	0	0        0   7.29693e+06      0      7.06103    9.5704    0
11.271	12493805	0	199.961	0.0619655	0	0	0	0	0	0	0	0	0	0	-1283.03	1.35079e+09	0	0        0   1.3354e+07      0      9.5704    12.9716    0
15.2765	22783371	0	199.974	0.0458977	0	0	0	0	0	0	0	0	0	0	-1283.39	2.4642e+09	0	0        0   2.43492e+07      0      12.9716    17.5814    0
20.7055	41592895	0	199.973	0.0339748	0	0	0	0	0	0	0	0	0	0	-1283.5	4.50017e+09	0	0        0   4.44483e+07      0      17.5814    23.8296    0
28.0639	75750327	0	199.888	0.0251679	0	0	0	0	0	0	0	0	0	0	-1283.25	8.19827e+09	0	0        0   8.09286e+07      0      23.8296    32.2982    0
38.0373	137754237	0	199.866	0.0186659	0	0	0	0	0	0	0	0	0	0	-1283.59	1.49178e+10	0	0        0   1.4712e+08      0      32.2982    43.7764    0
51.5551	249840617	0	199.817	0.0138616	0	0	0	0	0	0	0	0	0	0	-1283.64	2.70754e+10	0	0        0   2.66748e+08      0      43.7764    59.3338    0
69.8769	451839309	0	199.762	0.01031	0	0	0	0	0	0	0	0	0	0	-1283.65	4.90158e+10	0	0        0   4.82278e+08      0      59.3338    80.42    0
94.7099	813572439	0	199.624	0.00768306	0	0	0	0	0	0	0	0	0	0	-1283.35	8.83821e+10	0	0        0   8.68004e+08      0      80.42    109    0
