# 1bin_value	2data_points	3sqrt(data_points)	4W	5W_err	6e+	7e+_err	8eX 9eX_err	10e++ 	11e++_err		12eXX	13eXX_err		14e+X	15e+X_err 	16theta          17theta_err       17num_den	18num_err 19LS_err     20wt_num     21wt_num_err  22r_low   23r_high 24sig_crit
0.117769	598	0	724.304	71.5303	-0.999807	5.74117	6.87133	5.37292	0	0	0	0	0	0	-41230.2	423.729	0	0        0   628.673      0      0.1    0.135538    0
0.159622	827	0	540.579	42.8093	2.78386	3.40368	4.65372	3.13385	0	0	0	0	0	0	-56458.5	244.965	0	0        0   875.827      0      0.135538    0.183706    0
0.216349	1227	0	465.941	27.8154	1.06982	2.31313	-2.18372	2.27172	0	0	0	0	0	0	-84024.4	159.265	0	0        0   1284.95      0      0.183706    0.248992    0
0.293236	1761	0	391.825	17.4031	4.3302	1.7719	-0.76271	1.69227	0	0	0	0	0	0	-121019	94.5733	0	0        0   1870.64      0      0.248992    0.33748    0
0.397447	3416	0	427.433	13.3555	5.24195	1.27525	0.39897	1.29679	0	0	0	0	0	0	-234271	70.9013	0	0        0   3668.38      0      0.33748    0.457415    0
0.538693	7053	0	477.382	10.0591	3.00276	1.04933	-2.51293	1.05286	0	0	0	0	0	0	-484937	51.057	0	0        0   7656.04      0      0.457415    0.619972    0
0.730136	10676	0	398.784	6.04135	0.967934	0.724388	-0.621253	0.718966	0	0	0	0	0	0	-730924	28.383	0	0        0   11538.5      0      0.619972    0.8403    0
0.989614	16795	0	337.308	3.65599	0.511302	0.47941	-0.110022	0.485712	0	0	0	0	0	0	-1.15108e+06	15.6662	0	0        0   18003.9      0      0.8403    1.13893    0
1.34131	28375	0	313.248	2.50711	0.359688	0.339001	-0.213602	0.341188	0	0	0	0	0	0	-1.94524e+06	10.2802	0	0        0   30285.1      0      1.13893    1.54368    0
1.81798	47975	0	290.886	1.74101	0.569652	0.243538	-0.204119	0.24347	0	0	0	0	0	0	-3.29027e+06	6.7955	0	0        0   51198.7      0      1.54368    2.09228    0
2.46406	83200	0	272.789	1.19591	0.54723	0.171528	0.0184218	0.172858	0	0	0	0	0	0	-5.70099e+06	4.41439	0	0        0   88464.7      0      2.09228    2.83584    0
3.33975	143451	0	259.501	0.847627	0.487474	0.125128	-0.0884901	0.124984	0	0	0	0	0	0	-9.83147e+06	2.97623	0	0        0   152731      0      2.83584    3.84365    0
4.52664	249631	0	247.346	0.601298	0.196905	0.0901612	0.0966877	0.0905582	0	0	0	0	0	0	-1.71218e+07	2.02223	0	0        0   265773      0      3.84365    5.20962    0
6.13533	438548	0	237.899	0.43019	0.278518	0.0656341	-0.0648701	0.0655272	0	0	0	0	0	0	-3.00732e+07	1.39666	0	0        0   466367      0      5.20962    7.06103    0
8.31572	774607	0	229.753	0.309968	0.19104	0.0476726	-0.163396	0.0475407	0	0	0	0	0	0	-5.31409e+07	0.979299	0	0        0   823815      0      7.06103    9.5704    0
11.271	1374852	0	222.77	0.224082	0.106995	0.0346347	0.0231867	0.0346271	0	0	0	0	0	0	-9.42966e+07	0.693952	0	0        0   1.46142e+06      0      9.5704    12.9716    0
15.2765	2438865	0	216.921	0.162988	0.0814153	0.0253414	-0.0356158	0.025346	0	0	0	0	0	0	-1.67286e+08	0.497873	0	0        0   2.59012e+06      0      12.9716    17.5814    0
20.7055	4365826	0	212.8	0.119177	0.103129	0.0185837	0.00727981	0.0185774	0	0	0	0	0	0	-2.99417e+08	0.360674	0	0        0   4.63555e+06      0      17.5814    23.8296    0
28.0639	7805896	0	209.216	0.0874921	0.130042	0.0136735	-0.00582091	0.0136859	0	0	0	0	0	0	-5.35408e+08	0.262774	0	0        0   8.29169e+06      0      23.8296    32.2982    0
38.0373	14043441	0	207.03	0.0644819	0.0754187	0.0100976	-0.0122999	0.0100882	0	0	0	0	0	0	-9.63279e+08	0.193078	0	0        0   1.4916e+07      0      32.2982    43.7764    0
51.5551	25301183	0	205.71	0.0477062	0.0421128	0.00746682	0.0237885	0.00747248	0	0	0	0	0	0	-1.73546e+09	0.14269	0	0        0   2.68694e+07      0      43.7764    59.3338    0
69.8769	45649467	0	205.277	0.0354572	0.0303563	0.00555211	-0.0045244	0.0055536	0	0	0	0	0	0	-3.13111e+09	0.106044	0	0        0   4.84929e+07      0      59.3338    80.42    0
94.7099	82201391	0	205.182	0.0264222	0.0264966	0.00413679	0.00428168	0.00413746	0	0	0	0	0	0	-5.63866e+09	0.0791664	0	0        0   8.73075e+07      0      80.42    109    0
