# 1bin_value	2data_points	3sqrt(data_points)	4W	5W_err	6e+	7e+_err	8eX 9eX_err	10e++ 	11e++_err		12eXX	13eXX_err		14e+X	15e+X_err 	16theta          17theta_err       17num_den	18num_err 19LS_err     20wt_num     21wt_num_err  22r_low   23r_high 24sig_crit
0.117769	288	0	220.664	17.0923	0	0	0	0	0	0	0	0	0	0	-1341.55	31849.2	0	0        0   323.487      0      0.1    0.135538    0
0.159622	534	0	204.578	11.4906	0	0	0	0	0	0	0	0	0	0	-1349.48	59557.6	0	0        0   559.44      0      0.135538    0.183706    0
0.216349	935	0	203.481	8.65791	0	0	0	0	0	0	0	0	0	0	-1283.35	103873	0	0        0   1019.59      0      0.183706    0.248992    0
0.293236	1738	0	209.105	6.50448	0	0	0	0	0	0	0	0	0	0	-1329.29	189337	0	0        0   1871.81      0      0.248992    0.33748    0
0.397447	3123	0	195.348	4.42593	0	0	0	0	0	0	0	0	0	0	-1267.1	344160	0	0        0   3320.78      0      0.33748    0.457415    0
0.538693	5799	0	198.747	3.31177	0	0	0	0	0	0	0	0	0	0	-1274.15	631915	0	0        0   6211.87      0      0.457415    0.619972    0
0.730136	10273	0	196.253	2.45135	0	0	0	0	0	0	0	0	0	0	-1255.82	1.11026e+06	0	0        0   10994.9      0      0.619972    0.8403    0
0.989614	19088	0	201.516	1.85515	0	0	0	0	0	0	0	0	0	0	-1291.48	2.07685e+06	0	0        0   20448.2      0      0.8403    1.13893    0
1.34131	34948	0	199.1	1.34927	0	0	0	0	0	0	0	0	0	0	-1280.4	3.7966e+06	0	0        0   37269.3      0      1.13893    1.54368    0
1.81798	63958	0	200.64	1.00731	0	0	0	0	0	0	0	0	0	0	-1281.41	6.93143e+06	0	0        0   68665.4      0      1.54368    2.09228    0
2.46406	117264	0	200.441	0.743226	0	0	0	0	0	0	0	0	0	0	-1284.45	1.27121e+07	0	0        0   125389      0      2.09228    2.83584    0
3.33975	214449	0	200.654	0.550106	0	0	0	0	0	0	0	0	0	0	-1287.07	2.32684e+07	0	0        0   229237      0      2.83584    3.84365    0
4.52664	389404	0	199.768	0.406246	0	0	0	0	0	0	0	0	0	0	-1281.16	4.22582e+07	0	0        0   416460      0      3.84365    5.20962    0
6.13533	713313	0	200.064	0.300566	0	0	0	0	0	0	0	0	0	0	-1283.66	7.74436e+07	0	0        0   762657      0      5.20962    7.06103    0
8.31572	1308978	0	200.122	0.221941	0	0	0	0	0	0	0	0	0	0	-1283.62	1.42129e+08	0	0        0   1.39985e+06      0      7.06103    9.5704    0
11.271	2399791	0	200.397	0.164234	0	0	0	0	0	0	0	0	0	0	-1285.6	2.60602e+08	0	0        0   2.56591e+06      0      9.5704    12.9716    0
15.2765	4367447	0	199.981	0.121467	0	0	0	0	0	0	0	0	0	0	-1283.04	4.74362e+08	0	0        0   4.66922e+06      0      12.9716    17.5814    0
20.7055	7972956	0	200.018	0.0899375	0	0	0	0	0	0	0	0	0	0	-1283.19	8.66292e+08	0	0        0   8.52364e+06      0      17.5814    23.8296    0
28.0639	14522971	0	199.944	0.06662	0	0	0	0	0	0	0	0	0	0	-1283.13	1.5787e+09	0	0        0   1.55207e+07      0      23.8296    32.2982    0
38.0373	26416375	0	199.926	0.0494125	0	0	0	0	0	0	0	0	0	0	-1283.57	2.87372e+09	0	0        0   2.82187e+07      0      32.2982    43.7764    0
51.5551	47905148	0	199.933	0.0367145	0	0	0	0	0	0	0	0	0	0	-1284.04	5.21629e+09	0	0        0   5.11574e+07      0      43.7764    59.3338    0
69.8769	86562803	0	199.884	0.0273248	0	0	0	0	0	0	0	0	0	0	-1284.02	9.43855e+09	0	0        0   9.24206e+07      0      59.3338    80.42    0
94.7099	155754213	0	199.783	0.0203765	0	0	0	0	0	0	0	0	0	0	-1283.93	1.70108e+10	0	0        0   1.66215e+08      0      80.42    109    0
