# 1bin_value	2data_points	3sqrt(data_points)	4W	5W_err	6e+	7e+_err	8eX 9eX_err	10e++ 	11e++_err		12eXX	13eXX_err		14e+X	15e+X_err 	16theta          17theta_err       17num_den	18num_err 19LS_err     20wt_num     21wt_num_err  22r_low   23r_high 24sig_crit
0.117769	277	0	204.298	16.1317	-2.05419	2.08555	-3.45347	2.10883	0	0	0	0	0	0	-18778.1	68.8505	0	0        0   277      0      0.1    0.135538    0
0.159622	520	0	187.722	10.1834	1.04789	1.52347	1.27564	1.48563	0	0	0	0	0	0	-35420.5	41.037	0	0        0   520      0      0.135538    0.183706    0
0.216349	931	0	191.058	7.72387	-0.300351	1.0936	2.21084	1.10435	0	0	0	0	0	0	-63350.8	31.0735	0	0        0   931      0      0.183706    0.248992    0
0.293236	1694	0	199.005	6.03539	0.00176535	0.831155	-0.878293	0.855716	0	0	0	0	0	0	-116945	25.069	0	0        0   1694      0      0.248992    0.33748    0
0.397447	3233	0	204.028	4.45045	0.449795	0.642988	-1.03267	0.635485	0	0	0	0	0	0	-221233	18.2684	0	0        0   3233      0      0.33748    0.457415    0
0.538693	5888	0	200.54	3.23218	0.102706	0.456667	0.0587284	0.455642	0	0	0	0	0	0	-403479	13.2043	0	0        0   5888      0      0.457415    0.619972    0
0.730136	10900	0	204.876	2.43215	-0.0819844	0.345767	0.0221089	0.348831	0	0	0	0	0	0	-748092	10.0019	0	0        0   10900      0      0.619972    0.8403    0
0.989614	19409	0	199.512	1.7658	0.321279	0.248764	0.486085	0.252522	0	0	0	0	0	0	-1.33118e+06	7.18987	0	0        0   19409      0      0.8403    1.13893    0
1.34131	35918	0	202.833	1.32412	0.0270959	0.187782	0.0262671	0.187968	0	0	0	0	0	0	-2.46475e+06	5.42605	0	0        0   35918      0      1.13893    1.54368    0
1.81798	66393	0	204.513	0.98287	-0.0895012	0.139131	-0.164069	0.139751	0	0	0	0	0	0	-4.55733e+06	4.03751	0	0        0   66393      0      1.54368    2.09228    0
2.46406	120502	0	201.572	0.717349	0.0677674	0.102107	-0.0110379	0.102173	0	0	0	0	0	0	-8.26713e+06	2.93295	0	0        0   120502      0      2.09228    2.83584    0
3.33975	219617	0	201.965	0.532512	-0.046799	0.0757751	-0.0120427	0.0758386	0	0	0	0	0	0	-1.50705e+07	2.17869	0	0        0   219617      0      2.83584    3.84365    0
4.52664	402253	0	202.333	0.394384	-0.0165264	0.0559724	-0.00770328	0.0559596	0	0	0	0	0	0	-2.75945e+07	1.61434	0	0        0   402253      0      3.84365    5.20962    0
6.13533	734762	0	202.43	0.291993	0.0428862	0.0415337	-0.05867	0.0415044	0	0	0	0	0	0	-5.03988e+07	1.1953	0	0        0   734762      0      5.20962    7.06103    0
8.31572	1349016	0	202.71	0.215841	-0.039067	0.0306296	0.0495192	0.0306789	0	0	0	0	0	0	-9.24939e+07	0.8837	0	0        0   1.34902e+06      0      7.06103    9.5704    0
11.271	2472293	0	202.792	0.159536	-0.0209193	0.022655	-0.0601575	0.0226519	0	0	0	0	0	0	-1.69546e+08	0.653489	0	0        0   2.47229e+06      0      9.5704    12.9716    0
15.2765	4513443	0	203.179	0.118349	-0.023826	0.0168177	0.0353749	0.0167985	0	0	0	0	0	0	-3.09557e+08	0.48522	0	0        0   4.51344e+06      0      12.9716    17.5814    0
20.7055	8243454	0	203.245	0.0876229	0.0108012	0.0124423	0.00813688	0.0124402	0	0	0	0	0	0	-5.65366e+08	0.359416	0	0        0   8.24345e+06      0      17.5814    23.8296    0
28.0639	15035524	0	203.607	0.0650336	-0.00615071	0.00922778	-0.00676957	0.00923048	0	0	0	0	0	0	-1.03108e+09	0.267003	0	0        0   1.50355e+07      0      23.8296    32.2982    0
38.0373	27362945	0	203.755	0.0482679	-0.00552126	0.00684999	0.0026899	0.00685065	0	0	0	0	0	0	-1.87655e+09	0.198361	0	0        0   2.73629e+07      0      32.2982    43.7764    0
51.5551	49647327	0	203.908	0.0358849	-0.013278	0.00508974	0.0125284	0.00509049	0	0	0	0	0	0	-3.40486e+09	0.147652	0	0        0   4.96473e+07      0      43.7764    59.3338    0
69.8769	89903954	0	204.21	0.0267315	-0.00400793	0.00379029	-0.00354018	0.00378982	0	0	0	0	0	0	-6.16564e+09	0.110172	0	0        0   8.9904e+07      0      59.3338    80.42    0
94.7099	162131599	0	204.601	0.0199686	-0.00743303	0.00282914	-0.00867276	0.00282918	0	0	0	0	0	0	-1.11194e+10	0.0824784	0	0        0   1.62132e+08      0      80.42    109    0
