# 1bin_value	2data_points	3sqrt(data_points)	4W	5W_err	6e+	7e+_err	8eX 9eX_err	10e++ 	11e++_err		12eXX	13eXX_err		14e+X	15e+X_err 	16theta          17theta_err       17num_den	18num_err 19LS_err     20wt_num     21wt_num_err  22r_low   23r_high 24sig_crit
0.117769	641	0	805.318	36.8324	18.5571	5.30754	6.02326	5.14743	0	0	0	0	0	0	-44250.6	112.599	0	0        0   676.163      0      0.1    0.135538    0
0.159622	869	0	623.835	23.9005	3.31175	3.54607	-4.68009	3.46635	0	0	0	0	0	0	-59595.5	64.7045	0	0        0   914.553      0      0.135538    0.183706    0
0.216349	1301	0	500.68	15.4157	6.17116	2.35599	0.637443	2.34483	0	0	0	0	0	0	-89411.3	37.549	0	0        0   1372.25      0      0.183706    0.248992    0
0.293236	1850	0	394.879	10.0839	2.08674	1.58713	1.01872	1.70245	0	0	0	0	0	0	-126901	21.9415	0	0        0   1959.08      0      0.248992    0.33748    0
0.397447	3715	0	442.907	7.93936	1.10319	1.24651	-3.399	1.20618	0	0	0	0	0	0	-253773	16.2304	0	0        0   3984.41      0      0.33748    0.457415    0
0.538693	7358	0	492.652	6.30176	3.35559	1.01896	1.22829	1.0188	0	0	0	0	0	0	-505901	12.4624	0	0        0   8004.59      0      0.457415    0.619972    0
0.730136	10885	0	394.678	4.09258	1.89078	0.662383	0.417517	0.662071	0	0	0	0	0	0	-744902	7.03984	0	0        0   11735.2      0      0.619972    0.8403    0
0.989614	17535	0	346.715	2.80689	1.52001	0.464197	0.814044	0.455082	0	0	0	0	0	0	-1.20038e+06	4.53013	0	0        0   18804.1      0      0.8403    1.13893    0
1.34131	29238	0	314.088	1.9529	1.05936	0.324309	-0.0305885	0.322977	0	0	0	0	0	0	-2.00364e+06	3.02309	0	0        0   31089      0      1.13893    1.54368    0
1.81798	48799	0	287.79	1.38399	0.571973	0.225916	0.235894	0.228659	0	0	0	0	0	0	-3.3531e+06	2.03736	0	0        0   51981      0      1.54368    2.09228    0
2.46406	84328	0	272.471	0.997149	0.353429	0.164203	-0.262548	0.163942	0	0	0	0	0	0	-5.77986e+06	1.40792	0	0        0   89873.2      0      2.09228    2.83584    0
3.33975	146814	0	259.35	0.71642	0.430802	0.119186	-0.0216853	0.118431	0	0	0	0	0	0	-1.00694e+07	0.996754	0	0        0   156115      0      2.83584    3.84365    0
4.52664	253977	0	246.519	0.517796	0.422565	0.0860987	0.00673235	0.0857991	0	0	0	0	0	0	-1.74217e+07	0.707221	0	0        0   270226      0      3.84365    5.20962    0
6.13533	446227	0	237.361	0.37576	0.319363	0.0623381	0.0547611	0.0622164	0	0	0	0	0	0	-3.06141e+07	0.503981	0	0        0   474831      0      5.20962    7.06103    0
8.31572	785755	0	228.114	0.271931	0.253582	0.045155	0.0305094	0.0451192	0	0	0	0	0	0	-5.38817e+07	0.361368	0	0        0   834973      0      7.06103    9.5704    0
11.271	1398476	0	221.96	0.198281	0.210897	0.0329477	0.0603171	0.0329316	0	0	0	0	0	0	-9.59106e+07	0.26264	0	0        0   1.48552e+06      0      9.5704    12.9716    0
15.2765	2472930	0	215.484	0.144741	0.163388	0.0240766	0.024178	0.0240952	0	0	0	0	0	0	-1.69581e+08	0.191337	0	0        0   2.62612e+06      0      12.9716    17.5814    0
20.7055	4419457	0	211.19	0.106114	0.0927679	0.0176463	0.0448708	0.0176406	0	0	0	0	0	0	-3.0313e+08	0.140981	0	0        0   4.69302e+06      0      17.5814    23.8296    0
28.0639	7917757	0	207.999	0.0781141	0.0935517	0.0129866	-0.0098554	0.0129935	0	0	0	0	0	0	-5.43068e+08	0.103977	0	0        0   8.41107e+06      0      23.8296    32.2982    0
38.0373	14218876	0	205.537	0.0576021	0.0449101	0.00958107	-0.0175284	0.00957546	0	0	0	0	0	0	-9.75274e+08	0.0772337	0	0        0   1.50989e+07      0      32.2982    43.7764    0
51.5551	25607496	0	204.259	0.0426716	0.0636236	0.00709641	0.00780793	0.00709399	0	0	0	0	0	0	-1.75649e+09	0.0578259	0	0        0   2.71928e+07      0      43.7764    59.3338    0
69.8769	46210863	0	204.045	0.0317635	0.0480289	0.00528162	0.0169774	0.0052779	0	0	0	0	0	0	-3.16999e+09	0.0435722	0	0        0   4.9098e+07      0      59.3338    80.42    0
94.7099	83130961	0	203.859	0.0236818	0.0259677	0.00393514	0.00733525	0.00393351	0	0	0	0	0	0	-5.70274e+09	0.0331426	0	0        0   8.83063e+07      0      80.42    109    0
