# 1bin_value	2data_points	3sqrt(data_points)	4W	5W_err	6e+	7e+_err	8eX 9eX_err	10e++ 	11e++_err		12eXX	13eXX_err		14e+X	15e+X_err 	16theta          17theta_err       17num_den	18num_err 19LS_err     20wt_num     21wt_num_err  22r_low   23r_high 24sig_crit
0.117769	285	0	218.816	16.9994	0	0	0	0	0	0	0	0	0	0	-1327.75	31849.2	0	0        0   320.459      0      0.1    0.135538    0
0.159622	537	0	205.294	11.4383	0	0	0	0	0	0	0	0	0	0	-1351.01	59557.6	0	0        0   564.145      0      0.135538    0.183706    0
0.216349	943	0	204.11	8.63863	0	0	0	0	0	0	0	0	0	0	-1287.41	103873	0	0        0   1027.06      0      0.183706    0.248992    0
0.293236	1740	0	209.215	6.51136	0	0	0	0	0	0	0	0	0	0	-1332.42	189337	0	0        0   1872.53      0      0.248992    0.33748    0
0.397447	3130	0	196.201	4.43775	0	0	0	0	0	0	0	0	0	0	-1271.99	344160	0	0        0   3330.63      0      0.33748    0.457415    0
0.538693	5812	0	199.317	3.31914	0	0	0	0	0	0	0	0	0	0	-1279.1	631915	0	0        0   6220.24      0      0.457415    0.619972    0
0.730136	10270	0	196.011	2.44887	0	0	0	0	0	0	0	0	0	0	-1254.47	1.11026e+06	0	0        0   10988.3      0      0.619972    0.8403    0
0.989614	19127	0	201.472	1.85203	0	0	0	0	0	0	0	0	0	0	-1292.23	2.07685e+06	0	0        0   20476.4      0      0.8403    1.13893    0
1.34131	35012	0	199.455	1.35017	0	0	0	0	0	0	0	0	0	0	-1282.93	3.7966e+06	0	0        0   37331.7      0      1.13893    1.54368    0
1.81798	64048	0	200.946	1.00821	0	0	0	0	0	0	0	0	0	0	-1283.74	6.93143e+06	0	0        0   68739.8      0      1.54368    2.09228    0
2.46406	117531	0	200.721	0.743148	0	0	0	0	0	0	0	0	0	0	-1286.55	1.27121e+07	0	0        0   125643      0      2.09228    2.83584    0
3.33975	214809	0	200.807	0.549962	0	0	0	0	0	0	0	0	0	0	-1288.62	2.32684e+07	0	0        0   229528      0      2.83584    3.84365    0
4.52664	390132	0	199.926	0.406103	0	0	0	0	0	0	0	0	0	0	-1282.73	4.22582e+07	0	0        0   417042      0      3.84365    5.20962    0
6.13533	714499	0	200.225	0.300492	0	0	0	0	0	0	0	0	0	0	-1285.13	7.74436e+07	0	0        0   763658      0      5.20962    7.06103    0
8.31572	1311435	0	200.356	0.221958	0	0	0	0	0	0	0	0	0	0	-1285.68	1.42129e+08	0	0        0   1.4019e+06      0      7.06103    9.5704    0
11.271	2404302	0	200.598	0.164219	0	0	0	0	0	0	0	0	0	0	-1287.48	2.60602e+08	0	0        0   2.56954e+06      0      9.5704    12.9716    0
15.2765	4375266	0	200.175	0.12146	0	0	0	0	0	0	0	0	0	0	-1284.88	4.74362e+08	0	0        0   4.67544e+06      0      12.9716    17.5814    0
20.7055	7987465	0	200.22	0.0899345	0	0	0	0	0	0	0	0	0	0	-1285.07	8.66292e+08	0	0        0   8.5353e+06      0      17.5814    23.8296    0
28.0639	14549782	0	200.161	0.0666238	0	0	0	0	0	0	0	0	0	0	-1285.13	1.5787e+09	0	0        0   1.55421e+07      0      23.8296    32.2982    0
38.0373	26469277	0	200.149	0.0494114	0	0	0	0	0	0	0	0	0	0	-1285.66	2.87372e+09	0	0        0   2.82608e+07      0      32.2982    43.7764    0
51.5551	47997592	0	200.115	0.0367074	0	0	0	0	0	0	0	0	0	0	-1285.89	5.21629e+09	0	0        0   5.12288e+07      0      43.7764    59.3338    0
69.8769	86742581	0	200.077	0.0273184	0	0	0	0	0	0	0	0	0	0	-1285.97	9.43855e+09	0	0        0   9.25596e+07      0      59.3338    80.42    0
94.7099	156116517	0	199.996	0.0203707	0	0	0	0	0	0	0	0	0	0	-1286.08	1.70108e+10	0	0        0   1.66496e+08      0      80.42    109    0
