# 1bin_value	2data_points	3sqrt(data_points)	4W	5W_err	6e+	7e+_err	8eX 9eX_err	10e++ 	11e++_err		12eXX	13eXX_err		14e+X	15e+X_err 	16theta          17theta_err       17num_den	18num_err 19LS_err     20wt_num     21wt_num_err  22r_low   23r_high 24sig_crit
0.117769	1485	0	200.535	5.66529	0	0	0	0	0	0	0	0	0	0	-1301.09	161247	0	0        0   1575.64      0      0.1    0.135538    0
0.159622	2682	0	201.699	4.27656	0	0	0	0	0	0	0	0	0	0	-1289.81	292174	0	0        0   2884.12      0      0.135538    0.183706    0
0.216349	4835	0	197.771	3.11208	0	0	0	0	0	0	0	0	0	0	-1269.56	524059	0	0        0   5167.5      0      0.183706    0.248992    0
0.293236	8866	0	197.277	2.28784	0	0	0	0	0	0	0	0	0	0	-1270.63	962014	0	0        0   9453.17      0      0.248992    0.33748    0
0.397447	16448	0	200.646	1.71553	0	0	0	0	0	0	0	0	0	0	-1286.55	1.77918e+06	0	0        0   17607.3      0      0.33748    0.457415    0
0.538693	29985	0	201.147	1.272	0	0	0	0	0	0	0	0	0	0	-1291.43	3.23881e+06	0	0        0   32038.3      0      0.457415    0.619972    0
0.730136	55218	0	202.617	0.943102	0	0	0	0	0	0	0	0	0	0	-1299.59	5.94656e+06	0	0        0   58962.7      0      0.619972    0.8403    0
0.989614	98874	0	198.562	0.691305	0	0	0	0	0	0	0	0	0	0	-1273.1	1.06769e+07	0	0        0   105777      0      0.8403    1.13893    0
1.34131	181730	0	198.958	0.510767	0	0	0	0	0	0	0	0	0	0	-1276.42	1.96146e+07	0	0        0   194241      0      1.13893    1.54368    0
1.81798	333991	0	200.32	0.379639	0	0	0	0	0	0	0	0	0	0	-1284.06	3.60405e+07	0	0        0   357330      0      1.54368    2.09228    0
2.46406	610974	0	200.015	0.280147	0	0	0	0	0	0	0	0	0	0	-1283.53	6.59908e+07	0	0        0   653095      0      2.09228    2.83584    0
3.33975	1115569	0	199.935	0.207308	0	0	0	0	0	0	0	0	0	0	-1281.86	1.20396e+08	0	0        0   1.19316e+06      0      2.83584    3.84365    0
4.52664	2040167	0	200.216	0.153453	0	0	0	0	0	0	0	0	0	0	-1284.72	2.20363e+08	0	0        0   2.18095e+06      0      3.84365    5.20962    0
6.13533	3726118	0	200.011	0.113439	0	0	0	0	0	0	0	0	0	0	-1283.39	4.02442e+08	0	0        0   3.98333e+06      0      5.20962    7.06103    0
8.31572	6835633	0	200.17	0.0838149	0	0	0	0	0	0	0	0	0	0	-1284.78	7.38221e+08	0	0        0   7.30496e+06      0      7.06103    9.5704    0
11.271	12510032	0	199.989	0.0619039	0	0	0	0	0	0	0	0	0	0	-1283.42	1.35079e+09	0	0        0   1.33693e+07      0      9.5704    12.9716    0
15.2765	22817998	0	200.023	0.0458454	0	0	0	0	0	0	0	0	0	0	-1283.85	2.4642e+09	0	0        0   2.43835e+07      0      12.9716    17.5814    0
20.7055	41668334	0	200.033	0.0339283	0	0	0	0	0	0	0	0	0	0	-1284.03	4.50017e+09	0	0        0   4.45236e+07      0      17.5814    23.8296    0
28.0639	75908140	0	199.945	0.0251262	0	0	0	0	0	0	0	0	0	0	-1283.76	8.19827e+09	0	0        0   8.10879e+07      0      23.8296    32.2982    0
38.0373	138097822	0	199.927	0.0186274	0	0	0	0	0	0	0	0	0	0	-1284.12	1.49178e+10	0	0        0   1.47473e+08      0      32.2982    43.7764    0
51.5551	250617439	0	199.887	0.0138249	0	0	0	0	0	0	0	0	0	0	-1284.22	2.70754e+10	0	0        0   2.67556e+08      0      43.7764    59.3338    0
69.8769	453627821	0	199.842	0.0102744	0	0	0	0	0	0	0	0	0	0	-1284.29	4.90158e+10	0	0        0   4.84159e+08      0      59.3338    80.42    0
94.7099	817793694	0	199.743	0.00764858	0	0	0	0	0	0	0	0	0	0	-1284.23	8.83821e+10	0	0        0   8.72483e+08      0      80.42    109    0
