# 1bin_value	2data_points	3sqrt(data_points)	4W	5W_err	6e+	7e+_err	8eX 9eX_err	10e++ 	11e++_err		12eXX	13eXX_err		14e+X	15e+X_err 	16theta          17theta_err       17num_den	18num_err 19LS_err     20wt_num     21wt_num_err  22r_low   23r_high 24sig_crit
0.117769	500	0	676.453	79.8802	5.67079	5.50635	-10.7623	5.77191	0	0	0	0	0	0	-34136.3	475.842	0	0        0   528.656      0      0.1    0.135538    0
0.159622	622	0	452.917	38.2426	0.0919236	3.49272	2.59152	3.16533	0	0	0	0	0	0	-42870.2	218.882	0	0        0   655.434      0      0.135538    0.183706    0
0.216349	939	0	385.502	24.5694	3.97931	2.27654	-2.95503	2.29876	0	0	0	0	0	0	-64118.5	136.574	0	0        0   985.135      0      0.183706    0.248992    0
0.293236	1368	0	332.047	15.8114	1.90827	1.67412	-2.83106	1.69679	0	0	0	0	0	0	-93734.6	83.2495	0	0        0   1459.2      0      0.248992    0.33748    0
0.397447	2808	0	346.151	10.5765	-0.326942	1.206	-0.338748	1.28023	0	0	0	0	0	0	-192909	52.3013	0	0        0   3015.08      0      0.33748    0.457415    0
0.538693	6305	0	424.975	8.71323	0.785759	1.01307	-0.523828	1.01451	0	0	0	0	0	0	-432992	41.8208	0	0        0   6872.05      0      0.457415    0.619972    0
0.730136	9591	0	362.337	5.49442	-1.81193	0.696605	-1.085	0.699939	0	0	0	0	0	0	-658025	24.8409	0	0        0   10343.7      0      0.619972    0.8403    0
0.989614	15706	0	327.948	3.61773	0.553485	0.495729	-0.363747	0.493327	0	0	0	0	0	0	-1.07863e+06	15.1884	0	0        0   16901      0      0.8403    1.13893    0
1.34131	26350	0	297.64	2.42542	0.419016	0.342325	0.359078	0.340514	0	0	0	0	0	0	-1.80783e+06	9.60925	0	0        0   28190.2      0      1.13893    1.54368    0
1.81798	44940	0	275.734	1.6628	0.0631392	0.241112	-0.105714	0.240768	0	0	0	0	0	0	-3.08461e+06	6.2388	0	0        0   47940.9      0      1.54368    2.09228    0
2.46406	78178	0	262.777	1.17282	0.370319	0.173901	0.0336537	0.174368	0	0	0	0	0	0	-5.35848e+06	4.21247	0	0        0   83235.2      0      2.09228    2.83584    0
3.33975	136234	0	250.99	0.832716	-0.0825755	0.12621	-0.00114669	0.126192	0	0	0	0	0	0	-9.34436e+06	2.85121	0	0        0   145054      0      2.83584    3.84365    0
4.52664	238063	0	240.752	0.594929	-0.0276201	0.0908539	0.0516873	0.0913554	0	0	0	0	0	0	-1.63225e+07	1.96301	0	0        0   253594      0      3.84365    5.20962    0
6.13533	418790	0	231.871	0.427434	0.0739645	0.0661187	0.0418093	0.0663398	0	0	0	0	0	0	-2.8721e+07	1.36921	0	0        0   445680      0      5.20962    7.06103    0
8.31572	744557	0	224.791	0.30842	0.0754509	0.0482633	0.0224132	0.0482346	0	0	0	0	0	0	-5.10743e+07	0.965725	0	0        0   791637      0      7.06103    9.5704    0
11.271	1323786	0	218.478	0.223525	0.0785961	0.0352325	0.0014127	0.035121	0	0	0	0	0	0	-9.08001e+07	0.687266	0	0        0   1.40719e+06      0      9.5704    12.9716    0
15.2765	2357922	0	213.439	0.162917	0.0238772	0.0257326	0.0612642	0.025692	0	0	0	0	0	0	-1.61743e+08	0.494667	0	0        0   2.50537e+06      0      12.9716    17.5814    0
20.7055	4228849	0	209.976	0.119462	-0.00166557	0.018878	0.0254391	0.018886	0	0	0	0	0	0	-2.90102e+08	0.359602	0	0        0   4.49498e+06      0      17.5814    23.8296    0
28.0639	7585505	0	206.719	0.087635	0.0195911	0.0138779	0.0476354	0.0138701	0	0	0	0	0	0	-5.20325e+08	0.262396	0	0        0   8.06012e+06      0      23.8296    32.2982    0
38.0373	13660552	0	204.654	0.0645862	0.0388463	0.0102453	0.0441916	0.0102455	0	0	0	0	0	0	-9.36964e+08	0.19274	0	0        0   1.45111e+07      0      32.2982    43.7764    0
51.5551	24608015	0	203.283	0.0477761	0.0240805	0.00757928	-0.0246581	0.00758197	0	0	0	0	0	0	-1.68801e+09	0.142279	0	0        0   2.61421e+07      0      43.7764    59.3338    0
69.8769	44393990	0	202.791	0.0354837	-0.0113522	0.00563167	-0.00606468	0.0056321	0	0	0	0	0	0	-3.04487e+09	0.105594	0	0        0   4.71657e+07      0      59.3338    80.42    0
94.7099	80020450	0	202.813	0.0264381	-0.0098105	0.00419394	0.00405876	0.004193	0	0	0	0	0	0	-5.48958e+09	0.0787464	0	0        0   8.49947e+07      0      80.42    109    0
