# 1bin_value	2data_points	3sqrt(data_points)	4W	5W_err	6e+	7e+_err	8eX 9eX_err	10e++ 	11e++_err		12eXX	13eXX_err		14e+X	15e+X_err 	16theta          17theta_err       17num_den	18num_err 19LS_err     20wt_num     21wt_num_err  22r_low   23r_high 24sig_crit
0.117769	496	0	200	0	0	0	0	0	0	0	0	0	0	0	0	0	0	0        0   496      0      0.1    0.135538    0
0.159622	995	0	200	0	0	0	0	0	0	0	0	0	0	0	0	0	0	0        0   995      0      0.135538    0.183706    0
0.216349	1736	0	200	0	0	0	0	0	0	0	0	0	0	0	0	0	0	0        0   1736      0      0.183706    0.248992    0
0.293236	3350	0	200	0	0	0	0	0	0	0	0	0	0	0	0	0	0	0        0   3350      0      0.248992    0.33748    0
0.397447	6131	0	200	0	0	0	0	0	0	0	0	0	0	0	0	0	0	0        0   6131      0      0.33748    0.457415    0
0.538693	10687	0	200	0	0	0	0	0	0	0	0	0	0	0	0	0	0	0        0   10687      0      0.457415    0.619972    0
0.730136	19940	0	200	0	0	0	0	0	0	0	0	0	0	0	0	0	0	0        0   19940      0      0.619972    0.8403    0
0.989614	36693	0	200	0	0	0	0	0	0	0	0	0	0	0	0	0	0	0        0   36693      0      0.8403    1.13893    0
1.34131	66892	0	200	0	0	0	0	0	0	0	0	0	0	0	0	0	0	0        0   66892      0      1.13893    1.54368    0
1.81798	122579	0	200	0	0	0	0	0	0	0	0	0	0	0	0	0	0	0        0   122579      0      1.54368    2.09228    0
2.46406	224697	0	200	0	0	0	0	0	0	0	0	0	0	0	0	0	0	0        0   224697      0      2.09228    2.83584    0
3.33975	408489	0	200	0	0	0	0	0	0	0	0	0	0	0	0	0	0	0        0   408489      0      2.83584    3.84365    0
4.52664	746913	0	200	0	0	0	0	0	0	0	0	0	0	0	0	0	0	0        0   746913      0      3.84365    5.20962    0
6.13533	1365100	0	200	0	0	0	0	0	0	0	0	0	0	0	0	0	0	0        0   1.3651e+06      0      5.20962    7.06103    0
8.31572	2504390	0	200	0	0	0	0	0	0	0	0	0	0	0	0	0	0	0        0   2.50439e+06      0      7.06103    9.5704    0
11.271	4587940	0	200	0	0	0	0	0	0	0	0	0	0	0	0	0	0	0        0   4.58794e+06      0      9.5704    12.9716    0
15.2765	8365443	0	200	0	0	0	0	0	0	0	0	0	0	0	0	0	0	0        0   8.36544e+06      0      12.9716    17.5814    0
20.7055	15267927	0	200	0	0	0	0	0	0	0	0	0	0	0	0	0	0	0        0   1.52679e+07      0      17.5814    23.8296    0
28.0639	27794998	0	200	0	0	0	0	0	0	0	0	0	0	0	0	0	0	0        0   2.7795e+07      0      23.8296    32.2982    0
38.0373	50540602	0	200	0	0	0	0	0	0	0	0	0	0	0	0	0	0	0        0   5.05406e+07      0      32.2982    43.7764    0
51.5551	91710493	0	200	0	0	0	0	0	0	0	0	0	0	0	0	0	0	0        0   9.17105e+07      0      43.7764    59.3338    0
69.8769	165874851	0	200	0	0	0	0	0	0	0	0	0	0	0	0	0	0	0        0   1.65875e+08      0      59.3338    80.42    0
94.7099	298812041	0	200	0	0	0	0	0	0	0	0	0	0	0	0	0	0	0        0   2.98812e+08      0      80.42    109    0
