# 1bin_value	2data_points	3sqrt(data_points)	4W	5W_err	6e+	7e+_err	8eX 9eX_err	10e++ 	11e++_err		12eXX	13eXX_err		14e+X	15e+X_err 	16theta          17theta_err       17num_den	18num_err 19LS_err     20wt_num     21wt_num_err  22r_low   23r_high 24sig_crit
0.117769	278	0	229.724	17.9375	3.14407	2.62429	0.361974	2.31918	0	0	0	0	0	0	-19207.1	78.4217	0	0        0   278      0      0.1    0.135538    0
0.159622	494	0	200.102	11.1951	-0.110078	1.53015	0.437408	1.51044	0	0	0	0	0	0	-34212.2	46.3774	0	0        0   494      0      0.135538    0.183706    0
0.216349	895	0	207.636	8.71022	-0.399802	1.17776	-0.238945	1.18983	0	0	0	0	0	0	-61363.3	36.1372	0	0        0   895      0      0.183706    0.248992    0
0.293236	1674	0	201.282	6.09962	0.245583	0.874034	0.0516546	0.864562	0	0	0	0	0	0	-114819	25.0051	0	0        0   1674      0      0.248992    0.33748    0
0.397447	3004	0	196.319	4.41746	-1.02531	0.626589	0.65462	0.620323	0	0	0	0	0	0	-207145	18.0192	0	0        0   3004      0      0.33748    0.457415    0
0.538693	5515	0	207.225	3.46874	0.631871	0.488959	0.0390549	0.492788	0	0	0	0	0	0	-377456	14.2746	0	0        0   5515      0      0.457415    0.619972    0
0.730136	9957	0	200.206	2.475	0.210763	0.352191	-0.141495	0.34616	0	0	0	0	0	0	-682240	10.0669	0	0        0   9957      0      0.619972    0.8403    0
0.989614	18593	0	202.578	1.83394	0.39085	0.257149	-0.230015	0.25917	0	0	0	0	0	0	-1.27477e+06	7.4767	0	0        0   18593      0      0.8403    1.13893    0
1.34131	33579	0	200.961	1.35278	-0.101425	0.190409	-0.0102831	0.189872	0	0	0	0	0	0	-2.30235e+06	5.51365	0	0        0   33579      0      1.13893    1.54368    0
1.81798	61705	0	201.492	1.00051	0.13996	0.140891	-0.0416076	0.141621	0	0	0	0	0	0	-4.2291e+06	4.07659	0	0        0   61705      0      1.54368    2.09228    0
2.46406	112870	0	200.833	0.736763	-0.122715	0.103796	0.0426211	0.104122	0	0	0	0	0	0	-7.74985e+06	3.00092	0	0        0   112870      0      2.09228    2.83584    0
3.33975	206917	0	202.523	0.54976	-0.0226804	0.0770799	-0.0577299	0.0771418	0	0	0	0	0	0	-1.4191e+07	2.24412	0	0        0   206917      0      2.83584    3.84365    0
4.52664	378509	0	202.615	0.406542	-0.048419	0.0572444	-0.0761234	0.0572513	0	0	0	0	0	0	-2.59568e+07	1.65881	0	0        0   378509      0      3.84365    5.20962    0
6.13533	690313	0	202.124	0.300168	-0.00413722	0.0422182	0.0199014	0.0421515	0	0	0	0	0	0	-4.73298e+07	1.22358	0	0        0   690313      0      5.20962    7.06103    0
8.31572	1266937	0	202.224	0.221706	0.00575575	0.0311952	-0.00962574	0.0311578	0	0	0	0	0	0	-8.68774e+07	0.90415	0	0        0   1.26694e+06      0      7.06103    9.5704    0
11.271	2324646	0	202.547	0.163996	0.0465961	0.0230441	-0.000301193	0.023056	0	0	0	0	0	0	-1.59409e+08	0.669332	0	0        0   2.32465e+06      0      9.5704    12.9716    0
15.2765	4240595	0	202.648	0.121505	0.0116615	0.017085	0.0187489	0.017062	0	0	0	0	0	0	-2.90831e+08	0.496077	0	0        0   4.2406e+06      0      12.9716    17.5814    0
20.7055	7739267	0	202.62	0.0899328	0.0110172	0.012638	-0.0146122	0.0126374	0	0	0	0	0	0	-5.30779e+08	0.367214	0	0        0   7.73927e+06      0      17.5814    23.8296    0
28.0639	14115155	0	202.974	0.0667396	0.019519	0.00937786	-0.00361569	0.00937302	0	0	0	0	0	0	-9.68114e+08	0.272753	0	0        0   1.41152e+07      0      23.8296    32.2982    0
38.0373	25711670	0	203.328	0.0495592	0.00451225	0.0069587	-0.0217049	0.00695932	0	0	0	0	0	0	-1.76359e+09	0.202733	0	0        0   2.57117e+07      0      32.2982    43.7764    0
51.5551	46667852	0	203.391	0.0368086	0.00573711	0.00516854	-0.00407417	0.00516854	0	0	0	0	0	0	-3.20073e+09	0.150638	0	0        0   4.66679e+07      0      43.7764    59.3338    0
69.8769	84352971	0	203.258	0.0273673	-3.95883e-06	0.00384283	-0.016718	0.00384302	0	0	0	0	0	0	-5.78588e+09	0.112059	0	0        0   8.4353e+07      0      59.3338    80.42    0
94.7099	152005710	0	203.347	0.0204079	0.0085179	0.00286438	-0.0130745	0.00286476	0	0	0	0	0	0	-1.04258e+10	0.083645	0	0        0   1.52006e+08      0      80.42    109    0
