# 1bin_value	2data_points	3sqrt(data_points)	4W	5W_err	6e+	7e+_err	8eX 9eX_err	10e++ 	11e++_err		12eXX	13eXX_err		14e+X	15e+X_err 	16theta          17theta_err       17num_den	18num_err 19LS_err     20wt_num     21wt_num_err  22r_low   23r_high 24sig_crit
0.117769	582	0	200	0	0	0	0	0	0	0	0	0	0	0	0	0	0	0        0   582      0      0.1    0.135538    0
0.159622	1131	0	200	0	0	0	0	0	0	0	0	0	0	0	0	0	0	0        0   1131      0      0.135538    0.183706    0
0.216349	1963	0	200	0	0	0	0	0	0	0	0	0	0	0	0	0	0	0        0   1963      0      0.183706    0.248992    0
0.293236	3443	0	200	0	0	0	0	0	0	0	0	0	0	0	0	0	0	0        0   3443      0      0.248992    0.33748    0
0.397447	6409	0	200	0	0	0	0	0	0	0	0	0	0	0	0	0	0	0        0   6409      0      0.33748    0.457415    0
0.538693	11834	0	200	0	0	0	0	0	0	0	0	0	0	0	0	0	0	0        0   11834      0      0.457415    0.619972    0
0.730136	21421	0	200	0	0	0	0	0	0	0	0	0	0	0	0	0	0	0        0   21421      0      0.619972    0.8403    0
0.989614	39096	0	200	0	0	0	0	0	0	0	0	0	0	0	0	0	0	0        0   39096      0      0.8403    1.13893    0
1.34131	71211	0	200	0	0	0	0	0	0	0	0	0	0	0	0	0	0	0        0   71211      0      1.13893    1.54368    0
1.81798	130614	0	200	0	0	0	0	0	0	0	0	0	0	0	0	0	0	0        0   130614      0      1.54368    2.09228    0
2.46406	240586	0	200	0	0	0	0	0	0	0	0	0	0	0	0	0	0	0        0   240586      0      2.09228    2.83584    0
3.33975	437498	0	200	0	0	0	0	0	0	0	0	0	0	0	0	0	0	0        0   437498      0      2.83584    3.84365    0
4.52664	799876	0	200	0	0	0	0	0	0	0	0	0	0	0	0	0	0	0        0   799876      0      3.84365    5.20962    0
6.13533	1460918	0	200	0	0	0	0	0	0	0	0	0	0	0	0	0	0	0        0   1.46092e+06      0      5.20962    7.06103    0
8.31572	2678488	0	200	0	0	0	0	0	0	0	0	0	0	0	0	0	0	0        0   2.67849e+06      0      7.06103    9.5704    0
11.271	4907386	0	200	0	0	0	0	0	0	0	0	0	0	0	0	0	0	0        0   4.90739e+06      0      9.5704    12.9716    0
15.2765	8944045	0	200	0	0	0	0	0	0	0	0	0	0	0	0	0	0	0        0   8.94404e+06      0      12.9716    17.5814    0
20.7055	16336863	0	200	0	0	0	0	0	0	0	0	0	0	0	0	0	0	0        0   1.63369e+07      0      17.5814    23.8296    0
28.0639	29759378	0	200	0	0	0	0	0	0	0	0	0	0	0	0	0	0	0        0   2.97594e+07      0      23.8296    32.2982    0
38.0373	54156279	0	200	0	0	0	0	0	0	0	0	0	0	0	0	0	0	0        0   5.41563e+07      0      32.2982    43.7764    0
51.5551	98283352	0	200	0	0	0	0	0	0	0	0	0	0	0	0	0	0	0        0   9.82834e+07      0      43.7764    59.3338    0
69.8769	177948930	0	200	0	0	0	0	0	0	0	0	0	0	0	0	0	0	0        0   1.77949e+08      0      59.3338    80.42    0
94.7099	320887129	0	200	0	0	0	0	0	0	0	0	0	0	0	0	0	0	0        0   3.20887e+08      0      80.42    109    0
