# 1bin_value	2data_points	3sqrt(data_points)	4W	5W_err	6e+	7e+_err	8eX 9eX_err	10e++ 	11e++_err		12eXX	13eXX_err		14e+X	15e+X_err 	16theta          17theta_err       17num_den	18num_err 19LS_err     20wt_num     21wt_num_err  22r_low   23r_high 24sig_crit
0.117769	284	0	216.578	16.9083	0	0	0	0	0	0	0	0	0	0	-1320.13	31849.2	0	0        0   318.524      0      0.1    0.135538    0
0.159622	529	0	202.329	11.35	0	0	0	0	0	0	0	0	0	0	-1331.7	59557.6	0	0        0   556.37      0      0.135538    0.183706    0
0.216349	943	0	204.079	8.64145	0	0	0	0	0	0	0	0	0	0	-1288.94	103873	0	0        0   1026.38      0      0.183706    0.248992    0
0.293236	1738	0	209.384	6.52404	0	0	0	0	0	0	0	0	0	0	-1331.58	189337	0	0        0   1872.07      0      0.248992    0.33748    0
0.397447	3120	0	195.197	4.42852	0	0	0	0	0	0	0	0	0	0	-1267.14	344160	0	0        0   3315.25      0      0.33748    0.457415    0
0.538693	5806	0	198.969	3.31224	0	0	0	0	0	0	0	0	0	0	-1275.44	631915	0	0        0   6220.03      0      0.457415    0.619972    0
0.730136	10270	0	196.04	2.44846	0	0	0	0	0	0	0	0	0	0	-1254.02	1.11026e+06	0	0        0   10992.6      0      0.619972    0.8403    0
0.989614	19101	0	201.364	1.85225	0	0	0	0	0	0	0	0	0	0	-1291.1	2.07685e+06	0	0        0   20458.6      0      0.8403    1.13893    0
1.34131	34981	0	199.355	1.34982	0	0	0	0	0	0	0	0	0	0	-1281.57	3.7966e+06	0	0        0   37317.8      0      1.13893    1.54368    0
1.81798	63970	0	200.684	1.00753	0	0	0	0	0	0	0	0	0	0	-1281.89	6.93143e+06	0	0        0   68670.9      0      1.54368    2.09228    0
2.46406	117457	0	200.527	0.742523	0	0	0	0	0	0	0	0	0	0	-1285.2	1.27121e+07	0	0        0   125585      0      2.09228    2.83584    0
3.33975	214724	0	200.804	0.550025	0	0	0	0	0	0	0	0	0	0	-1288.25	2.32684e+07	0	0        0   229493      0      2.83584    3.84365    0
4.52664	389724	0	199.79	0.406033	0	0	0	0	0	0	0	0	0	0	-1281.44	4.22582e+07	0	0        0   416735      0      3.84365    5.20962    0
6.13533	714012	0	200.142	0.300482	0	0	0	0	0	0	0	0	0	0	-1284.36	7.74436e+07	0	0        0   763267      0      5.20962    7.06103    0
8.31572	1310049	0	200.12	0.22178	0	0	0	0	0	0	0	0	0	0	-1283.73	1.42129e+08	0	0        0   1.40085e+06      0      7.06103    9.5704    0
11.271	2401112	0	200.397	0.164163	0	0	0	0	0	0	0	0	0	0	-1285.75	2.60602e+08	0	0        0   2.567e+06      0      9.5704    12.9716    0
15.2765	4370395	0	199.985	0.121405	0	0	0	0	0	0	0	0	0	0	-1283.25	4.74362e+08	0	0        0   4.67169e+06      0      12.9716    17.5814    0
20.7055	7977994	0	200.012	0.0898887	0	0	0	0	0	0	0	0	0	0	-1283.3	8.66292e+08	0	0        0   8.52794e+06      0      17.5814    23.8296    0
28.0639	14531736	0	199.946	0.066591	0	0	0	0	0	0	0	0	0	0	-1283.34	1.5787e+09	0	0        0   1.55278e+07      0      23.8296    32.2982    0
38.0373	26428703	0	199.916	0.0493944	0	0	0	0	0	0	0	0	0	0	-1283.7	2.87372e+09	0	0        0   2.82273e+07      0      32.2982    43.7764    0
51.5551	47913817	0	199.898	0.0367045	0	0	0	0	0	0	0	0	0	0	-1283.96	5.21629e+09	0	0        0   5.11597e+07      0      43.7764    59.3338    0
69.8769	86554030	0	199.844	0.0273243	0	0	0	0	0	0	0	0	0	0	-1283.91	9.43855e+09	0	0        0   9.23976e+07      0      59.3338    80.42    0
94.7099	155670506	0	199.728	0.0203835	0	0	0	0	0	0	0	0	0	0	-1283.8	1.70108e+10	0	0        0   1.66097e+08      0      80.42    109    0
