# 1bin_value	2data_points	3sqrt(data_points)	4W	5W_err	6e+	7e+_err	8eX 9eX_err	10e++ 	11e++_err		12eXX	13eXX_err		14e+X	15e+X_err 	16theta          17theta_err       17num_den	18num_err 19LS_err     20wt_num     21wt_num_err  22r_low   23r_high 24sig_crit
0.117769	1411	0	193.973	5.44789	-0.508786	0.85008	-1.2687	0.873495	0	0	0	0	0	0	-96330.1	12.6438	0	0        0   1411      0      0.1    0.135538    0
0.159622	2740	0	206.452	4.17822	0.755176	0.659742	-0.0918437	0.65082	0	0	0	0	0	0	-187847	9.97666	0	0        0   2740      0      0.135538    0.183706    0
0.216349	4973	0	206.863	3.10831	0.197277	0.487922	-0.221089	0.489168	0	0	0	0	0	0	-340897	7.44407	0	0        0   4973      0      0.183706    0.248992    0
0.293236	9030	0	204.295	2.27438	0.342694	0.3578	-0.626046	0.358245	0	0	0	0	0	0	-619112	5.42927	0	0        0   9030      0      0.248992    0.33748    0
0.397447	16148	0	199.62	1.65979	-0.063261	0.263641	-0.0689112	0.263059	0	0	0	0	0	0	-1.1067e+06	3.91355	0	0        0   16148      0      0.33748    0.457415    0
0.538693	29791	0	203.329	1.24622	0.1934	0.19872	-0.473727	0.197252	0	0	0	0	0	0	-2.04151e+06	2.96677	0	0        0   29791      0      0.457415    0.619972    0
0.730136	54520	0	203.692	0.92293	-0.142141	0.146268	-0.0357802	0.146363	0	0	0	0	0	0	-3.7407e+06	2.20207	0	0        0   54520      0      0.619972    0.8403    0
0.989614	98693	0	200.904	0.676256	-0.101125	0.107126	-0.0912548	0.107268	0	0	0	0	0	0	-6.76581e+06	1.60493	0	0        0   98693      0      0.8403    1.13893    0
1.34131	181619	0	202.073	0.501433	-0.0276859	0.0795075	-0.0783851	0.0795212	0	0	0	0	0	0	-1.24572e+07	1.19129	0	0        0   181619      0      1.13893    1.54368    0
1.81798	332105	0	201.929	0.370515	-0.0108344	0.0587076	0.0576685	0.0587126	0	0	0	0	0	0	-2.27707e+07	0.879221	0	0        0   332105      0      1.54368    2.09228    0
2.46406	606849	0	201.506	0.273537	0.0379256	0.0433459	0.00312538	0.0433126	0	0	0	0	0	0	-4.16108e+07	0.649612	0	0        0   606849      0      2.09228    2.83584    0
3.33975	1112688	0	202.232	0.20275	0.0022629	0.0321136	-0.0185854	0.0321324	0	0	0	0	0	0	-7.63259e+07	0.482053	0	0        0   1.11269e+06      0      2.83584    3.84365    0
4.52664	2036150	0	202.786	0.15031	0.0163719	0.023831	-0.018338	0.0238111	0	0	0	0	0	0	-1.39638e+08	0.357488	0	0        0   2.03615e+06      0      3.84365    5.20962    0
6.13533	3720495	0	202.778	0.111196	-0.00669086	0.01761	-0.0120583	0.0176079	0	0	0	0	0	0	-2.55151e+08	0.264536	0	0        0   3.7205e+06      0      5.20962    7.06103    0
8.31572	6829489	0	203.099	0.0822155	0.00867783	0.0130263	0.0118246	0.0130196	0	0	0	0	0	0	-4.68387e+08	0.195854	0	0        0   6.82949e+06      0      7.06103    9.5704    0
11.271	12516018	0	203.251	0.0607849	-0.0131417	0.00962832	-0.0114346	0.00962702	0	0	0	0	0	0	-8.5836e+08	0.144963	0	0        0   1.2516e+07      0      9.5704    12.9716    0
15.2765	22854419	0	203.557	0.0450609	0.00358036	0.00713464	-0.00590561	0.00713444	0	0	0	0	0	0	-1.56745e+09	0.107629	0	0        0   2.28544e+07      0      12.9716    17.5814    0
20.7055	41750636	0	203.711	0.0333718	0.00384587	0.00528396	-0.00982474	0.00528376	0	0	0	0	0	0	-2.86347e+09	0.0798452	0	0        0   4.17506e+07      0      17.5814    23.8296    0
28.0639	76108552	0	203.925	0.024751	0.00515246	0.00391812	-0.0149007	0.0039185	0	0	0	0	0	0	-5.22003e+09	0.059358	0	0        0   7.61086e+07      0      23.8296    32.2982    0
38.0373	138626695	0	204.314	0.0183831	0.0111799	0.00291	-0.0155327	0.00290963	0	0	0	0	0	0	-9.50748e+09	0.0442327	0	0        0   1.38627e+08      0      32.2982    43.7764    0
51.5551	251692806	0	204.569	0.0136679	-0.00326677	0.00216281	-0.013306	0.00216228	0	0	0	0	0	0	-1.72618e+10	0.0330213	0	0        0   2.51693e+08      0      43.7764    59.3338    0
69.8769	455434545	0	204.745	0.010177	0.00679567	0.00160963	-0.0185509	0.00160988	0	0	0	0	0	0	-3.12364e+10	0.0247162	0	0        0   4.55435e+08      0      59.3338    80.42    0
94.7099	820955397	0	205.016	0.00759804	0.00860243	0.00120155	-0.0191102	0.00120152	0	0	0	0	0	0	-5.63063e+10	0.0185855	0	0        0   8.20955e+08      0      80.42    109    0
