# 1bin_value	2data_points	3sqrt(data_points)	4W	5W_err	6e+	7e+_err	8eX 9eX_err	10e++ 	11e++_err		12eXX	13eXX_err		14e+X	15e+X_err 	16theta          17theta_err       17num_den	18num_err 19LS_err     20wt_num     21wt_num_err  22r_low   23r_high 24sig_crit
0.117769	608	0	798.113	37.8751	17.9223	6.06893	0.596503	5.37296	0	0	0	0	0	0	-42001.8	118.219	0	0        0   642.844      0      0.1    0.135538    0
0.159622	827	0	606.12	23.8929	3.6526	3.33393	-0.0435088	3.41388	0	0	0	0	0	0	-56749	65.0633	0	0        0   878.118      0      0.135538    0.183706    0
0.216349	1248	0	491.737	15.4736	2.98498	2.1502	-1.1678	2.34287	0	0	0	0	0	0	-85315	36.5585	0	0        0   1330.55      0      0.183706    0.248992    0
0.293236	1922	0	412.317	10.2548	6.31467	1.59842	-2.42684	1.59987	0	0	0	0	0	0	-131799	23.3995	0	0        0   2016.1      0      0.248992    0.33748    0
0.397447	3601	0	426.315	7.74552	3.8094	1.22573	2.24592	1.20675	0	0	0	0	0	0	-246662	15.772	0	0        0   3838.43      0      0.33748    0.457415    0
0.538693	7286	0	485.032	6.19218	3.00999	0.98804	1.52878	0.983752	0	0	0	0	0	0	-500565	12.2242	0	0        0   7846.08      0      0.457415    0.619972    0
0.730136	10790	0	397.402	4.16395	3.13449	0.667231	-0.598355	0.670416	0	0	0	0	0	0	-739522	7.00708	0	0        0   11700.4      0      0.619972    0.8403    0
0.989614	17152	0	343.889	2.81075	0.872241	0.454982	0.872908	0.458179	0	0	0	0	0	0	-1.1756e+06	4.44678	0	0        0   18433.7      0      0.8403    1.13893    0
1.34131	28497	0	311.123	1.96832	0.823746	0.325421	0.0623663	0.326667	0	0	0	0	0	0	-1.95507e+06	2.97814	0	0        0   30455.7      0      1.13893    1.54368    0
1.81798	48327	0	288.368	1.3937	0.886315	0.227464	0.0309278	0.228639	0	0	0	0	0	0	-3.31465e+06	2.0159	0	0        0   51463.1      0      1.54368    2.09228    0
2.46406	83558	0	272.866	1.00197	0.509484	0.165499	0.24973	0.164153	0	0	0	0	0	0	-5.72614e+06	1.42247	0	0        0   89044.6      0      2.09228    2.83584    0
3.33975	145104	0	259.138	0.720198	0.494833	0.117907	0.29332	0.118535	0	0	0	0	0	0	-9.95047e+06	0.999019	0	0        0   154334      0      2.83584    3.84365    0
4.52664	251469	0	246.963	0.521588	0.436036	0.0861127	-0.0604401	0.0859126	0	0	0	0	0	0	-1.72454e+07	0.708069	0	0        0   267763      0      3.84365    5.20962    0
6.13533	442455	0	238.169	0.378913	0.209731	0.0623199	-0.127011	0.0626091	0	0	0	0	0	0	-3.03506e+07	0.508861	0	0        0   470912      0      5.20962    7.06103    0
8.31572	779767	0	229.202	0.274697	0.326005	0.0452323	-0.0327477	0.0453284	0	0	0	0	0	0	-5.34906e+07	0.367173	0	0        0   829288      0      7.06103    9.5704    0
11.271	1384906	0	222.375	0.199759	0.251492	0.0331271	0.000467597	0.0329916	0	0	0	0	0	0	-9.49993e+07	0.265618	0	0        0   1.4712e+06      0      9.5704    12.9716    0
15.2765	2449763	0	216.096	0.145919	0.199481	0.0241339	0.0167257	0.0241693	0	0	0	0	0	0	-1.68031e+08	0.193564	0	0        0   2.60308e+06      0      12.9716    17.5814    0
20.7055	4383370	0	212.011	0.106999	0.137222	0.0177205	0.00804095	0.0177047	0	0	0	0	0	0	-3.00671e+08	0.142518	0	0        0   4.65668e+06      0      17.5814    23.8296    0
28.0639	7841035	0	208.455	0.0786746	0.0898499	0.0130113	-0.00135672	0.0130085	0	0	0	0	0	0	-5.378e+08	0.105484	0	0        0   8.33016e+06      0      23.8296    32.2982    0
38.0373	14087227	0	206.103	0.0580699	0.0722268	0.00960857	-0.0357609	0.00960358	0	0	0	0	0	0	-9.66216e+08	0.0784575	0	0        0   1.49642e+07      0      32.2982    43.7764    0
51.5551	25343396	0	204.58	0.0429945	0.0541754	0.00711406	-0.0222986	0.00711098	0	0	0	0	0	0	-1.73838e+09	0.0587481	0	0        0   2.69216e+07      0      43.7764    59.3338    0
69.8769	45698524	0	204.21	0.0319948	0.0438619	0.00528722	-0.0196756	0.00529031	0	0	0	0	0	0	-3.13458e+09	0.0443942	0	0        0   4.85682e+07      0      59.3338    80.42    0
94.7099	82181202	0	203.959	0.0238527	0.035424	0.00394238	-0.0182155	0.00394304	0	0	0	0	0	0	-5.63745e+09	0.0337972	0	0        0   8.73117e+07      0      80.42    109    0
