# 1bin_value	2data_points	3sqrt(data_points)	4W	5W_err	6e+	7e+_err	8eX 9eX_err	10e++ 	11e++_err		12eXX	13eXX_err		14e+X	15e+X_err 	16theta          17theta_err       17num_den	18num_err 19LS_err     20wt_num     21wt_num_err  22r_low   23r_high 24sig_crit
0.117769	289	0	208.768	16.4601	0	0	0	0	0	0	0	0	0	0	-1327.73	32585.7	0	0        0   311.833      0      0.1    0.135538    0
0.159622	527	0	189.595	10.5914	0	0	0	0	0	0	0	0	0	0	-1224.12	59086.1	0	0        0   561.406      0      0.135538    0.183706    0
0.216349	920	0	187.493	7.77332	0	0	0	0	0	0	0	0	0	0	-1216.7	100009	0	0        0   969.764      0      0.183706    0.248992    0
0.293236	1769	0	207.461	6.34693	0	0	0	0	0	0	0	0	0	0	-1338.94	192941	0	0        0   1883.11      0      0.248992    0.33748    0
0.397447	3180	0	199.152	4.45572	0	0	0	0	0	0	0	0	0	0	-1287.28	347223	0	0        0   3380.85      0      0.33748    0.457415    0
0.538693	5919	0	200.401	3.29736	0	0	0	0	0	0	0	0	0	0	-1288.3	638815	0	0        0   6306.15      0      0.457415    0.619972    0
0.730136	10528	0	198.411	2.45429	0	0	0	0	0	0	0	0	0	0	-1269.39	1.14022e+06	0	0        0   11288.1      0      0.619972    0.8403    0
0.989614	19458	0	200.285	1.81944	0	0	0	0	0	0	0	0	0	0	-1283.18	2.10771e+06	0	0        0   20834.7      0      0.8403    1.13893    0
1.34131	35842	0	202.614	1.36276	0	0	0	0	0	0	0	0	0	0	-1297.12	3.87456e+06	0	0        0   38382.4      0      1.13893    1.54368    0
1.81798	65138	0	200.757	0.99917	0	0	0	0	0	0	0	0	0	0	-1286.44	7.06002e+06	0	0        0   69750.3      0      1.54368    2.09228    0
2.46406	119057	0	199.409	0.732821	0	0	0	0	0	0	0	0	0	0	-1276.06	1.28868e+07	0	0        0   127582      0      2.09228    2.83584    0
3.33975	217967	0	200.713	0.545311	0	0	0	0	0	0	0	0	0	0	-1286.04	2.36211e+07	0	0        0   233453      0      2.83584    3.84365    0
4.52664	397295	0	199.766	0.401785	0	0	0	0	0	0	0	0	0	0	-1281.45	4.30167e+07	0	0        0   424790      0      3.84365    5.20962    0
6.13533	725295	0	199.794	0.297541	0	0	0	0	0	0	0	0	0	0	-1280.74	7.85215e+07	0	0        0   775841      0      5.20962    7.06103    0
8.31572	1332145	0	200.052	0.219759	0	0	0	0	0	0	0	0	0	0	-1283.79	1.44357e+08	0	0        0   1.424e+06      0      7.06103    9.5704    0
11.271	2441000	0	200.149	0.162501	0	0	0	0	0	0	0	0	0	0	-1283.9	2.64606e+08	0	0        0   2.61031e+06      0      9.5704    12.9716    0
15.2765	4447021	0	199.989	0.120279	0	0	0	0	0	0	0	0	0	0	-1283.56	4.82124e+08	0	0        0   4.75218e+06      0      12.9716    17.5814    0
20.7055	8118210	0	199.964	0.0890344	0	0	0	0	0	0	0	0	0	0	-1283.39	8.80551e+08	0	0        0   8.67598e+06      0      17.5814    23.8296    0
28.0639	14788120	0	200.034	0.0660183	0	0	0	0	0	0	0	0	0	0	-1284.09	1.60524e+09	0	0        0   1.58014e+07      0      23.8296    32.2982    0
38.0373	26908352	0	200.116	0.0489827	0	0	0	0	0	0	0	0	0	0	-1284.97	2.92284e+09	0	0        0   2.87443e+07      0      32.2982    43.7764    0
51.5551	48815428	0	200.18	0.0363984	0	0	0	0	0	0	0	0	0	0	-1285.74	5.3069e+09	0	0        0   5.21276e+07      0      43.7764    59.3338    0
69.8769	88243750	0	200.098	0.0270782	0	0	0	0	0	0	0	0	0	0	-1285.54	9.60682e+09	0	0        0   9.42136e+07      0      59.3338    80.42    0
94.7099	158848970	0	200.036	0.0201927	0	0	0	0	0	0	0	0	0	0	-1285.64	1.73197e+10	0	0        0   1.69518e+08      0      80.42    109    0
