# 1bin_value	2data_points	3sqrt(data_points)	4W	5W_err	6e+	7e+_err	8eX 9eX_err	10e++ 	11e++_err		12eXX	13eXX_err		14e+X	15e+X_err 	16theta          17theta_err       17num_den	18num_err 19LS_err     20wt_num     21wt_num_err  22r_low   23r_high 24sig_crit
0.117769	686	0	1037.61	124.929	17.3596	7.23701	-4.01418	6.71212	0	0	0	0	0	0	-47288.6	771.133	0	0        0   729.969      0      0.1    0.135538    0
0.159622	901	0	694.171	60.5859	10.6173	4.19036	1.17151	3.78378	0	0	0	0	0	0	-61765	365.667	0	0        0   946.147      0      0.135538    0.183706    0
0.216349	1320	0	556.045	32.3949	9.52867	2.87779	-3.17681	2.63151	0	0	0	0	0	0	-90519.3	180.35	0	0        0   1412.84      0      0.183706    0.248992    0
0.293236	1808	0	414.686	18.9288	5.70329	1.7373	-0.550045	1.72064	0	0	0	0	0	0	-124108	104.255	0	0        0   1906.37      0      0.248992    0.33748    0
0.397447	3509	0	436.186	13.7362	4.50802	1.35399	-0.768553	1.30772	0	0	0	0	0	0	-239900	72.4456	0	0        0   3769.98      0      0.33748    0.457415    0
0.538693	7218	0	539.401	11.8184	5.65805	1.13084	-1.49948	1.16799	0	0	0	0	0	0	-495534	61.529	0	0        0   7847.51      0      0.457415    0.619972    0
0.730136	10398	0	411.548	6.49168	2.18313	0.727965	0.192177	0.738896	0	0	0	0	0	0	-712235	31.0335	0	0        0   11233.3      0      0.619972    0.8403    0
0.989614	16336	0	349.169	3.96052	0.806165	0.4958	0.0481668	0.495237	0	0	0	0	0	0	-1.11957e+06	17.6378	0	0        0   17499.8      0      0.8403    1.13893    0
1.34131	27167	0	320.006	2.67006	1.06203	0.354518	0.539344	0.354005	0	0	0	0	0	0	-1.86685e+06	11.1809	0	0        0   29134.9      0      1.13893    1.54368    0
1.81798	45832	0	294.261	1.8121	1.0282	0.248031	0.0804527	0.246529	0	0	0	0	0	0	-3.14059e+06	7.19788	0	0        0   48903.8      0      1.54368    2.09228    0
2.46406	78640	0	275.298	1.25049	0.687275	0.177336	-0.127082	0.178626	0	0	0	0	0	0	-5.3966e+06	4.64761	0	0        0   83975.9      0      2.09228    2.83584    0
3.33975	136309	0	262.814	0.884812	0.693187	0.128989	0.0846432	0.128419	0	0	0	0	0	0	-9.35319e+06	3.14911	0	0        0   145307      0      2.83584    3.84365    0
4.52664	236313	0	250.122	0.628087	0.490462	0.093054	0.0124417	0.0932282	0	0	0	0	0	0	-1.61995e+07	2.13368	0	0        0   252033      0      3.84365    5.20962    0
6.13533	413520	0	239.914	0.448844	0.340873	0.0674756	0.0354196	0.0674566	0	0	0	0	0	0	-2.83599e+07	1.46715	0	0        0   440931      0      5.20962    7.06103    0
8.31572	728960	0	230.626	0.321297	0.30969	0.0490071	0.0835637	0.0489185	0	0	0	0	0	0	-4.99997e+07	1.01853	0	0        0   776466      0      7.06103    9.5704    0
11.271	1289253	0	222.831	0.231613	0.215385	0.0355239	0.0268107	0.0355488	0	0	0	0	0	0	-8.84227e+07	0.718397	0	0        0   1.37235e+06      0      9.5704    12.9716    0
15.2765	2283877	0	216.776	0.168509	0.180609	0.0259566	0.0135802	0.0259618	0	0	0	0	0	0	-1.56621e+08	0.513707	0	0        0   2.43106e+06      0      12.9716    17.5814    0
20.7055	4076291	0	212.142	0.123053	0.167853	0.0190262	0.0103358	0.0190331	0	0	0	0	0	0	-2.79607e+08	0.371175	0	0        0   4.33872e+06      0      17.5814    23.8296    0
28.0639	7296347	0	208.658	0.0902677	0.159553	0.0139903	0.0363149	0.0139779	0	0	0	0	0	0	-5.00428e+08	0.270454	0	0        0   7.76466e+06      0      23.8296    32.2982    0
38.0373	13092345	0	205.919	0.0664022	0.102501	0.0102853	0.0296078	0.0102969	0	0	0	0	0	0	-8.98066e+08	0.198112	0	0        0   1.3929e+07      0      32.2982    43.7764    0
51.5551	23571386	0	204.311	0.04907	0.0644223	0.00761156	-0.00397676	0.00761368	0	0	0	0	0	0	-1.61696e+09	0.145994	0	0        0   2.50764e+07      0      43.7764    59.3338    0
69.8769	42521554	0	203.766	0.0364351	0.0347769	0.00565366	-0.0116146	0.00565622	0	0	0	0	0	0	-2.91689e+09	0.108261	0	0        0   4.52466e+07      0      59.3338    80.42    0
94.7099	76503195	0	203.321	0.0271044	0.0278214	0.00420642	-0.0329321	0.00420605	0	0	0	0	0	0	-5.24859e+09	0.0805748	0	0        0   8.13711e+07      0      80.42    109    0
