# 1bin_value	2data_points	3sqrt(data_points)	4W	5W_err	6e+	7e+_err	8eX 9eX_err	10e++ 	11e++_err		12eXX	13eXX_err		14e+X	15e+X_err 	16theta          17theta_err       17num_den	18num_err 19LS_err     20wt_num     21wt_num_err  22r_low   23r_high 24sig_crit
0.117769	1410	0	193.429	5.43604	-0.513978	0.848706	-1.31623	0.871673	0	0	0	0	0	0	-96196.3	12.7019	0	0        0   1410      0      0.1    0.135538    0
0.159622	2745	0	206.538	4.17194	0.70823	0.658515	0.0237216	0.650008	0	0	0	0	0	0	-188113	9.91309	0	0        0   2745      0      0.135538    0.183706    0
0.216349	4963	0	206.334	3.10599	0.272248	0.487732	-0.100148	0.488836	0	0	0	0	0	0	-340327	7.46543	0	0        0   4963      0      0.183706    0.248992    0
0.293236	9038	0	204.242	2.27192	0.30978	0.357391	-0.698007	0.357858	0	0	0	0	0	0	-619857	5.3951	0	0        0   9038      0      0.248992    0.33748    0
0.397447	16168	0	199.704	1.65835	-0.010884	0.263388	-0.0658113	0.262811	0	0	0	0	0	0	-1.10794e+06	3.89351	0	0        0   16168      0      0.33748    0.457415    0
0.538693	29827	0	203.373	1.24506	0.193918	0.198535	-0.465642	0.197063	0	0	0	0	0	0	-2.04431e+06	2.94851	0	0        0   29827      0      0.457415    0.619972    0
0.730136	54573	0	203.629	0.921716	-0.145258	0.14608	-0.0107505	0.146176	0	0	0	0	0	0	-3.7444e+06	2.19035	0	0        0   54573      0      0.619972    0.8403    0
0.989614	98933	0	201.183	0.675639	-0.113501	0.107014	-0.0814983	0.107156	0	0	0	0	0	0	-6.78213e+06	1.59066	0	0        0   98933      0      0.8403    1.13893    0
1.34131	181797	0	202.026	0.500813	-0.00973675	0.0794109	-0.066493	0.0794245	0	0	0	0	0	0	-1.247e+07	1.18491	0	0        0   181797      0      1.13893    1.54368    0
1.81798	332430	0	201.899	0.370089	-0.00744494	0.0586408	0.0533382	0.0586457	0	0	0	0	0	0	-2.27909e+07	0.875405	0	0        0   332430      0      1.54368    2.09228    0
2.46406	607903	0	201.597	0.273195	0.0316423	0.0432898	-0.00228057	0.0432567	0	0	0	0	0	0	-4.16814e+07	0.644936	0	0        0   607903      0      2.09228    2.83584    0
3.33975	1114281	0	202.232	0.202458	0.00677828	0.0320674	-0.022617	0.0320862	0	0	0	0	0	0	-7.64358e+07	0.478712	0	0        0   1.11428e+06      0      2.83584    3.84365    0
4.52664	2038817	0	202.762	0.150093	0.0172753	0.0237967	-0.0147819	0.0237768	0	0	0	0	0	0	-1.39816e+08	0.355255	0	0        0   2.03882e+06      0      3.84365    5.20962    0
6.13533	3725419	0	202.72	0.111014	-0.00972684	0.0175817	-0.00862628	0.0175796	0	0	0	0	0	0	-2.55482e+08	0.262792	0	0        0   3.72542e+06      0      5.20962    7.06103    0
8.31572	6838775	0	203.062	0.0820877	0.00559423	0.0130063	0.0151534	0.0129996	0	0	0	0	0	0	-4.69028e+08	0.194532	0	0        0   6.83878e+06      0      7.06103    9.5704    0
11.271	12532781	0	203.199	0.0606868	-0.0112292	0.009613	-0.0104975	0.00961171	0	0	0	0	0	0	-8.59525e+08	0.143969	0	0        0   1.25328e+07      0      9.5704    12.9716    0
15.2765	22884931	0	203.483	0.044983	0.00464935	0.00712253	-0.00794702	0.00712233	0	0	0	0	0	0	-1.56951e+09	0.106901	0	0        0   2.28849e+07      0      12.9716    17.5814    0
20.7055	41808279	0	203.63	0.0333113	0.00707223	0.00527458	-0.0096241	0.00527437	0	0	0	0	0	0	-2.86739e+09	0.0792798	0	0        0   4.18083e+07      0      17.5814    23.8296    0
28.0639	76215913	0	203.828	0.0247033	0.00484172	0.00391074	-0.0136128	0.00391113	0	0	0	0	0	0	-5.22733e+09	0.0589235	0	0        0   7.62159e+07      0      23.8296    32.2982    0
38.0373	138819832	0	204.187	0.018345	0.0134334	0.00290414	-0.0150641	0.00290377	0	0	0	0	0	0	-9.52068e+09	0.0438998	0	0        0   1.3882e+08      0      32.2982    43.7764    0
51.5551	252055310	0	204.422	0.0136375	-0.00297797	0.00215815	-0.0122546	0.00215762	0	0	0	0	0	0	-1.72866e+10	0.032761	0	0        0   2.52055e+08      0      43.7764    59.3338    0
69.8769	456161516	0	204.613	0.0101536	0.00715596	0.00160603	-0.0186849	0.00160627	0	0	0	0	0	0	-3.12866e+10	0.0245069	0	0        0   4.56162e+08      0      59.3338    80.42    0
94.7099	822450817	0	204.911	0.00757998	0.0102934	0.00119876	-0.022391	0.00119872	0	0	0	0	0	0	-5.64108e+10	0.0184127	0	0        0   8.22451e+08      0      80.42    109    0
