# 1bin_value	2data_points	3sqrt(data_points)	4W	5W_err	6e+	7e+_err	8eX 9eX_err	10e++ 	11e++_err		12eXX	13eXX_err		14e+X	15e+X_err 	16theta          17theta_err       17num_den	18num_err 19LS_err     20wt_num     21wt_num_err  22r_low   23r_high 24sig_crit
0.117769	276	0	196.201	15.1898	-1.64733	1.99596	-3.42385	2.01984	0	0	0	0	0	0	-18707.1	63.0189	0	0        0   276      0      0.1    0.135538    0
0.159622	520	0	185.588	10.0249	0.982033	1.50376	1.08628	1.46902	0	0	0	0	0	0	-35407.5	40.0868	0	0        0   520      0      0.135538    0.183706    0
0.216349	927	0	190.416	7.72166	-0.27006	1.09577	2.02776	1.10419	0	0	0	0	0	0	-63108	31.1155	0	0        0   927      0      0.183706    0.248992    0
0.293236	1704	0	200.136	6.03444	0.0567643	0.829614	-1.0184	0.854812	0	0	0	0	0	0	-117558	24.9801	0	0        0   1704      0      0.248992    0.33748    0
0.397447	3245	0	204.942	4.46109	0.492227	0.643516	-0.946594	0.635858	0	0	0	0	0	0	-221985	18.3097	0	0        0   3245      0      0.33748    0.457415    0
0.538693	5905	0	201.432	3.24249	0.226918	0.457461	0.137517	0.456494	0	0	0	0	0	0	-404530	13.2543	0	0        0   5905      0      0.457415    0.619972    0
0.730136	10929	0	205.218	2.43133	-0.0754332	0.345374	-0.0378499	0.348445	0	0	0	0	0	0	-750061	9.98602	0	0        0   10929      0      0.619972    0.8403    0
0.989614	19399	0	199.2	1.76289	0.359545	0.248475	0.450905	0.252238	0	0	0	0	0	0	-1.33035e+06	7.17516	0	0        0   19399      0      0.8403    1.13893    0
1.34131	36018	0	203.175	1.32325	-0.0172357	0.187573	0.0458748	0.187756	0	0	0	0	0	0	-2.47175e+06	5.41345	0	0        0   36018      0      1.13893    1.54368    0
1.81798	66477	0	204.566	0.981939	-0.0676322	0.138989	-0.178164	0.139607	0	0	0	0	0	0	-4.56277e+06	4.02977	0	0        0   66477      0      1.54368    2.09228    0
2.46406	120659	0	201.451	0.715834	0.0911853	0.101911	-0.00811596	0.101979	0	0	0	0	0	0	-8.27813e+06	2.92215	0	0        0   120659      0      2.09228    2.83584    0
3.33975	219974	0	202.093	0.532105	-0.0593858	0.0756999	-0.0139859	0.0757632	0	0	0	0	0	0	-1.50945e+07	2.17467	0	0        0   219974      0      2.83584    3.84365    0
4.52664	402923	0	202.411	0.393928	-0.0279906	0.0559006	0.0026237	0.0558879	0	0	0	0	0	0	-2.76401e+07	1.6104	0	0        0   402923      0      3.84365    5.20962    0
6.13533	736100	0	202.568	0.291731	0.0539408	0.0414869	-0.0572199	0.0414577	0	0	0	0	0	0	-5.049e+07	1.19274	0	0        0   736100      0      5.20962    7.06103    0
8.31572	1351301	0	202.829	0.215645	-0.0425378	0.0305959	0.0466437	0.0306452	0	0	0	0	0	0	-9.26495e+07	0.881854	0	0        0   1.3513e+06      0      7.06103    9.5704    0
11.271	2476831	0	202.887	0.159342	-0.0176305	0.0226239	-0.0554726	0.0226208	0	0	0	0	0	0	-1.69858e+08	0.651776	0	0        0   2.47683e+06      0      9.5704    12.9716    0
15.2765	4523147	0	203.338	0.118219	-0.0234112	0.0167947	0.0294706	0.0167756	0	0	0	0	0	0	-3.10225e+08	0.483954	0	0        0   4.52315e+06      0      12.9716    17.5814    0
20.7055	8262903	0	203.365	0.0874869	0.0131543	0.0124205	0.00731795	0.0124184	0	0	0	0	0	0	-5.66703e+08	0.358213	0	0        0   8.2629e+06      0      17.5814    23.8296    0
28.0639	15077013	0	203.757	0.0649186	-0.00654585	0.00920917	-0.00879575	0.00921187	0	0	0	0	0	0	-1.03393e+09	0.265978	0	0        0   1.5077e+07      0      23.8296    32.2982    0
38.0373	27455776	0	203.935	0.0481614	-0.00474696	0.00683283	0.003662	0.00683349	0	0	0	0	0	0	-1.88295e+09	0.197414	0	0        0   2.74558e+07      0      32.2982    43.7764    0
51.5551	49866250	0	204.162	0.0357869	-0.0148556	0.00507371	0.0164045	0.00507446	0	0	0	0	0	0	-3.42002e+09	0.146765	0	0        0   4.98662e+07      0      43.7764    59.3338    0
69.8769	90419342	0	204.537	0.0266361	-0.00341038	0.00377473	-0.00184089	0.00377426	0	0	0	0	0	0	-6.20136e+09	0.109311	0	0        0   9.04193e+07      0      59.3338    80.42    0
94.7099	163313514	0	204.944	0.0198686	-0.0111056	0.00281338	-0.00584532	0.00281342	0	0	0	0	0	0	-1.12012e+10	0.0816071	0	0        0   1.63314e+08      0      80.42    109    0
