# 1bin_value	2data_points	3sqrt(data_points)	4W	5W_err	6e+	7e+_err	8eX 9eX_err	10e++ 	11e++_err		12eXX	13eXX_err		14e+X	15e+X_err 	16theta          17theta_err       17num_den	18num_err 19LS_err     20wt_num     21wt_num_err  22r_low   23r_high 24sig_crit
0.117769	594	25.56	515.122	76.5823	2.38835	6.13387	9.54732	5.75256	0	0	0	0	0	0	-3390.7	439.932	0	25.56        0   0      0      0.1    0.135538    0
0.159622	824	18.5848	361.553	44.4443	1.1504	3.71595	4.85331	3.46034	0	0	0	0	0	0	-2187.73	242.614	0	18.5848        0   0      0      0.135538    0.183706    0
0.216349	1214	13.7753	284.698	29.5998	1.48979	2.56223	-4.7961	2.53166	0	0	0	0	0	0	-1718.32	160.127	0	13.7753        0   0      0      0.183706    0.248992    0
0.293236	1742	10.3101	181.413	19.4011	4.32466	1.96046	0.182272	1.90203	0	0	0	0	0	0	-1131.69	97.2798	0	10.3101        0   0      0      0.248992    0.33748    0
0.397447	3398	6.5659	222.773	14.7424	4.74294	1.42522	1.50132	1.44314	0	0	0	0	0	0	-1321.04	73.0407	0	6.5659        0   0      0      0.33748    0.457415    0
0.538693	6987	4.28748	274.796	11.0816	2.63389	1.14851	-2.65643	1.15124	0	0	0	0	0	0	-1642.31	52.8885	0	4.28748        0   0      0      0.457415    0.619972    0
0.730136	10592	3.18645	193.137	6.90721	0.780794	0.800796	-0.512464	0.797562	0	0	0	0	0	0	-1102.71	29.7882	0	3.18645        0   0      0      0.619972    0.8403    0
0.989614	16676	2.37738	136.406	4.43919	0.216752	0.539912	-0.397329	0.547206	0	0	0	0	0	0	-778.481	17.22	0	2.37738        0   0      0      0.8403    1.13893    0
1.34131	28165	1.7549	106.582	3.13822	0.330579	0.387532	-0.422945	0.389545	0	0	0	0	0	0	-608.977	11.5939	0	1.7549        0   0      0      1.13893    1.54368    0
1.81798	47637	1.3053	85.0806	2.23174	0.650406	0.280602	-0.0145514	0.280849	0	0	0	0	0	0	-459.421	7.90361	0	1.3053        0   0      0      1.54368    2.09228    0
2.46406	82660	0.962864	71.519	1.57462	0.470228	0.199804	0.0557103	0.200984	0	0	0	0	0	0	-371.062	5.30915	0	0.962864        0   0      0      2.09228    2.83584    0
3.33975	142454	0.715835	56.7287	1.1388	0.543296	0.146371	-0.0350105	0.146279	0	0	0	0	0	0	-280.4	3.69481	0	0.715835        0   0      0      2.83584    3.84365    0
4.52664	247636	0.531016	44.6141	0.823132	0.205498	0.106211	0.0909884	0.106542	0	0	0	0	0	0	-198.598	2.59424	0	0.531016        0   0      0      3.84365    5.20962    0
6.13533	435224	0.393198	35.246	0.598896	0.230794	0.0777577	-0.00611929	0.0776515	0	0	0	0	0	0	-140.386	1.84511	0	0.393198        0   0      0      5.20962    7.06103    0
8.31572	768754	0.291285	26.7002	0.436815	0.250331	0.0567206	-0.21659	0.0566361	0	0	0	0	0	0	-87.2823	1.32405	0	0.291285        0   0      0      7.06103    9.5704    0
11.271	1364362	0.216013	19.4764	0.319377	0.131444	0.0414269	0.0888874	0.0414188	0	0	0	0	0	0	-41.9804	0.956997	0	0.216013        0   0      0      9.5704    12.9716    0
15.2765	2418910	0.160615	13.3357	0.234562	0.104697	0.0304506	-0.0708339	0.0304438	0	0	0	0	0	0	-2.56416	0.698435	0	0.160615        0   0      0      12.9716    17.5814    0
20.7055	4328548	0.119274	9.18398	0.172618	0.0843156	0.022392	-0.00592274	0.0223856	0	0	0	0	0	0	24.4278	0.511651	0	0.119274        0   0      0      17.5814    23.8296    0
28.0639	7736370	0.0887573	5.11572	0.127424	0.123375	0.0165169	0.00191565	0.0165287	0	0	0	0	0	0	50.6215	0.376533	0	0.0887573        0   0      0      23.8296    32.2982    0
38.0373	13915180	0.0659908	2.7046	0.0942606	0.0727142	0.0122189	-0.0162523	0.0122115	0	0	0	0	0	0	65.6333	0.2783	0	0.0659908        0   0      0      32.2982    43.7764    0
51.5551	25058164	0.0490918	1.11887	0.0699186	0.0559648	0.00905114	0.0121848	0.00905626	0	0	0	0	0	0	75.4572	0.206532	0	0.0490918        0   0      0      43.7764    59.3338    0
69.8769	45187476	0.0365238	0.437236	0.0520269	0.0351025	0.00673612	0.00180078	0.00673709	0	0	0	0	0	0	80.8631	0.153926	0	0.0365238        0   0      0      59.3338    80.42    0
94.7099	81328531	0.0272144	0.0823902	0.038814	0.0343202	0.00502421	0.0141199	0.00502479	0	0	0	0	0	0	83.4642	0.115165	0	0.0272144        0   0      0      80.42    109    0
