# 1bin_value	2data_points	3sqrt(data_points)	4W	5W_err	6e+	7e+_err	8eX 9eX_err	10e++ 	11e++_err		12eXX	13eXX_err		14e+X	15e+X_err 	16theta          17theta_err       17num_den	18num_err 19LS_err     20wt_num     21wt_num_err  22r_low   23r_high 24sig_crit
0.117769	655	22.8217	604.313	37.69	19.5457	5.35832	7.06797	5.21834	0	0	0	0	0	0	-3888.14	110.6	0	22.8217        0   0      0      0.1    0.135538    0
0.159622	881	16.6065	427.298	24.5187	6.23512	3.58919	-4.70934	3.50657	0	0	0	0	0	0	-2724.05	63.5391	0	16.6065        0   0      0      0.135538    0.183706    0
0.216349	1320	12.5419	299.093	16.0211	6.67581	2.40038	2.07392	2.39391	0	0	0	0	0	0	-1858.94	37.0073	0	12.5419        0   0      0      0.183706    0.248992    0
0.293236	1880	8.97773	201.735	10.5722	2.50723	1.62267	1.84331	1.73563	0	0	0	0	0	0	-1213.09	21.3589	0	8.97773        0   0      0      0.248992    0.33748    0
0.397447	3766	5.45425	245.13	8.26814	1.65778	1.2688	-3.38127	1.23101	0	0	0	0	0	0	-1464.72	15.8301	0	5.45425        0   0      0      0.33748    0.457415    0
0.538693	7505	3.4773	294.666	6.53255	3.58899	1.03452	0.887263	1.03414	0	0	0	0	0	0	-1764.17	11.7687	0	3.4773        0   0      0      0.457415    0.619972    0
0.730136	11039	2.67136	192.628	4.28848	2.27218	0.676231	0.69611	0.67587	0	0	0	0	0	0	-1136.73	6.79717	0	2.67136        0   0      0      0.619972    0.8403    0
0.989614	17812	1.96008	149.932	2.96066	1.39157	0.474988	0.910672	0.466173	0	0	0	0	0	0	-854.514	4.28823	0	1.96008        0   0      0      0.8403    1.13893    0
1.34131	29747	1.44593	116.496	2.07377	1.09456	0.332793	-0.024224	0.331573	0	0	0	0	0	0	-661.64	2.83643	0	1.44593        0   0      0      1.13893    1.54368    0
1.81798	49580	1.0847	87.5404	1.47805	0.649769	0.232737	0.27411	0.235344	0	0	0	0	0	0	-485.119	1.93334	0	1.0847        0   0      0      1.54368    2.09228    0
2.46406	85647	0.802237	72.1597	1.0684	0.355465	0.16936	-0.178351	0.169119	0	0	0	0	0	0	-378.839	1.34483	0	0.802237        0   0      0      2.09228    2.83584    0
3.33975	149175	0.592597	58.9482	0.77066	0.433787	0.12308	-0.0407192	0.122354	0	0	0	0	0	0	-297.936	0.946466	0	0.592597        0   0      0      2.83584    3.84365    0
4.52664	258170	0.440907	45.4091	0.558941	0.41617	0.0890652	0.0138661	0.0887742	0	0	0	0	0	0	-212.219	0.672006	0	0.440907        0   0      0      3.84365    5.20962    0
6.13533	453467	0.326561	35.9519	0.406755	0.353003	0.0645877	0.0718985	0.0644677	0	0	0	0	0	0	-149.203	0.481732	0	0.326561        0   0      0      5.20962    7.06103    0
8.31572	798498	0.242718	26.3275	0.295289	0.23922	0.0468474	0.0202329	0.0468177	0	0	0	0	0	0	-89.4813	0.347213	0	0.242718        0   0      0      7.06103    9.5704    0
11.271	1421544	0.179868	20.1	0.215741	0.209069	0.0342144	0.0650569	0.0341994	0	0	0	0	0	0	-48.8413	0.25246	0	0.179868        0   0      0      9.5704    12.9716    0
15.2765	2514454	0.134089	13.2706	0.157848	0.166133	0.0250273	0.0247149	0.0250447	0	0	0	0	0	0	-4.99068	0.183932	0	0.134089        0   0      0      12.9716    17.5814    0
20.7055	4496925	0.0997281	8.69807	0.115891	0.0924102	0.0183546	0.0359351	0.0183488	0	0	0	0	0	0	24.3594	0.134845	0	0.0997281        0   0      0      17.5814    23.8296    0
28.0639	8060298	0.0742437	5.27727	0.0853822	0.0982645	0.0135119	-0.0102034	0.0135181	0	0	0	0	0	0	47.6606	0.099237	0	0.0742437        0   0      0      23.8296    32.2982    0
38.0373	14484870	0.0552777	2.46195	0.0629995	0.0496342	0.00996887	-0.0137263	0.00996351	0	0	0	0	0	0	65.4995	0.0733064	0	0.0552777        0   0      0      32.2982    43.7764    0
51.5551	26111904	0.0411283	0.872861	0.0466661	0.0736979	0.00738123	0.00389708	0.00737891	0	0	0	0	0	0	75.9931	0.0543579	0	0.0411283        0   0      0      43.7764    59.3338    0
69.8769	47179718	0.0305836	0.358683	0.0347073	0.0505747	0.00548898	0.0116356	0.00548541	0	0	0	0	0	0	80.2187	0.0404426	0	0.0305836        0   0      0      59.3338    80.42    0
94.7099	85041182	0.0227763	-0.132301	0.0258488	0.0262059	0.00408528	0.00527355	0.0040837	0	0	0	0	0	0	83.9022	0.0301737	0	0.0227763        0   0      0      80.42    109    0
