# 1bin_value	2data_points	3sqrt(data_points)	4W	5W_err	6e+	7e+_err	8eX 9eX_err	10e++ 	11e++_err		12eXX	13eXX_err		14e+X	15e+X_err 	16theta          17theta_err       17num_den	18num_err 19LS_err     20wt_num     21wt_num_err  22r_low   23r_high 24sig_crit
0.117769	500	0	651.277	72.621	5.72615	5.25858	-9.45837	5.45923	0	0	0	0	0	0	-34118.8	427.426	0	0        0   528.709      0      0.1    0.135538    0
0.159622	632	0	457.11	38.1524	0.63131	3.46947	2.98812	3.14335	0	0	0	0	0	0	-43542.2	218.163	0	0        0   665.188      0      0.135538    0.183706    0
0.216349	941	0	386.59	24.5998	3.75322	2.27418	-2.67937	2.29699	0	0	0	0	0	0	-64239.4	136.522	0	0        0   988.179      0      0.183706    0.248992    0
0.293236	1362	0	328.519	15.5277	1.89067	1.66403	-2.74924	1.68607	0	0	0	0	0	0	-93244.2	81.1199	0	0        0   1451.6      0      0.248992    0.33748    0
0.397447	2789	0	342.868	10.4556	-0.358022	1.20353	-0.414676	1.27749	0	0	0	0	0	0	-191545	51.492	0	0        0   2993.12      0      0.33748    0.457415    0
0.538693	6289	0	422.827	8.62818	0.831049	1.01089	-0.583316	1.01257	0	0	0	0	0	0	-431846	41.2201	0	0        0   6855.07      0      0.457415    0.619972    0
0.730136	9561	0	361.637	5.49156	-1.68329	0.6973	-1.04549	0.700759	0	0	0	0	0	0	-655727	24.8199	0	0        0   10312.3      0      0.619972    0.8403    0
0.989614	15653	0	326.591	3.60591	0.598075	0.495555	-0.440802	0.493138	0	0	0	0	0	0	-1.07459e+06	15.1234	0	0        0   16837.6      0      0.8403    1.13893    0
1.34131	26274	0	296.957	2.42348	0.398185	0.342545	0.428196	0.340734	0	0	0	0	0	0	-1.80274e+06	9.60202	0	0        0   28107.5      0      1.13893    1.54368    0
1.81798	44879	0	275.48	1.66277	0.0232346	0.241203	-0.0903353	0.240862	0	0	0	0	0	0	-3.08068e+06	6.24277	0	0        0   47880.5      0      1.54368    2.09228    0
2.46406	78123	0	263.03	1.17513	0.325111	0.174174	0.0493014	0.174644	0	0	0	0	0	0	-5.35487e+06	4.22702	0	0        0   83188.1      0      2.09228    2.83584    0
3.33975	136092	0	251.21	0.834498	-0.0937853	0.126426	-0.00585362	0.126408	0	0	0	0	0	0	-9.33485e+06	2.86299	0	0        0   144931      0      2.83584    3.84365    0
4.52664	237731	0	240.709	0.595632	-0.0304885	0.0909603	0.0254705	0.0914621	0	0	0	0	0	0	-1.63003e+07	1.96887	0	0        0   253257      0      3.84365    5.20962    0
6.13533	418061	0	231.754	0.427939	0.0911123	0.0662043	0.0538449	0.0664265	0	0	0	0	0	0	-2.86719e+07	1.37379	0	0        0   444891      0      5.20962    7.06103    0
8.31572	743358	0	224.775	0.308885	0.0873056	0.0483355	0.00153465	0.0483068	0	0	0	0	0	0	-5.09938e+07	0.969556	0	0        0   790429      0      7.06103    9.5704    0
11.271	1321372	0	218.464	0.223885	0.0795439	0.0352894	-0.00346597	0.0351776	0	0	0	0	0	0	-9.06336e+07	0.690333	0	0        0   1.40487e+06      0      9.5704    12.9716    0
15.2765	2352595	0	213.416	0.163253	0.0273909	0.0257861	0.050294	0.0257454	0	0	0	0	0	0	-1.61377e+08	0.497506	0	0        0   2.49995e+06      0      12.9716    17.5814    0
20.7055	4219250	0	209.995	0.119737	0.0024338	0.0189213	0.0312853	0.0189293	0	0	0	0	0	0	-2.89437e+08	0.361835	0	0        0   4.48516e+06      0      17.5814    23.8296    0
28.0639	7566872	0	206.798	0.0878827	0.0169146	0.0139161	0.0503438	0.0139083	0	0	0	0	0	0	-5.19047e+08	0.264301	0	0        0   8.04124e+06      0      23.8296    32.2982    0
38.0373	13620075	0	204.703	0.0647925	0.0352135	0.0102776	0.0430669	0.0102777	0	0	0	0	0	0	-9.34185e+08	0.194368	0	0        0   1.44692e+07      0      32.2982    43.7764    0
51.5551	24521515	0	203.35	0.0479589	0.0251016	0.0076078	-0.0265558	0.0076105	0	0	0	0	0	0	-1.68209e+09	0.14371	0	0        0   2.60529e+07      0      43.7764    59.3338    0
69.8769	44193085	0	202.793	0.0356419	-0.0087827	0.00565677	-0.00770237	0.0056572	0	0	0	0	0	0	-3.03114e+09	0.106883	0	0        0   4.69571e+07      0      59.3338    80.42    0
94.7099	79543947	0	202.763	0.0265864	-0.00845394	0.00421768	-0.000264262	0.00421674	0	0	0	0	0	0	-5.45698e+09	0.0799788	0	0        0   8.4496e+07      0      80.42    109    0
