# 1bin_value	2data_points	3sqrt(data_points)	4W	5W_err	6e+	7e+_err	8eX 9eX_err	10e++ 	11e++_err		12eXX	13eXX_err		14e+X	15e+X_err 	16theta          17theta_err       17num_den	18num_err 19LS_err     20wt_num     21wt_num_err  22r_low   23r_high 24sig_crit
0.117769	283	0	216.741	16.8593	0	0	0	0	0	0	0	0	0	0	-1316.47	31849.2	0	0        0   318.582      0      0.1    0.135538    0
0.159622	538	0	205.701	11.4193	0	0	0	0	0	0	0	0	0	0	-1352.54	59557.6	0	0        0   565.214      0      0.135538    0.183706    0
0.216349	947	0	205.525	8.69877	0	0	0	0	0	0	0	0	0	0	-1296.69	103873	0	0        0   1031.3      0      0.183706    0.248992    0
0.293236	1740	0	210.463	6.54473	0	0	0	0	0	0	0	0	0	0	-1338.01	189337	0	0        0   1875.94      0      0.248992    0.33748    0
0.397447	3137	0	196.907	4.44786	0	0	0	0	0	0	0	0	0	0	-1276.36	344160	0	0        0   3338.84      0      0.33748    0.457415    0
0.538693	5800	0	198.754	3.30936	0	0	0	0	0	0	0	0	0	0	-1273.58	631915	0	0        0   6215.88      0      0.457415    0.619972    0
0.730136	10277	0	196.047	2.44631	0	0	0	0	0	0	0	0	0	0	-1254.23	1.11026e+06	0	0        0   11001.9      0      0.619972    0.8403    0
0.989614	19107	0	201.599	1.85552	0	0	0	0	0	0	0	0	0	0	-1293.3	2.07685e+06	0	0        0   20452.4      0      0.8403    1.13893    0
1.34131	35041	0	199.614	1.35001	0	0	0	0	0	0	0	0	0	0	-1283.55	3.7966e+06	0	0        0   37374.7      0      1.13893    1.54368    0
1.81798	64000	0	200.828	1.00793	0	0	0	0	0	0	0	0	0	0	-1282.71	6.93143e+06	0	0        0   68707.5      0      1.54368    2.09228    0
2.46406	117526	0	200.702	0.742831	0	0	0	0	0	0	0	0	0	0	-1286.14	1.27121e+07	0	0        0   125674      0      2.09228    2.83584    0
3.33975	214948	0	201.034	0.550262	0	0	0	0	0	0	0	0	0	0	-1289.7	2.32684e+07	0	0        0   229739      0      2.83584    3.84365    0
4.52664	390211	0	199.991	0.406065	0	0	0	0	0	0	0	0	0	0	-1282.86	4.22582e+07	0	0        0   417246      0      3.84365    5.20962    0
6.13533	714755	0	200.315	0.3005	0	0	0	0	0	0	0	0	0	0	-1285.43	7.74436e+07	0	0        0   764084      0      5.20962    7.06103    0
8.31572	1311786	0	200.398	0.221901	0	0	0	0	0	0	0	0	0	0	-1285.57	1.42129e+08	0	0        0   1.40264e+06      0      7.06103    9.5704    0
11.271	2404712	0	200.642	0.164191	0	0	0	0	0	0	0	0	0	0	-1287.41	2.60602e+08	0	0        0   2.5707e+06      0      9.5704    12.9716    0
15.2765	4376485	0	200.199	0.121414	0	0	0	0	0	0	0	0	0	0	-1284.71	4.74362e+08	0	0        0   4.67791e+06      0      12.9716    17.5814    0
20.7055	7992165	0	200.31	0.0899114	0	0	0	0	0	0	0	0	0	0	-1285.31	8.66292e+08	0	0        0   8.5425e+06      0      17.5814    23.8296    0
28.0639	14557693	0	200.23	0.0665976	0	0	0	0	0	0	0	0	0	0	-1285.18	1.5787e+09	0	0        0   1.55552e+07      0      23.8296    32.2982    0
38.0373	26480793	0	200.197	0.0493901	0	0	0	0	0	0	0	0	0	0	-1285.56	2.87372e+09	0	0        0   2.82821e+07      0      32.2982    43.7764    0
51.5551	48030454	0	200.22	0.0366948	0	0	0	0	0	0	0	0	0	0	-1286.12	5.21629e+09	0	0        0   5.12815e+07      0      43.7764    59.3338    0
69.8769	86820135	0	200.203	0.0273062	0	0	0	0	0	0	0	0	0	0	-1286.31	9.43855e+09	0	0        0   9.26776e+07      0      59.3338    80.42    0
94.7099	156255215	0	200.121	0.020361	0	0	0	0	0	0	0	0	0	0	-1286.4	1.70108e+10	0	0        0   1.66713e+08      0      80.42    109    0
