# 1bin_value	2data_points	3sqrt(data_points)	4W	5W_err	6e+	7e+_err	8eX 9eX_err	10e++ 	11e++_err		12eXX	13eXX_err		14e+X	15e+X_err 	16theta          17theta_err       17num_den	18num_err 19LS_err     20wt_num     21wt_num_err  22r_low   23r_high 24sig_crit
0.117769	292	0	211.711	16.6597	0	0	0	0	0	0	0	0	0	0	-1346.59	32585.7	0	0        0   314.564      0      0.1    0.135538    0
0.159622	532	0	189.86	10.4647	0	0	0	0	0	0	0	0	0	0	-1224.51	59086.1	0	0        0   567.141      0      0.135538    0.183706    0
0.216349	917	0	187.371	7.80843	0	0	0	0	0	0	0	0	0	0	-1217.19	100009	0	0        0   965.38      0      0.183706    0.248992    0
0.293236	1770	0	205.742	6.27009	0	0	0	0	0	0	0	0	0	0	-1327.91	192941	0	0        0   1884.68      0      0.248992    0.33748    0
0.397447	3189	0	199.189	4.44612	0	0	0	0	0	0	0	0	0	0	-1287.87	347223	0	0        0   3389.47      0      0.33748    0.457415    0
0.538693	5921	0	200.09	3.28951	0	0	0	0	0	0	0	0	0	0	-1285.85	638815	0	0        0   6308.48      0      0.457415    0.619972    0
0.730136	10542	0	197.942	2.44296	0	0	0	0	0	0	0	0	0	0	-1266.31	1.14022e+06	0	0        0   11302.3      0      0.619972    0.8403    0
0.989614	19458	0	200.004	1.81639	0	0	0	0	0	0	0	0	0	0	-1281.74	2.10771e+06	0	0        0   20832.9      0      0.8403    1.13893    0
1.34131	35865	0	202.131	1.35758	0	0	0	0	0	0	0	0	0	0	-1293.8	3.87456e+06	0	0        0   38407.3      0      1.13893    1.54368    0
1.81798	65222	0	200.579	0.99673	0	0	0	0	0	0	0	0	0	0	-1285.47	7.06002e+06	0	0        0   69841.9      0      1.54368    2.09228    0
2.46406	119201	0	198.996	0.730002	0	0	0	0	0	0	0	0	0	0	-1273.5	1.28868e+07	0	0        0   127729      0      2.09228    2.83584    0
3.33975	218183	0	200.296	0.543308	0	0	0	0	0	0	0	0	0	0	-1283.37	2.36211e+07	0	0        0   233674      0      2.83584    3.84365    0
4.52664	397841	0	199.392	0.400246	0	0	0	0	0	0	0	0	0	0	-1278.99	4.30167e+07	0	0        0   425380      0      3.84365    5.20962    0
6.13533	726576	0	199.524	0.296503	0	0	0	0	0	0	0	0	0	0	-1279.06	7.85215e+07	0	0        0   777175      0      5.20962    7.06103    0
8.31572	1334593	0	199.742	0.218934	0	0	0	0	0	0	0	0	0	0	-1281.91	1.44357e+08	0	0        0   1.42646e+06      0      7.06103    9.5704    0
11.271	2445663	0	199.837	0.161872	0	0	0	0	0	0	0	0	0	0	-1282.01	2.64606e+08	0	0        0   2.6151e+06      0      9.5704    12.9716    0
15.2765	4456916	0	199.765	0.119846	0	0	0	0	0	0	0	0	0	0	-1282.23	4.82124e+08	0	0        0   4.76232e+06      0      12.9716    17.5814    0
20.7055	8136744	0	199.706	0.088689	0	0	0	0	0	0	0	0	0	0	-1281.83	8.80551e+08	0	0        0   8.69506e+06      0      17.5814    23.8296    0
28.0639	14825153	0	199.806	0.0657604	0	0	0	0	0	0	0	0	0	0	-1282.74	1.60524e+09	0	0        0   1.58397e+07      0      23.8296    32.2982    0
38.0373	26975351	0	199.852	0.0487796	0	0	0	0	0	0	0	0	0	0	-1283.37	2.92284e+09	0	0        0   2.8814e+07      0      32.2982    43.7764    0
51.5551	48945413	0	199.901	0.0362368	0	0	0	0	0	0	0	0	0	0	-1284	5.3069e+09	0	0        0   5.22642e+07      0      43.7764    59.3338    0
69.8769	88496075	0	199.788	0.026947	0	0	0	0	0	0	0	0	0	0	-1283.6	9.60682e+09	0	0        0   9.44799e+07      0      59.3338    80.42    0
94.7099	159344421	0	199.7	0.0200856	0	0	0	0	0	0	0	0	0	0	-1283.5	1.73197e+10	0	0        0   1.70046e+08      0      80.42    109    0
