# 1bin_value	2data_points	3sqrt(data_points)	4W	5W_err	6e+	7e+_err	8eX 9eX_err	10e++ 	11e++_err		12eXX	13eXX_err		14e+X	15e+X_err 	16theta          17theta_err       17num_den	18num_err 19LS_err     20wt_num     21wt_num_err  22r_low   23r_high 24sig_crit
0.117769	611	inf	607.454	38.8262	18.5507	6.12684	3.25759	5.44145	0	0	0	0	0	0	-4143.01	119.121	0	inf        0   0      0      0.1    0.135538    0
0.159622	827	21.9482	400.546	24.7379	2.0468	3.41107	0.105376	3.49031	0	0	0	0	0	0	-2516.54	66.1623	0	21.9482        0   0      0      0.135538    0.183706    0
0.216349	1259	12.6775	285.057	16.1157	2.7811	2.20535	-0.243642	2.39252	0	0	0	0	0	0	-1759.56	36.5548	0	12.6775        0   0      0      0.183706    0.248992    0
0.293236	1943	9.09764	212.733	10.794	6.12784	1.64136	-2.46746	1.64262	0	0	0	0	0	0	-1330.69	23.4711	0	9.09764        0   0      0      0.248992    0.33748    0
0.397447	3609	5.70227	228.816	8.11616	4.0504	1.25492	2.58151	1.23596	0	0	0	0	0	0	-1377.64	16.2077	0	5.70227        0   0      0      0.33748    0.457415    0
0.538693	7339	3.53235	282.844	6.44475	2.91468	1.00695	1.83297	1.00256	0	0	0	0	0	0	-1721.35	12.2269	0	3.53235        0   0      0      0.457415    0.619972    0
0.730136	10840	2.67556	194.182	4.37007	3.28776	0.683139	-0.424022	0.686272	0	0	0	0	0	0	-1123.6	7.1817	0	2.67556        0   0      0      0.619972    0.8403    0
0.989614	17227	1.9798	144.408	2.97333	1.10737	0.467287	0.901036	0.47045	0	0	0	0	0	0	-823.419	4.58671	0	1.9798        0   0      0      0.8403    1.13893    0
1.34131	28646	1.46965	110.436	2.09564	0.85425	0.334881	0.131922	0.336095	0	0	0	0	0	0	-619.004	3.10804	0	1.46965        0   0      0      1.13893    1.54368    0
1.81798	48490	1.09414	86.4101	1.49148	0.864005	0.234816	-0.0245006	0.235954	0	0	0	0	0	0	-476.379	2.14317	0	1.09414        0   0      0      1.54368    2.09228    0
2.46406	83971	0.80873	72.0178	1.07605	0.444493	0.171007	0.206039	0.169697	0	0	0	0	0	0	-378.817	1.50206	0	0.80873        0   0      0      2.09228    2.83584    0
3.33975	145853	0.60015	57.7462	0.776671	0.496	0.122161	0.281395	0.122772	0	0	0	0	0	0	-289.961	1.06158	0	0.60015        0   0      0      2.83584    3.84365    0
4.52664	252751	0.445746	44.9817	0.564302	0.421266	0.0893207	-0.0397905	0.089122	0	0	0	0	0	0	-205.886	0.759887	0	0.445746        0   0      0      3.84365    5.20962    0
6.13533	444987	0.329851	36.1423	0.411006	0.203623	0.0647305	-0.131119	0.0650083	0	0	0	0	0	0	-150.874	0.546548	0	0.329851        0   0      0      5.20962    7.06103    0
8.31572	784282	0.244882	26.9721	0.298807	0.311544	0.0470453	-0.0493737	0.0471358	0	0	0	0	0	0	-91.553	0.396138	0	0.244882        0   0      0      7.06103    9.5704    0
11.271	1392468	0.181739	19.8831	0.217831	0.256327	0.0344754	0.01398	0.0343451	0	0	0	0	0	0	-47.5156	0.288511	0	0.181739        0   0      0      9.5704    12.9716    0
15.2765	2462581	0.135476	13.184	0.159473	0.193639	0.025148	0.0303611	0.025182	0	0	0	0	0	0	-3.69107	0.211537	0	0.135476        0   0      0      12.9716    17.5814    0
20.7055	4407365	0.100741	8.91549	0.117109	0.135846	0.0184753	0.0163689	0.0184602	0	0	0	0	0	0	23.3656	0.155845	0	0.100741        0   0      0      17.5814    23.8296    0
28.0639	7887716	0.0750489	5.20847	0.0862151	0.0946848	0.0135743	0.0151099	0.0135717	0	0	0	0	0	0	47.6023	0.114974	0	0.0750489        0   0      0      23.8296    32.2982    0
38.0373	14175788	0.0558801	2.42187	0.0636832	0.0576745	0.0100269	-0.0218353	0.010022	0	0	0	0	0	0	65.1878	0.0854011	0	0.0558801        0   0      0      32.2982    43.7764    0
51.5551	25516160	0.041605	0.745153	0.0471665	0.0538875	0.00742398	-0.00941426	0.00742089	0	0	0	0	0	0	76.3486	0.0636431	0	0.041605        0   0      0      43.7764    59.3338    0
69.8769	46033405	0.0309628	0.285197	0.0350846	0.0331656	0.0055157	-0.00288997	0.00551872	0	0	0	0	0	0	80.6248	0.0478125	0	0.0309628        0   0      0      59.3338    80.42    0
94.7099	82841398	0.023077	-0.139702	0.0261422	0.0201029	0.00411036	0.00212468	0.00411097	0	0	0	0	0	0	83.6748	0.0361298	0	0.023077        0   0      0      80.42    109    0
