# 1bin_value	2data_points	3sqrt(data_points)	4W	5W_err	6e+	7e+_err	8eX 9eX_err	10e++ 	11e++_err		12eXX	13eXX_err		14e+X	15e+X_err 	16theta          17theta_err       17num_den	18num_err 19LS_err     20wt_num     21wt_num_err  22r_low   23r_high 24sig_crit
0.117769	263	0	193.81	15.264	2.83292	2.09958	0.650174	2.11399	0	0	0	0	0	0	-18253.5	65.0322	0	0        0   263      0      0.1    0.135538    0
0.159622	502	0	195.539	10.9978	-0.102448	1.5161	-1.37254	1.4558	0	0	0	0	0	0	-34547.5	46.1804	0	0        0   502      0      0.135538    0.183706    0
0.216349	936	0	199.48	8.15678	0.662407	1.17262	0.541382	1.13638	0	0	0	0	0	0	-64255	33.7218	0	0        0   936      0      0.183706    0.248992    0
0.293236	1712	0	204.699	6.17175	1.45187	0.872123	0.886858	0.893583	0	0	0	0	0	0	-116774	25.3092	0	0        0   1712      0      0.248992    0.33748    0
0.397447	3150	0	197.969	4.35255	-0.595056	0.624915	0.185222	0.623968	0	0	0	0	0	0	-215992	17.7408	0	0        0   3150      0      0.33748    0.457415    0
0.538693	5697	0	194.642	3.17469	0.0156012	0.4582	0.349466	0.459518	0	0	0	0	0	0	-390422	12.872	0	0        0   5697      0      0.457415    0.619972    0
0.730136	10445	0	199.177	2.40808	-0.28851	0.342427	-0.116963	0.347014	0	0	0	0	0	0	-717715	9.84892	0	0        0   10445      0      0.619972    0.8403    0
0.989614	19112	0	201.16	1.79821	-0.219698	0.261349	-0.319406	0.258288	0	0	0	0	0	0	-1.31251e+06	7.36193	0	0        0   19112      0      0.8403    1.13893    0
1.34131	35106	0	200.348	1.31952	-0.431599	0.190468	0.0639042	0.189854	0	0	0	0	0	0	-2.40434e+06	5.37669	0	0        0   35106      0      1.13893    1.54368    0
1.81798	63713	0	198.971	0.972067	0.0596567	0.140992	0.211259	0.140118	0	0	0	0	0	0	-4.36972e+06	3.95959	0	0        0   63713      0      1.54368    2.09228    0
2.46406	117315	0	200.369	0.722251	0.0101244	0.104021	-0.0286592	0.103967	0	0	0	0	0	0	-8.04318e+06	2.94702	0	0        0   117315      0      2.09228    2.83584    0
3.33975	215053	0	201.079	0.535545	0.152345	0.0769823	-0.0431109	0.0771086	0	0	0	0	0	0	-1.47533e+07	2.18884	0	0        0   215053      0      2.83584    3.84365    0
4.52664	390511	0	200.019	0.395005	-0.0104293	0.0569679	-0.0429057	0.0568725	0	0	0	0	0	0	-2.67793e+07	1.61124	0	0        0   390511      0      3.84365    5.20962    0
6.13533	716542	0	200.722	0.292796	0.0823264	0.042131	0.0569954	0.0422127	0	0	0	0	0	0	-4.9143e+07	1.19579	0	0        0   716542      0      5.20962    7.06103    0
8.31572	1311367	0	200.191	0.215798	-0.0099378	0.0310656	0.0525595	0.0311122	0	0	0	0	0	0	-8.99414e+07	0.880832	0	0        0   1.31137e+06      0      7.06103    9.5704    0
11.271	2405982	0	200.669	0.159782	0.0123738	0.0230311	-7.30459e-05	0.0230267	0	0	0	0	0	0	-1.65018e+08	0.652851	0	0        0   2.40598e+06      0      9.5704    12.9716    0
15.2765	4393179	0	200.895	0.118418	0.00356049	0.0170537	0.0348868	0.0170624	0	0	0	0	0	0	-3.01295e+08	0.484087	0	0        0   4.39318e+06      0      12.9716    17.5814    0
20.7055	8035723	0	201.355	0.0878103	-0.00694645	0.0126423	-0.00534841	0.0126476	0	0	0	0	0	0	-5.51134e+08	0.359379	0	0        0   8.03572e+06      0      17.5814    23.8296    0
28.0639	14641585	0	201.396	0.0650867	-0.00585838	0.00937217	0.00600614	0.00936859	0	0	0	0	0	0	-1.00418e+09	0.26652	0	0        0   1.46416e+07      0      23.8296    32.2982    0
38.0373	26638754	0	201.502	0.0483015	-0.0103376	0.00695282	0.00547753	0.00695272	0	0	0	0	0	0	-1.82693e+09	0.197946	0	0        0   2.66388e+07      0      32.2982    43.7764    0
51.5551	48322370	0	201.617	0.0359058	0.000243088	0.00516645	-0.00571199	0.00516737	0	0	0	0	0	0	-3.31412e+09	0.147314	0	0        0   4.83224e+07      0      43.7764    59.3338    0
69.8769	87403728	0	201.801	0.0267459	-0.00489172	0.00384826	-0.0165022	0.00384787	0	0	0	0	0	0	-5.99464e+09	0.109909	0	0        0   8.74037e+07      0      59.3338    80.42    0
94.7099	157390836	0	201.931	0.0199657	0.00611426	0.00287139	-0.0139585	0.00287153	0	0	0	0	0	0	-1.07949e+10	0.0822053	0	0        0   1.57391e+08      0      80.42    109    0
