# 1bin_value	2data_points	3sqrt(data_points)	4W	5W_err	6e+	7e+_err	8eX 9eX_err	10e++ 	11e++_err		12eXX	13eXX_err		14e+X	15e+X_err 	16theta          17theta_err       17num_den	18num_err 19LS_err     20wt_num     21wt_num_err  22r_low   23r_high 24sig_crit
0.117769	608	inf	604.83	38.8701	16.797	6.12265	1.84013	5.45341	0	0	0	0	0	0	-4122.73	120.436	0	inf        0   0      0      0.1    0.135538    0
0.159622	832	21.9281	401.041	24.6664	1.92669	3.4012	0.209153	3.47986	0	0	0	0	0	0	-2526.91	65.1872	0	21.9281        0   0      0      0.135538    0.183706    0
0.216349	1249	12.6831	281.845	16.0917	2.68172	2.20325	-0.270464	2.39131	0	0	0	0	0	0	-1734.16	37.2374	0	12.6831        0   0      0      0.183706    0.248992    0
0.293236	1937	9.08175	211.297	10.7927	6.0888	1.64135	-2.36468	1.64196	0	0	0	0	0	0	-1322.65	23.6511	0	9.08175        0   0      0      0.248992    0.33748    0
0.397447	3610	5.70514	228.722	8.11385	3.86129	1.25441	2.62691	1.23554	0	0	0	0	0	0	-1378.98	16.1413	0	5.70514        0   0      0      0.33748    0.457415    0
0.538693	7329	3.53644	281.163	6.43903	2.74878	1.00627	1.82868	1.00178	0	0	0	0	0	0	-1712.3	12.2627	0	3.53644        0   0      0      0.457415    0.619972    0
0.730136	10821	2.68142	193.267	4.36736	3.25282	0.682708	-0.320739	0.685778	0	0	0	0	0	0	-1118.74	7.23989	0	2.68142        0   0      0      0.619972    0.8403    0
0.989614	17204	1.9808	143.802	2.97123	1.10002	0.466975	0.840222	0.470153	0	0	0	0	0	0	-818.584	4.61827	0	1.9808        0   0      0      0.8403    1.13893    0
1.34131	28650	1.46972	109.888	2.09443	0.836765	0.334687	0.191267	0.335902	0	0	0	0	0	0	-617.069	3.09692	0	1.46972        0   0      0      1.13893    1.54368    0
1.81798	48523	1.09387	86.3883	1.49063	0.83988	0.234682	0.0330794	0.235819	0	0	0	0	0	0	-476.567	2.13144	0	1.09387        0   0      0      1.54368    2.09228    0
2.46406	83982	0.808665	71.793	1.07536	0.449999	0.170903	0.234843	0.169588	0	0	0	0	0	0	-377.433	1.50243	0	0.808665        0   0      0      2.09228    2.83584    0
3.33975	145937	0.6	57.7092	0.776158	0.460366	0.122081	0.294338	0.122691	0	0	0	0	0	0	-289.776	1.0565	0	0.6        0   0      0      2.83584    3.84365    0
4.52664	252924	0.445547	44.9468	0.563881	0.41831	0.0892543	-0.0724737	0.0890558	0	0	0	0	0	0	-205.703	0.753845	0	0.445547        0   0      0      3.84365    5.20962    0
6.13533	445063	0.32981	36.0383	0.410665	0.22143	0.0646777	-0.137709	0.0649552	0	0	0	0	0	0	-149.905	0.54424	0	0.32981        0   0      0      5.20962    7.06103    0
8.31572	784676	0.244839	26.8936	0.298557	0.314734	0.0470062	-0.0453403	0.0470968	0	0	0	0	0	0	-91.033	0.39372	0	0.244839        0   0      0      7.06103    9.5704    0
11.271	1393445	0.181674	19.8282	0.217648	0.258325	0.0344467	0.00931629	0.0343165	0	0	0	0	0	0	-47.1514	0.286283	0	0.181674        0   0      0      9.5704    12.9716    0
15.2765	2465213	0.135404	13.1895	0.15933	0.192979	0.0251255	0.0288526	0.0251594	0	0	0	0	0	0	-3.73464	0.209204	0	0.135404        0   0      0      12.9716    17.5814    0
20.7055	4413481	0.100668	8.9745	0.116999	0.13365	0.018458	0.0163672	0.0184428	0	0	0	0	0	0	23.0763	0.153596	0	0.100668        0   0      0      17.5814    23.8296    0
28.0639	7897517	0.0750006	5.18463	0.0861278	0.0891392	0.0135605	0.0140908	0.013558	0	0	0	0	0	0	47.7528	0.113491	0	0.0750006        0   0      0      23.8296    32.2982    0
38.0373	14196209	0.0558392	2.42005	0.0636129	0.0557414	0.0100158	-0.0191066	0.0100109	0	0	0	0	0	0	65.1485	0.0841307	0	0.0558392        0   0      0      32.2982    43.7764    0
51.5551	25554534	0.0415733	0.686864	0.0471064	0.0522226	0.00741451	-0.00952625	0.00741142	0	0	0	0	0	0	76.4997	0.0626464	0	0.0415733        0   0      0      43.7764    59.3338    0
69.8769	46125711	0.0309317	0.230372	0.0350317	0.0317465	0.00550735	-0.000996303	0.00551036	0	0	0	0	0	0	80.6058	0.046875	0	0.0309317        0   0      0      59.3338    80.42    0
94.7099	83061657	0.0230466	-0.166962	0.0260944	0.0212019	0.00410281	-0.0011697	0.00410342	0	0	0	0	0	0	83.2512	0.0352198	0	0.0230466        0   0      0      80.42    109    0
