# 1bin_value	2data_points	3sqrt(data_points)	4W	5W_err	6e+	7e+_err	8eX 9eX_err	10e++ 	11e++_err		12eXX	13eXX_err		14e+X	15e+X_err 	16theta          17theta_err       17num_den	18num_err 19LS_err     20wt_num     21wt_num_err  22r_low   23r_high 24sig_crit
0.117769	614	0	805.822	38.0229	17.5969	6.07673	1.15016	5.3761	0	0	0	0	0	0	-42401.1	118.316	0	0        0   648.736      0      0.1    0.135538    0
0.159622	825	0	604.583	23.8778	2.38999	3.33095	-0.459403	3.41664	0	0	0	0	0	0	-56524.7	65.613	0	0        0   876.19      0      0.135538    0.183706    0
0.216349	1258	0	496.095	15.4971	2.67411	2.15092	-1.12264	2.34402	0	0	0	0	0	0	-85966.6	36.0273	0	0        0   1341.49      0      0.183706    0.248992    0
0.293236	1928	0	413.574	10.2586	6.45412	1.59842	-2.83004	1.60026	0	0	0	0	0	0	-132267	23.1448	0	0        0   2022.15      0      0.248992    0.33748    0
0.397447	3601	0	426.874	7.75029	3.89822	1.22676	2.8032	1.20674	0	0	0	0	0	0	-246615	15.7951	0	0        0   3840.89      0      0.33748    0.457415    0
0.538693	7293	0	485.133	6.19116	3.19563	0.987773	1.2613	0.983527	0	0	0	0	0	0	-501102	12.1575	0	0        0   7848.33      0      0.457415    0.619972    0
0.730136	10795	0	397.502	4.16296	3.11823	0.667061	-0.391224	0.670165	0	0	0	0	0	0	-739583	7.04163	0	0        0   11709.1      0      0.619972    0.8403    0
0.989614	17100	0	342.284	2.80931	1.03926	0.45476	0.721963	0.458015	0	0	0	0	0	0	-1.17247e+06	4.51516	0	0        0   18357.1      0      0.8403    1.13893    0
1.34131	28571	0	311.659	1.96789	0.758034	0.325336	0.18604	0.326582	0	0	0	0	0	0	-1.95945e+06	2.936	0	0        0   30516      0      1.13893    1.54368    0
1.81798	48238	0	287.626	1.39286	0.846873	0.227342	0.0275699	0.228512	0	0	0	0	0	0	-3.30792e+06	2.05381	0	0        0   51361.1      0      1.54368    2.09228    0
2.46406	83543	0	272.617	1.00153	0.46223	0.165429	0.237355	0.164083	0	0	0	0	0	0	-5.72529e+06	1.42262	0	0        0   88998.7      0      2.09228    2.83584    0
3.33975	145136	0	259.037	0.719907	0.490015	0.11786	0.276955	0.118487	0	0	0	0	0	0	-9.95244e+06	0.997604	0	0        0   154340      0      2.83584    3.84365    0
4.52664	251387	0	246.74	0.52135	0.438132	0.0860748	-0.0775548	0.0858738	0	0	0	0	0	0	-1.72382e+07	0.711567	0	0        0   267649      0      3.84365    5.20962    0
6.13533	442528	0	238.026	0.378702	0.230005	0.0622857	-0.127214	0.0625745	0	0	0	0	0	0	-3.03537e+07	0.508549	0	0        0   470898      0      5.20962    7.06103    0
8.31572	780134	0	229.128	0.274519	0.327982	0.0452032	-0.0318963	0.0452992	0	0	0	0	0	0	-5.3511e+07	0.365747	0	0        0   829547      0      7.06103    9.5704    0
11.271	1385049	0	222.173	0.19961	0.247004	0.0331027	0.00583594	0.0329673	0	0	0	0	0	0	-9.50097e+07	0.26512	0	0        0   1.47096e+06      0      9.5704    12.9716    0
15.2765	2450098	0	215.886	0.145798	0.192145	0.0241142	0.0217432	0.0241495	0	0	0	0	0	0	-1.68066e+08	0.192915	0	0        0   2.60274e+06      0      12.9716    17.5814    0
20.7055	4385813	0	211.863	0.106894	0.134614	0.0177032	-0.0013479	0.0176874	0	0	0	0	0	0	-3.00846e+08	0.141473	0	0        0   4.65801e+06      0      17.5814    23.8296    0
28.0639	7849137	0	208.377	0.078583	0.0920583	0.0129962	-0.00175483	0.0129934	0	0	0	0	0	0	-5.38392e+08	0.104077	0	0        0   8.33673e+06      0      23.8296    32.2982    0
38.0373	14110144	0	206.099	0.0579883	0.0628358	0.00959506	-0.0382331	0.00959008	0	0	0	0	0	0	-9.67836e+08	0.0769712	0	0        0   1.49851e+07      0      32.2982    43.7764    0
51.5551	25399603	0	204.64	0.0429218	0.052239	0.007102	-0.0245858	0.00709894	0	0	0	0	0	0	-1.74232e+09	0.0572943	0	0        0   2.69754e+07      0      43.7764    59.3338    0
69.8769	45832357	0	204.319	0.0319271	0.0468344	0.00527601	-0.0191107	0.00527909	0	0	0	0	0	0	-3.14389e+09	0.0430176	0	0        0   4.86983e+07      0      59.3338    80.42    0
94.7099	82518955	0	204.164	0.0237858	0.0417942	0.00393129	-0.0185851	0.00393194	0	0	0	0	0	0	-5.661e+09	0.0323724	0	0        0   8.76475e+07      0      80.42    109    0
