# 1bin_value	2data_points	3sqrt(data_points)	4W	5W_err	6e+	7e+_err	8eX 9eX_err	10e++ 	11e++_err		12eXX	13eXX_err		14e+X	15e+X_err 	16theta          17theta_err       17num_den	18num_err 19LS_err     20wt_num     21wt_num_err  22r_low   23r_high 24sig_crit
0.117769	688	inf	778.763	127.594	13.6025	7.64037	-3.63974	7.08113	0	0	0	0	0	0	-5305.03	774.038	0	inf        0   0      0      0.1    0.135538    0
0.159622	895	20.82	496.049	62.3388	10.5583	4.45756	0.176834	4.07379	0	0	0	0	0	0	-3149.38	366.739	0	20.82        0   0      0      0.135538    0.183706    0
0.216349	1311	14.4222	335.522	34.2269	9.8391	3.10073	-2.975	2.87613	0	0	0	0	0	0	-2102.42	180.9	0	14.4222        0   0      0      0.183706    0.248992    0
0.293236	1811	10.4749	226.428	21.0261	5.68664	1.95349	-0.347769	1.93413	0	0	0	0	0	0	-1347.88	108.985	0	10.4749        0   0      0      0.248992    0.33748    0
0.397447	3500	6.78384	245.378	15.079	5.51089	1.49447	-1.4137	1.44942	0	0	0	0	0	0	-1416.02	74.3951	0	6.78384        0   0      0      0.33748    0.457415    0
0.538693	7209	4.38929	323.787	12.8356	4.76143	1.23222	-1.40736	1.26817	0	0	0	0	0	0	-1988.02	63.3244	0	4.38929        0   0      0      0.457415    0.619972    0
0.730136	10350	3.34015	211.898	7.37748	1.86663	0.807732	0.439099	0.814925	0	0	0	0	0	0	-1230.41	32.5439	0	3.34015        0   0      0      0.619972    0.8403    0
0.989614	16272	2.45591	147.298	4.76261	0.581899	0.559454	0.0760847	0.559869	0	0	0	0	0	0	-843.551	19.2982	0	2.45591        0   0      0      0.8403    1.13893    0
1.34131	27110	1.81645	119.982	3.29353	1.10224	0.402323	0.5164	0.401597	0	0	0	0	0	0	-673.257	12.4508	0	1.81645        0   0      0      1.13893    1.54368    0
1.81798	45753	1.34829	93.0949	2.3037	0.822043	0.284998	0.16944	0.284051	0	0	0	0	0	0	-506.836	8.24215	0	1.34829        0   0      0      1.54368    2.09228    0
2.46406	78401	0.998362	76.1288	1.63458	0.842526	0.205496	-0.102186	0.20677	0	0	0	0	0	0	-389.318	5.53772	0	0.998362        0   0      0      2.09228    2.83584    0
3.33975	135909	0.738178	60.268	1.18215	0.720607	0.150249	0.118373	0.149795	0	0	0	0	0	0	-299.541	3.86723	0	0.738178        0   0      0      2.83584    3.84365    0
4.52664	235604	0.547594	47.7521	0.854781	0.557559	0.109265	0.089071	0.109416	0	0	0	0	0	0	-216.746	2.70518	0	0.547594        0   0      0      3.84365    5.20962    0
6.13533	412574	0.405734	38.1821	0.620636	0.35564	0.0796162	0.00523125	0.0795648	0	0	0	0	0	0	-156.703	1.91321	0	0.405734        0   0      0      5.20962    7.06103    0
8.31572	727243	0.300419	28.758	0.451092	0.300288	0.0581041	0.0713863	0.0580092	0	0	0	0	0	0	-97.9954	1.36416	0	0.300419        0   0      0      7.06103    9.5704    0
11.271	1285850	0.222841	20.7451	0.329248	0.168122	0.0423533	0.0355702	0.0423808	0	0	0	0	0	0	-46.0698	0.983706	0	0.222841        0   0      0      9.5704    12.9716    0
15.2765	2277123	0.165736	14.4953	0.241832	0.174288	0.0310912	-0.00229315	0.0310829	0	0	0	0	0	0	-5.70085	0.716054	0	0.165736        0   0      0      12.9716    17.5814    0
20.7055	4063750	0.123175	9.59645	0.17792	0.146265	0.0228568	0.0207577	0.0228622	0	0	0	0	0	0	23.0815	0.523696	0	0.123175        0   0      0      17.5814    23.8296    0
28.0639	7271847	0.0916097	5.87988	0.131278	0.137553	0.0168588	0.0349998	0.0168458	0	0	0	0	0	0	47.7845	0.385497	0	0.0916097        0   0      0      23.8296    32.2982    0
38.0373	13040281	0.068162	2.83268	0.0970383	0.0989229	0.0124346	0.0488536	0.0124447	0	0	0	0	0	0	67.6666	0.284708	0	0.068162        0   0      0      32.2982    43.7764    0
51.5551	23464915	0.0507155	1.22442	0.0719118	0.0570593	0.00921573	-0.00343846	0.00921749	0	0	0	0	0	0	77.9275	0.210838	0	0.0507155        0   0      0      43.7764    59.3338    0
69.8769	42287320	0.0377546	0.608458	0.0534586	0.0372033	0.00685008	0.00414407	0.0068523	0	0	0	0	0	0	81.2294	0.156756	0	0.0377546        0   0      0      59.3338    80.42    0
94.7099	76020760	0.0281471	0.22198	0.0398274	0.0201617	0.00510266	-0.0188058	0.00510257	0	0	0	0	0	0	83.6466	0.116983	0	0.0281471        0   0      0      80.42    109    0
