# 1bin_value	2data_points	3sqrt(data_points)	4W	5W_err	6e+	7e+_err	8eX 9eX_err	10e++ 	11e++_err		12eXX	13eXX_err		14e+X	15e+X_err 	16theta          17theta_err       17num_den	18num_err 19LS_err     20wt_num     21wt_num_err  22r_low   23r_high 24sig_crit
0.117769	610	0	797.408	37.8229	17.1678	6.06184	0.288822	5.36055	0	0	0	0	0	0	-42075.4	118.477	0	0        0   643.776      0      0.1    0.135538    0
0.159622	830	0	611.188	24.0387	3.8967	3.34889	0.442633	3.43128	0	0	0	0	0	0	-56952.9	65.4785	0	0        0   881.893      0      0.135538    0.183706    0
0.216349	1249	0	491.381	15.4776	3.07387	2.14923	-0.473319	2.34296	0	0	0	0	0	0	-85359.4	36.524	0	0        0   1328.45      0      0.183706    0.248992    0
0.293236	1925	0	413.339	10.2626	6.47998	1.59921	-2.9677	1.60008	0	0	0	0	0	0	-132097	23.2672	0	0        0   2020.55      0      0.248992    0.33748    0
0.397447	3605	0	426.727	7.74927	3.85093	1.22649	2.27293	1.20732	0	0	0	0	0	0	-246902	15.7102	0	0        0   3840.1      0      0.33748    0.457415    0
0.538693	7308	0	485.338	6.18784	3.03239	0.987351	1.41824	0.982936	0	0	0	0	0	0	-501931	12.0961	0	0        0   7856.59      0      0.457415    0.619972    0
0.730136	10797	0	397.359	4.16415	3.19449	0.667197	-0.32286	0.670441	0	0	0	0	0	0	-740013	6.98535	0	0        0   11699.8      0      0.619972    0.8403    0
0.989614	17203	0	344.436	2.80931	1.0247	0.454716	0.824816	0.457911	0	0	0	0	0	0	-1.17946e+06	4.33891	0	0        0   18474.9      0      0.8403    1.13893    0
1.34131	28663	0	312.464	1.96727	0.822496	0.325185	0.0926433	0.326457	0	0	0	0	0	0	-1.96603e+06	2.85824	0	0        0   30609.4      0      1.13893    1.54368    0
1.81798	48429	0	288.637	1.39261	0.804324	0.227282	0.0332246	0.228453	0	0	0	0	0	0	-3.3217e+06	1.97712	0	0        0   51551.9      0      1.54368    2.09228    0
2.46406	83922	0	273.706	1.00143	0.525166	0.165398	0.247804	0.164054	0	0	0	0	0	0	-5.7511e+06	1.36573	0	0        0   89371.7      0      2.09228    2.83584    0
3.33975	145650	0	259.782	0.71976	0.507987	0.11783	0.281636	0.118458	0	0	0	0	0	0	-9.98932e+06	0.960501	0	0        0   154827      0      2.83584    3.84365    0
4.52664	252462	0	247.69	0.521281	0.423974	0.0860592	-0.0694452	0.0858578	0	0	0	0	0	0	-1.73128e+07	0.680465	0	0        0   268724      0      3.84365    5.20962    0
6.13533	444016	0	238.75	0.378675	0.214818	0.0622789	-0.143633	0.0625676	0	0	0	0	0	0	-3.04579e+07	0.490307	0	0        0   472383      0      5.20962    7.06103    0
8.31572	783344	0	229.997	0.274509	0.314375	0.0451999	-0.0306476	0.0452957	0	0	0	0	0	0	-5.37354e+07	0.349516	0	0        0   832780      0      7.06103    9.5704    0
11.271	1390769	0	223.036	0.199608	0.241841	0.033101	0.000665242	0.0329656	0	0	0	0	0	0	-9.54035e+07	0.253447	0	0        0   1.47675e+06      0      9.5704    12.9716    0
15.2765	2460899	0	216.791	0.145798	0.194508	0.0241132	0.0302972	0.0241486	0	0	0	0	0	0	-1.68803e+08	0.183908	0	0        0   2.61375e+06      0      12.9716    17.5814    0
20.7055	4403870	0	212.683	0.106897	0.136263	0.0177032	0.0111185	0.0176874	0	0	0	0	0	0	-3.02083e+08	0.135302	0	0        0   4.67608e+06      0      17.5814    23.8296    0
28.0639	7879701	0	209.138	0.0785896	0.08954	0.0129968	0.000236233	0.0129941	0	0	0	0	0	0	-5.40469e+08	0.0998587	0	0        0   8.36683e+06      0      23.8296    32.2982    0
38.0373	14160634	0	206.808	0.0579996	0.0688932	0.00959663	-0.0348898	0.00959165	0	0	0	0	0	0	-9.7126e+08	0.0741194	0	0        0   1.50341e+07      0      32.2982    43.7764    0
51.5551	25482696	0	205.303	0.0429355	0.048819	0.00710407	-0.0187797	0.007101	0	0	0	0	0	0	-1.74796e+09	0.0553914	0	0        0   2.70548e+07      0      43.7764    59.3338    0
69.8769	45958802	0	204.925	0.0319442	0.0410002	0.00527871	-0.0164724	0.00528178	0	0	0	0	0	0	-3.15258e+09	0.0418212	0	0        0   4.88176e+07      0      59.3338    80.42    0
94.7099	82694415	0	204.717	0.0238082	0.034364	0.00393489	-0.0159562	0.00393554	0	0	0	0	0	0	-5.67311e+09	0.0317078	0	0        0   8.78041e+07      0      80.42    109    0
