# 1bin_value	2data_points	3sqrt(data_points)	4W	5W_err	6e+	7e+_err	8eX 9eX_err	10e++ 	11e++_err		12eXX	13eXX_err		14e+X	15e+X_err 	16theta          17theta_err       17num_den	18num_err 19LS_err     20wt_num     21wt_num_err  22r_low   23r_high 24sig_crit
0.117769	298	0	237.514	18.4502	0	0	0	0	0	0	0	0	0	0	-1570.31	32517.2	0	0        0   307.525      0      0.1    0.135538    0
0.159622	489	0	194.497	11.1395	0	0	0	0	0	0	0	0	0	0	-1270.43	54554.8	0	0        0   516.225      0      0.135538    0.183706    0
0.216349	897	0	207.79	8.89832	0	0	0	0	0	0	0	0	0	0	-1337.03	97532	0	0        0   954.709      0      0.183706    0.248992    0
0.293236	1607	0	191.658	6.01761	0	0	0	0	0	0	0	0	0	0	-1234.41	175213	0	0        0   1708.85      0      0.248992    0.33748    0
0.397447	2970	0	193.097	4.46656	0	0	0	0	0	0	0	0	0	0	-1243.71	320169	0	0        0   3156.58      0      0.33748    0.457415    0
0.538693	5505	0	208.058	3.5897	0	0	0	0	0	0	0	0	0	0	-1330.4	600158	0	0        0   5923.05      0      0.457415    0.619972    0
0.730136	9910	0	199.021	2.53452	0	0	0	0	0	0	0	0	0	0	-1278.12	1.07572e+06	0	0        0   10592.1      0      0.619972    0.8403    0
0.989614	18219	0	198.88	1.87461	0	0	0	0	0	0	0	0	0	0	-1273.76	1.96993e+06	0	0        0   19498      0      0.8403    1.13893    0
1.34131	33355	0	199.585	1.38422	0	0	0	0	0	0	0	0	0	0	-1280.42	3.61356e+06	0	0        0   35660.6      0      1.13893    1.54368    0
1.81798	61025	0	199.32	1.02182	0	0	0	0	0	0	0	0	0	0	-1279.01	6.62063e+06	0	0        0   65268      0      1.54368    2.09228    0
2.46406	111137	0	198.42	0.754668	0	0	0	0	0	0	0	0	0	0	-1269.76	1.20392e+07	0	0        0   119116      0      2.09228    2.83584    0
3.33975	203685	0	199.707	0.561136	0	0	0	0	0	0	0	0	0	0	-1280.31	2.20545e+07	0	0        0   217925      0      2.83584    3.84365    0
4.52664	372546	0	199.791	0.414836	0	0	0	0	0	0	0	0	0	0	-1280.8	4.03325e+07	0	0        0   398533      0      3.84365    5.20962    0
6.13533	680747	0	199.691	0.306636	0	0	0	0	0	0	0	0	0	0	-1280.84	7.37157e+07	0	0        0   727817      0      5.20962    7.06103    0
8.31572	1248933	0	199.673	0.226526	0	0	0	0	0	0	0	0	0	0	-1280.93	1.35379e+08	0	0        0   1.33535e+06      0      7.06103    9.5704    0
11.271	2286945	0	199.564	0.167261	0	0	0	0	0	0	0	0	0	0	-1280.1	2.47784e+08	0	0        0   2.44511e+06      0      9.5704    12.9716    0
15.2765	4169934	0	199.617	0.12393	0	0	0	0	0	0	0	0	0	0	-1280.57	4.52091e+08	0	0        0   4.45828e+06      0      12.9716    17.5814    0
20.7055	7626317	0	200.018	0.091882	0	0	0	0	0	0	0	0	0	0	-1283.33	8.27101e+08	0	0        0   8.15221e+06      0      17.5814    23.8296    0
28.0639	13876356	0	199.928	0.0680868	0	0	0	0	0	0	0	0	0	0	-1282.89	1.5055e+09	0	0        0   1.48312e+07      0      23.8296    32.2982    0
38.0373	25223129	0	199.828	0.0504926	0	0	0	0	0	0	0	0	0	0	-1282.87	2.73885e+09	0	0        0   2.6947e+07      0      32.2982    43.7764    0
51.5551	45749182	0	199.806	0.0375078	0	0	0	0	0	0	0	0	0	0	-1282.86	4.97183e+09	0	0        0   4.88692e+07      0      43.7764    59.3338    0
69.8769	82779627	0	199.974	0.0279294	0	0	0	0	0	0	0	0	0	0	-1284.33	9.00871e+09	0	0        0   8.84057e+07      0      59.3338    80.42    0
94.7099	148988597	0	199.869	0.0208241	0	0	0	0	0	0	0	0	0	0	-1284.31	1.62422e+10	0	0        0   1.59032e+08      0      80.42    109    0
